37,16,615,161,18,30,0,-1,-1,-1,-1
38,16,615,157,21,35,0,-1,-1,-1,-1
39,16,617,155,24,40,0,-1,-1,-1,-1
40,16,617,154,26,42,0,-1,-1,-1,-1
41,16,619,152,26,42,0,-1,-1,-1,-1
42,16,621,150,26,43,0,-1,-1,-1,-1
43,16,621,150,27,43,0,-1,-1,-1,-1
44,16,623,149,27,44,0,-1,-1,-1,-1
45,16,625,149,27,44,0,-1,-1,-1,-1
46,16,626,149,27,45,0,-1,-1,-1,-1
47,16,627,149,28,45,0,-1,-1,-1,-1
48,16,628,149,29,44,0,-1,-1,-1,-1
49,16,629,150,29,43,0,-1,-1,-1,-1
50,16,629,150,30,43,0,-1,-1,-1,-1
51,16,631,149,30,44,0,-1,-1,-1,-1
52,16,631,149,30,44,0,-1,-1,-1,-1
53,16,632,149,30,43,0,-1,-1,-1,-1
54,16,633,148,31,44,0,-1,-1,-1,-1
55,16,634,148,30,44,0,-1,-1,-1,-1
56,16,634,148,32,43,0,-1,-1,-1,-1
57,16,635,147,32,44,0,-1,-1,-1,-1
58,16,635,147,33,44,0,-1,-1,-1,-1
59,16,636,147,33,45,0,-1,-1,-1,-1
60,16,638,148,32,43,0,-1,-1,-1,-1
61,16,639,148,31,43,0,-1,-1,-1,-1
62,16,640,148,32,43,0,-1,-1,-1,-1
63,16,641,148,32,42,0,-1,-1,-1,-1
64,16,641,148,32,42,0,-1,-1,-1,-1
65,16,642,148,32,43,0,-1,-1,-1,-1
66,16,644,148,31,41,0,-1,-1,-1,-1
67,16,644,148,31,40,0,-1,-1,-1,-1
68,16,645,148,31,40,0,-1,-1,-1,-1
69,16,646,148,32,41,0,-1,-1,-1,-1
70,16,646,148,32,41,0,-1,-1,-1,-1
71,16,646,148,32,41,0,-1,-1,-1,-1
72,16,646,148,33,41,0,-1,-1,-1,-1
73,16,647,148,32,41,0,-1,-1,-1,-1
74,16,647,147,33,42,0,-1,-1,-1,-1
75,16,647,147,33,42,0,-1,-1,-1,-1
76,16,647,147,33,42,0,-1,-1,-1,-1
77,16,647,147,33,42,0,-1,-1,-1,-1
78,16,646,147,34,42,0,-1,-1,-1,-1
79,16,646,147,33,42,0,-1,-1,-1,-1
80,16,645,147,33,42,0,-1,-1,-1,-1
81,16,643,148,33,42,0,-1,-1,-1,-1
82,16,642,148,33,43,0,-1,-1,-1,-1
83,16,640,149,33,42,0,-1,-1,-1,-1
84,16,637,150,33,42,0,-1,-1,-1,-1
85,16,637,150,31,42,0,-1,-1,-1,-1
86,16,635,151,30,41,0,-1,-1,-1,-1
87,16,632,152,30,40,0,-1,-1,-1,-1
88,16,631,152,30,40,0,-1,-1,-1,-1
89,16,628,152,31,40,0,-1,-1,-1,-1
90,16,626,152,30,40,0,-1,-1,-1,-1
91,16,625,152,30,40,0,-1,-1,-1,-1
92,16,623,152,30,40,0,-1,-1,-1,-1
93,16,621,153,30,40,0,-1,-1,-1,-1
94,16,621,153,29,40,0,-1,-1,-1,-1
95,16,618,153,29,40,0,-1,-1,-1,-1
96,16,616,154,29,40,0,-1,-1,-1,-1
97,16,615,154,29,40,0,-1,-1,-1,-1
98,16,613,155,30,40,0,-1,-1,-1,-1
99,16,612,155,30,40,0,-1,-1,-1,-1
100,16,612,156,29,39,0,-1,-1,-1,-1
101,16,612,156,29,40,0,-1,-1,-1,-1
102,16,612,155,30,41,0,-1,-1,-1,-1
103,16,613,155,30,41,0,-1,-1,-1,-1
104,16,615,154,30,41,0,-1,-1,-1,-1
105,16,617,153,30,40,0,-1,-1,-1,-1
106,16,618,152,30,40,0,-1,-1,-1,-1
107,16,620,150,31,41,0,-1,-1,-1,-1
108,16,622,148,32,42,0,-1,-1,-1,-1
109,16,623,148,32,42,0,-1,-1,-1,-1
110,16,624,147,33,42,0,-1,-1,-1,-1
111,16,625,145,33,43,0,-1,-1,-1,-1
112,16,626,145,33,43,0,-1,-1,-1,-1
113,16,626,145,33,42,0,-1,-1,-1,-1
114,16,626,145,34,42,0,-1,-1,-1,-1
115,16,627,145,33,42,0,-1,-1,-1,-1
116,16,627,146,33,41,0,-1,-1,-1,-1
117,16,627,146,33,41,0,-1,-1,-1,-1
118,16,627,147,33,41,0,-1,-1,-1,-1
119,16,627,148,33,41,0,-1,-1,-1,-1
120,16,627,148,33,42,0,-1,-1,-1,-1
121,16,627,149,33,42,0,-1,-1,-1,-1
122,16,627,150,33,41,0,-1,-1,-1,-1
123,16,626,150,33,41,0,-1,-1,-1,-1
124,16,626,150,33,41,0,-1,-1,-1,-1
125,16,625,149,34,42,0,-1,-1,-1,-1
126,16,625,149,34,42,0,-1,-1,-1,-1
127,16,625,148,34,43,0,-1,-1,-1,-1
128,16,625,148,34,42,0,-1,-1,-1,-1
129,16,625,147,34,42,0,-1,-1,-1,-1
130,16,625,147,34,42,0,-1,-1,-1,-1
131,16,626,146,34,43,0,-1,-1,-1,-1
132,16,626,146,34,43,0,-1,-1,-1,-1
133,16,626,146,34,42,0,-1,-1,-1,-1
134,16,627,146,33,42,0,-1,-1,-1,-1
135,16,627,146,34,42,0,-1,-1,-1,-1
136,16,627,147,34,41,0,-1,-1,-1,-1
137,16,627,147,34,41,0,-1,-1,-1,-1
138,16,628,147,33,41,0,-1,-1,-1,-1
139,16,628,147,33,41,0,-1,-1,-1,-1
140,16,628,147,33,41,0,-1,-1,-1,-1
141,16,629,148,32,41,0,-1,-1,-1,-1
142,16,629,148,33,41,0,-1,-1,-1,-1
143,16,629,148,33,41,0,-1,-1,-1,-1
144,16,629,148,33,41,0,-1,-1,-1,-1
145,16,629,148,33,41,0,-1,-1,-1,-1
146,16,629,148,33,41,0,-1,-1,-1,-1
147,16,628,148,33,41,0,-1,-1,-1,-1
148,16,628,148,33,41,0,-1,-1,-1,-1
148,54,554,158,28,40,0,-1,-1,-1,-1
149,16,628,148,33,41,0,-1,-1,-1,-1
149,54,555,157,27,40,0,-1,-1,-1,-1
150,16,627,148,34,41,0,-1,-1,-1,-1
150,54,556,158,26,40,0,-1,-1,-1,-1
151,16,627,147,34,42,0,-1,-1,-1,-1
151,54,556,159,26,39,0,-1,-1,-1,-1
152,16,627,147,34,42,0,-1,-1,-1,-1
152,54,558,158,25,38,0,-1,-1,-1,-1
153,16,627,148,33,41,0,-1,-1,-1,-1
153,54,560,158,23,35,0,-1,-1,-1,-1
154,16,627,148,33,41,0,-1,-1,-1,-1
154,54,560,158,24,35,0,-1,-1,-1,-1
155,16,627,148,32,41,0,-1,-1,-1,-1
155,54,560,157,24,36,0,-1,-1,-1,-1
156,16,626,148,33,41,0,-1,-1,-1,-1
156,54,559,157,25,37,0,-1,-1,-1,-1
157,16,626,148,33,41,0,-1,-1,-1,-1
157,54,558,157,26,38,0,-1,-1,-1,-1
158,16,626,148,33,41,0,-1,-1,-1,-1
158,54,557,157,27,39,0,-1,-1,-1,-1
159,16,625,148,34,41,0,-1,-1,-1,-1
159,54,558,157,26,40,0,-1,-1,-1,-1
160,16,625,148,34,41,0,-1,-1,-1,-1
160,54,558,157,26,40,0,-1,-1,-1,-1
161,16,625,148,34,42,0,-1,-1,-1,-1
161,54,556,154,30,43,0,-1,-1,-1,-1
162,16,625,148,33,42,0,-1,-1,-1,-1
162,54,557,151,31,46,0,-1,-1,-1,-1
163,16,625,148,33,42,0,-1,-1,-1,-1
163,54,557,150,32,47,0,-1,-1,-1,-1
164,16,625,149,33,41,0,-1,-1,-1,-1
164,54,557,149,33,49,0,-1,-1,-1,-1
165,16,625,149,33,42,0,-1,-1,-1,-1
165,54,556,148,34,51,0,-1,-1,-1,-1
166,16,625,149,33,42,0,-1,-1,-1,-1
166,54,556,147,34,52,0,-1,-1,-1,-1
167,16,625,150,33,41,0,-1,-1,-1,-1
167,54,554,147,35,52,0,-1,-1,-1,-1
168,16,625,149,33,42,0,-1,-1,-1,-1
168,54,553,147,34,53,0,-1,-1,-1,-1
169,16,625,149,34,42,0,-1,-1,-1,-1
169,54,552,148,35,52,0,-1,-1,-1,-1
170,16,625,149,33,40,0,-1,-1,-1,-1
170,54,551,148,35,52,0,-1,-1,-1,-1
171,16,625,149,33,41,0,-1,-1,-1,-1
171,54,551,148,35,52,0,-1,-1,-1,-1
172,16,625,148,34,42,0,-1,-1,-1,-1
172,54,551,148,35,52,0,-1,-1,-1,-1
173,16,625,148,34,42,0,-1,-1,-1,-1
173,54,551,148,35,52,0,-1,-1,-1,-1
174,16,625,148,34,42,0,-1,-1,-1,-1
174,54,551,149,35,51,0,-1,-1,-1,-1
175,16,625,148,34,41,0,-1,-1,-1,-1
175,54,551,149,35,51,0,-1,-1,-1,-1
176,16,625,147,34,42,0,-1,-1,-1,-1
176,54,551,149,35,51,0,-1,-1,-1,-1
177,16,625,147,34,42,0,-1,-1,-1,-1
177,54,551,149,35,51,0,-1,-1,-1,-1
178,16,625,147,34,42,0,-1,-1,-1,-1
178,54,551,149,35,51,0,-1,-1,-1,-1
179,16,626,147,33,42,0,-1,-1,-1,-1
179,54,551,149,35,51,0,-1,-1,-1,-1
180,16,626,147,33,42,0,-1,-1,-1,-1
180,54,551,148,35,52,0,-1,-1,-1,-1
181,16,626,147,33,42,0,-1,-1,-1,-1
181,54,551,148,35,51,0,-1,-1,-1,-1
182,16,626,147,33,42,0,-1,-1,-1,-1
182,54,551,148,35,51,0,-1,-1,-1,-1
183,16,626,147,33,42,0,-1,-1,-1,-1
183,54,550,148,36,51,0,-1,-1,-1,-1
184,16,626,147,33,42,0,-1,-1,-1,-1
184,54,550,148,36,51,0,-1,-1,-1,-1
185,16,625,148,33,41,0,-1,-1,-1,-1
185,54,550,148,36,51,0,-1,-1,-1,-1
186,16,625,148,33,42,0,-1,-1,-1,-1
186,54,550,148,36,51,0,-1,-1,-1,-1
187,16,625,149,33,41,0,-1,-1,-1,-1
187,54,550,148,36,51,0,-1,-1,-1,-1
188,16,625,149,33,42,0,-1,-1,-1,-1
188,54,550,148,36,51,0,-1,-1,-1,-1
189,16,625,149,33,42,0,-1,-1,-1,-1
189,54,549,148,36,51,0,-1,-1,-1,-1
190,16,625,149,33,42,0,-1,-1,-1,-1
190,54,548,148,37,51,0,-1,-1,-1,-1
191,16,625,149,33,42,0,-1,-1,-1,-1
191,54,548,148,36,51,0,-1,-1,-1,-1
192,16,626,149,33,42,0,-1,-1,-1,-1
192,54,548,148,36,51,0,-1,-1,-1,-1
193,16,626,149,33,42,0,-1,-1,-1,-1
193,54,548,149,36,50,0,-1,-1,-1,-1
194,16,627,149,33,42,0,-1,-1,-1,-1
194,54,547,149,37,50,0,-1,-1,-1,-1
195,16,628,149,34,42,0,-1,-1,-1,-1
195,54,547,149,37,50,0,-1,-1,-1,-1
196,16,629,149,33,42,0,-1,-1,-1,-1
196,54,547,149,37,50,0,-1,-1,-1,-1
197,16,630,149,33,41,0,-1,-1,-1,-1
197,54,546,148,37,51,0,-1,-1,-1,-1
198,16,631,149,33,41,0,-1,-1,-1,-1
198,54,545,148,38,52,0,-1,-1,-1,-1
199,16,632,149,33,41,0,-1,-1,-1,-1
199,54,544,148,39,52,0,-1,-1,-1,-1
200,16,632,149,34,41,0,-1,-1,-1,-1
200,54,544,148,38,52,0,-1,-1,-1,-1
201,16,633,149,34,41,0,-1,-1,-1,-1
201,54,544,148,38,52,0,-1,-1,-1,-1
202,16,633,148,34,42,0,-1,-1,-1,-1
202,54,543,148,39,52,0,-1,-1,-1,-1
203,16,634,148,34,42,0,-1,-1,-1,-1
203,54,543,148,39,52,0,-1,-1,-1,-1
204,16,634,148,35,42,0,-1,-1,-1,-1
204,54,543,148,39,52,0,-1,-1,-1,-1
205,16,634,148,35,42,0,-1,-1,-1,-1
205,54,543,148,39,52,0,-1,-1,-1,-1
206,16,635,148,35,42,0,-1,-1,-1,-1
206,54,543,147,39,53,0,-1,-1,-1,-1
207,16,636,149,35,41,0,-1,-1,-1,-1
207,54,543,147,39,53,0,-1,-1,-1,-1
208,16,636,149,35,42,0,-1,-1,-1,-1
208,54,543,148,39,52,0,-1,-1,-1,-1
209,16,637,149,35,42,0,-1,-1,-1,-1
209,54,543,148,39,52,0,-1,-1,-1,-1
210,16,638,149,35,42,0,-1,-1,-1,-1
210,54,544,147,39,53,0,-1,-1,-1,-1
211,16,639,149,34,42,0,-1,-1,-1,-1
211,54,544,147,39,53,0,-1,-1,-1,-1
212,16,639,149,35,42,0,-1,-1,-1,-1
212,54,547,147,38,52,0,-1,-1,-1,-1
213,16,639,148,36,43,0,-1,-1,-1,-1
213,54,550,147,38,52,0,-1,-1,-1,-1
214,16,639,148,36,43,0,-1,-1,-1,-1
214,54,551,147,38,52,0,-1,-1,-1,-1
215,16,639,147,36,44,0,-1,-1,-1,-1
215,54,553,148,36,51,0,-1,-1,-1,-1
216,16,639,146,36,44,0,-1,-1,-1,-1
216,54,554,150,35,49,0,-1,-1,-1,-1
217,16,639,146,36,44,0,-1,-1,-1,-1
217,54,555,151,34,48,0,-1,-1,-1,-1
218,16,639,145,36,44,0,-1,-1,-1,-1
218,54,555,152,33,47,0,-1,-1,-1,-1
219,16,640,144,35,44,0,-1,-1,-1,-1
219,54,555,152,32,46,0,-1,-1,-1,-1
220,16,640,144,35,44,0,-1,-1,-1,-1
220,54,555,152,32,46,0,-1,-1,-1,-1
221,16,640,143,35,44,0,-1,-1,-1,-1
221,54,555,152,31,45,0,-1,-1,-1,-1
222,16,639,143,36,44,0,-1,-1,-1,-1
222,54,554,151,31,45,0,-1,-1,-1,-1
223,16,639,142,35,44,0,-1,-1,-1,-1
223,54,554,151,30,45,0,-1,-1,-1,-1
224,16,639,142,35,44,0,-1,-1,-1,-1
224,54,554,151,29,45,0,-1,-1,-1,-1
225,16,638,141,36,45,0,-1,-1,-1,-1
225,54,552,151,30,45,0,-1,-1,-1,-1
226,16,638,141,36,45,0,-1,-1,-1,-1
226,54,551,151,30,46,0,-1,-1,-1,-1
227,16,637,141,36,46,0,-1,-1,-1,-1
227,54,551,154,29,43,0,-1,-1,-1,-1
228,16,637,141,35,46,0,-1,-1,-1,-1
228,54,551,155,28,43,0,-1,-1,-1,-1
229,16,637,141,35,46,0,-1,-1,-1,-1
229,54,551,155,28,43,0,-1,-1,-1,-1
230,16,636,141,35,46,0,-1,-1,-1,-1
230,54,551,156,28,43,0,-1,-1,-1,-1
231,16,636,141,34,45,0,-1,-1,-1,-1
231,54,549,154,29,45,0,-1,-1,-1,-1
232,16,636,141,34,45,0,-1,-1,-1,-1
232,54,549,153,29,46,0,-1,-1,-1,-1
233,16,635,140,35,46,0,-1,-1,-1,-1
233,54,549,152,30,47,0,-1,-1,-1,-1
234,16,635,140,34,46,0,-1,-1,-1,-1
234,54,548,151,31,48,0,-1,-1,-1,-1
235,16,635,140,34,46,0,-1,-1,-1,-1
235,54,548,151,31,48,0,-1,-1,-1,-1
236,16,635,141,34,45,0,-1,-1,-1,-1
236,54,548,150,32,50,0,-1,-1,-1,-1
237,16,635,141,33,45,0,-1,-1,-1,-1
237,54,548,150,32,51,0,-1,-1,-1,-1
238,16,635,141,33,45,0,-1,-1,-1,-1
238,54,548,150,33,52,0,-1,-1,-1,-1
239,16,635,141,33,45,0,-1,-1,-1,-1
239,54,549,151,32,51,0,-1,-1,-1,-1
240,16,636,142,32,44,0,-1,-1,-1,-1
240,54,549,151,33,51,0,-1,-1,-1,-1
241,16,636,142,32,45,0,-1,-1,-1,-1
241,54,549,151,33,51,0,-1,-1,-1,-1
242,16,636,143,31,44,0,-1,-1,-1,-1
242,54,550,151,32,51,0,-1,-1,-1,-1
243,16,636,143,31,44,0,-1,-1,-1,-1
243,54,550,152,33,51,0,-1,-1,-1,-1
244,16,636,143,31,44,0,-1,-1,-1,-1
244,54,550,152,33,51,0,-1,-1,-1,-1
245,16,636,143,31,44,0,-1,-1,-1,-1
245,54,550,153,34,52,0,-1,-1,-1,-1
246,16,636,143,31,44,0,-1,-1,-1,-1
246,54,552,154,33,51,0,-1,-1,-1,-1
247,16,636,143,31,44,0,-1,-1,-1,-1
247,54,552,154,33,52,0,-1,-1,-1,-1
248,16,636,143,31,44,0,-1,-1,-1,-1
248,54,552,155,34,52,0,-1,-1,-1,-1
249,16,636,143,31,44,0,-1,-1,-1,-1
249,54,553,155,34,52,0,-1,-1,-1,-1
250,16,636,143,31,44,0,-1,-1,-1,-1
250,54,553,155,34,52,0,-1,-1,-1,-1
251,16,636,142,32,44,0,-1,-1,-1,-1
251,54,553,155,35,52,0,-1,-1,-1,-1
252,16,636,141,32,45,0,-1,-1,-1,-1
252,54,554,155,35,53,0,-1,-1,-1,-1
253,16,637,141,31,44,0,-1,-1,-1,-1
253,54,554,156,36,52,0,-1,-1,-1,-1
254,16,637,140,31,44,0,-1,-1,-1,-1
254,54,555,157,36,51,0,-1,-1,-1,-1
255,16,638,139,30,43,0,-1,-1,-1,-1
255,54,555,158,37,53,0,-1,-1,-1,-1
256,16,638,139,30,43,0,-1,-1,-1,-1
256,54,555,159,38,52,0,-1,-1,-1,-1
257,16,637,139,30,43,0,-1,-1,-1,-1
257,54,556,160,37,52,0,-1,-1,-1,-1
258,16,636,138,29,43,0,-1,-1,-1,-1
258,54,556,160,40,55,0,-1,-1,-1,-1
259,16,636,138,29,43,0,-1,-1,-1,-1
259,54,556,160,40,56,0,-1,-1,-1,-1
260,16,635,138,29,42,0,-1,-1,-1,-1
260,54,557,160,40,56,0,-1,-1,-1,-1
261,16,634,138,29,42,0,-1,-1,-1,-1
261,54,558,160,40,55,0,-1,-1,-1,-1
262,16,634,137,28,43,0,-1,-1,-1,-1
262,54,558,160,41,55,0,-1,-1,-1,-1
263,16,634,137,28,42,0,-1,-1,-1,-1
263,54,559,160,41,55,0,-1,-1,-1,-1
264,16,633,137,29,42,0,-1,-1,-1,-1
264,54,560,160,41,55,0,-1,-1,-1,-1
265,16,633,137,29,42,0,-1,-1,-1,-1
265,54,560,159,42,56,0,-1,-1,-1,-1
266,16,633,137,28,42,0,-1,-1,-1,-1
266,54,562,159,42,56,0,-1,-1,-1,-1
267,16,633,137,28,42,0,-1,-1,-1,-1
267,54,563,159,43,56,0,-1,-1,-1,-1
268,16,633,137,28,42,0,-1,-1,-1,-1
268,54,564,159,43,57,0,-1,-1,-1,-1
269,16,633,137,28,42,0,-1,-1,-1,-1
269,54,566,159,44,57,0,-1,-1,-1,-1
270,16,633,136,28,42,0,-1,-1,-1,-1
270,54,569,159,45,59,0,-1,-1,-1,-1
271,16,633,136,28,42,0,-1,-1,-1,-1
271,54,570,159,46,60,0,-1,-1,-1,-1
272,16,633,137,28,41,0,-1,-1,-1,-1
272,54,574,160,46,60,0,-1,-1,-1,-1
273,16,633,137,28,42,0,-1,-1,-1,-1
273,54,579,162,47,60,0,-1,-1,-1,-1
274,16,633,137,28,42,0,-1,-1,-1,-1
274,54,581,163,47,60,0,-1,-1,-1,-1
274,71,678,166,33,48,0,-1,-1,-1,-1
275,16,633,138,27,41,0,-1,-1,-1,-1
275,54,586,165,48,60,0,-1,-1,-1,-1
275,71,677,165,34,49,0,-1,-1,-1,-1
276,16,632,138,27,41,0,-1,-1,-1,-1
276,54,592,165,49,61,0,-1,-1,-1,-1
276,71,675,163,35,50,0,-1,-1,-1,-1
277,16,632,138,27,41,0,-1,-1,-1,-1
277,54,595,165,48,62,0,-1,-1,-1,-1
277,71,675,162,34,51,0,-1,-1,-1,-1
278,16,632,139,27,40,0,-1,-1,-1,-1
278,54,600,164,49,62,0,-1,-1,-1,-1
278,71,673,162,35,51,0,-1,-1,-1,-1
279,54,607,162,50,63,0,-1,-1,-1,-1
279,71,672,161,35,51,0,-1,-1,-1,-1
280,54,610,162,49,62,0,-1,-1,-1,-1
280,71,672,161,35,51,0,-1,-1,-1,-1
281,54,614,160,50,64,0,-1,-1,-1,-1
281,71,672,160,34,51,0,-1,-1,-1,-1
282,54,620,159,51,65,0,-1,-1,-1,-1
282,71,671,159,35,51,0,-1,-1,-1,-1
283,54,622,158,51,65,0,-1,-1,-1,-1
283,71,671,159,35,51,0,-1,-1,-1,-1
284,54,626,157,51,67,0,-1,-1,-1,-1
284,71,670,158,35,51,0,-1,-1,-1,-1
285,54,630,158,52,66,0,-1,-1,-1,-1
285,71,670,158,34,50,0,-1,-1,-1,-1
286,54,632,159,51,65,0,-1,-1,-1,-1
286,71,670,158,34,49,0,-1,-1,-1,-1
287,54,636,159,51,65,0,-1,-1,-1,-1
287,71,669,157,34,50,0,-1,-1,-1,-1
288,54,642,160,52,65,0,-1,-1,-1,-1
289,54,644,161,52,65,0,-1,-1,-1,-1
290,54,647,160,54,67,0,-1,-1,-1,-1
291,54,651,162,54,69,0,-1,-1,-1,-1
292,54,652,162,54,70,0,-1,-1,-1,-1
293,54,655,165,55,69,0,-1,-1,-1,-1
294,54,659,169,54,69,0,-1,-1,-1,-1
295,54,660,170,54,70,0,-1,-1,-1,-1
296,54,662,173,55,69,0,-1,-1,-1,-1
297,54,665,174,55,70,0,-1,-1,-1,-1
298,54,666,175,55,70,0,-1,-1,-1,-1
299,54,668,175,56,71,0,-1,-1,-1,-1
300,54,671,175,56,72,0,-1,-1,-1,-1
301,54,672,175,57,72,0,-1,-1,-1,-1
302,54,675,176,56,72,0,-1,-1,-1,-1
303,54,679,177,57,72,0,-1,-1,-1,-1
304,54,680,177,57,73,0,-1,-1,-1,-1
305,54,682,177,59,74,0,-1,-1,-1,-1
306,54,685,177,60,76,0,-1,-1,-1,-1
307,54,687,177,60,77,0,-1,-1,-1,-1
308,54,690,180,61,77,0,-1,-1,-1,-1
309,54,693,182,64,81,0,-1,-1,-1,-1
310,54,694,182,65,83,0,-1,-1,-1,-1
311,54,698,185,65,84,0,-1,-1,-1,-1
312,54,704,191,66,84,0,-1,-1,-1,-1
313,54,706,192,66,85,0,-1,-1,-1,-1
314,54,711,194,66,85,0,-1,-1,-1,-1
315,54,717,195,66,84,0,-1,-1,-1,-1
316,54,719,195,66,85,0,-1,-1,-1,-1
317,54,723,195,67,85,0,-1,-1,-1,-1
318,54,728,195,67,85,0,-1,-1,-1,-1
319,54,729,195,68,85,0,-1,-1,-1,-1
320,54,731,195,69,86,0,-1,-1,-1,-1
321,54,734,194,69,87,0,-1,-1,-1,-1
322,54,735,194,69,87,0,-1,-1,-1,-1
323,54,736,195,71,88,0,-1,-1,-1,-1
324,54,738,195,72,90,0,-1,-1,-1,-1
325,54,738,195,73,91,0,-1,-1,-1,-1
326,54,739,199,75,93,0,-1,-1,-1,-1
327,54,741,203,76,95,0,-1,-1,-1,-1
328,54,742,205,75,95,0,-1,-1,-1,-1
329,54,742,209,78,98,0,-1,-1,-1,-1
330,54,742,214,80,101,0,-1,-1,-1,-1
331,54,742,215,81,103,0,-1,-1,-1,-1
332,54,742,217,83,105,0,-1,-1,-1,-1
333,54,743,219,83,105,0,-1,-1,-1,-1
334,54,743,219,83,106,0,-1,-1,-1,-1
335,54,744,221,84,107,0,-1,-1,-1,-1
336,54,746,222,85,108,0,-1,-1,-1,-1
337,54,746,223,86,108,0,-1,-1,-1,-1
338,54,748,222,87,111,0,-1,-1,-1,-1
339,54,750,222,89,113,0,-1,-1,-1,-1
340,54,751,222,89,113,0,-1,-1,-1,-1
341,54,753,223,91,116,0,-1,-1,-1,-1
342,54,755,224,94,119,0,-1,-1,-1,-1
343,54,756,224,95,121,0,-1,-1,-1,-1
344,54,758,228,97,124,0,-1,-1,-1,-1
345,54,763,235,98,126,0,-1,-1,-1,-1
346,54,765,237,98,127,0,-1,-1,-1,-1
347,54,769,242,100,129,0,-1,-1,-1,-1
348,54,776,249,102,130,0,-1,-1,-1,-1
349,54,779,251,102,131,0,-1,-1,-1,-1
350,54,785,254,104,132,0,-1,-1,-1,-1
351,54,792,258,105,133,0,-1,-1,-1,-1
352,54,795,259,105,134,0,-1,-1,-1,-1
353,54,801,263,106,135,0,-1,-1,-1,-1
354,54,807,266,109,138,0,-1,-1,-1,-1
355,54,809,267,111,139,0,-1,-1,-1,-1
356,54,814,269,113,142,0,-1,-1,-1,-1
357,54,819,272,116,144,0,-1,-1,-1,-1
358,54,821,273,118,146,0,-1,-1,-1,-1
359,54,826,275,120,148,0,-1,-1,-1,-1
360,54,830,280,123,152,0,-1,-1,-1,-1
361,54,831,281,125,154,0,-1,-1,-1,-1
362,54,835,287,127,156,0,-1,-1,-1,-1
363,54,839,294,130,161,0,-1,-1,-1,-1
364,54,840,296,132,164,0,-1,-1,-1,-1
365,54,844,301,133,167,0,-1,-1,-1,-1
366,54,848,307,134,168,0,-1,-1,-1,-1
367,54,849,309,134,169,0,-1,-1,-1,-1
368,54,851,312,136,170,0,-1,-1,-1,-1
369,54,855,314,137,173,0,-1,-1,-1,-1
370,54,856,315,138,174,0,-1,-1,-1,-1
371,54,860,316,140,178,0,-1,-1,-1,-1
372,54,865,320,144,182,0,-1,-1,-1,-1
373,54,868,321,144,184,0,-1,-1,-1,-1
374,54,875,323,149,190,0,-1,-1,-1,-1
375,54,887,327,152,193,0,-1,-1,-1,-1
376,54,891,329,153,194,0,-1,-1,-1,-1
377,54,901,330,155,199,0,-1,-1,-1,-1
378,54,914,338,160,205,0,-1,-1,-1,-1
379,54,920,341,160,207,0,-1,-1,-1,-1
380,54,939,350,162,212,0,-1,-1,-1,-1
381,54,967,369,164,212,0,-1,-1,-1,-1
382,54,978,375,164,213,0,-1,-1,-1,-1
383,54,1000,383,171,222,0,-1,-1,-1,-1
384,54,1033,392,180,235,0,-1,-1,-1,-1
385,54,1045,395,183,240,0,-1,-1,-1,-1
508,16,733,151,26,34,0,-1,-1,-1,-1
508,118,801,160,21,32,0,-1,-1,-1,-1
509,16,737,150,26,36,0,-1,-1,-1,-1
509,118,800,160,22,32,0,-1,-1,-1,-1
510,16,740,149,26,35,0,-1,-1,-1,-1
510,118,800,160,23,34,0,-1,-1,-1,-1
511,16,741,148,26,35,0,-1,-1,-1,-1
511,118,800,160,24,35,0,-1,-1,-1,-1
512,16,741,146,29,38,0,-1,-1,-1,-1
512,118,800,160,23,34,0,-1,-1,-1,-1
513,16,742,143,31,41,0,-1,-1,-1,-1
513,118,799,159,25,36,0,-1,-1,-1,-1
514,16,743,142,31,42,0,-1,-1,-1,-1
514,118,799,158,25,38,0,-1,-1,-1,-1
515,16,745,141,31,41,0,-1,-1,-1,-1
515,118,798,158,27,40,0,-1,-1,-1,-1
516,16,748,140,31,40,0,-1,-1,-1,-1
516,118,795,158,28,41,0,-1,-1,-1,-1
517,16,749,139,31,40,0,-1,-1,-1,-1
517,118,795,158,28,41,0,-1,-1,-1,-1
518,16,750,138,31,40,0,-1,-1,-1,-1
518,118,793,157,29,43,0,-1,-1,-1,-1
519,16,751,137,31,40,0,-1,-1,-1,-1
519,118,791,156,30,44,0,-1,-1,-1,-1
520,16,751,137,32,40,0,-1,-1,-1,-1
520,118,791,156,29,44,0,-1,-1,-1,-1
521,16,752,136,31,40,0,-1,-1,-1,-1
521,118,790,156,29,44,0,-1,-1,-1,-1
522,16,752,135,32,41,0,-1,-1,-1,-1
522,118,788,156,30,44,0,-1,-1,-1,-1
523,16,752,135,33,41,0,-1,-1,-1,-1
523,118,788,156,29,44,0,-1,-1,-1,-1
524,16,752,134,33,42,0,-1,-1,-1,-1
524,118,787,156,29,43,0,-1,-1,-1,-1
525,16,752,134,33,42,0,-1,-1,-1,-1
525,118,785,156,30,43,0,-1,-1,-1,-1
526,16,752,134,33,41,0,-1,-1,-1,-1
526,118,785,156,29,43,0,-1,-1,-1,-1
527,16,751,133,33,42,0,-1,-1,-1,-1
527,118,784,156,30,44,0,-1,-1,-1,-1
528,16,751,133,33,42,0,-1,-1,-1,-1
528,118,783,156,31,45,0,-1,-1,-1,-1
529,16,751,132,33,43,0,-1,-1,-1,-1
529,118,783,156,31,45,0,-1,-1,-1,-1
530,16,750,132,34,42,0,-1,-1,-1,-1
530,118,782,156,32,46,0,-1,-1,-1,-1
531,16,750,132,33,42,0,-1,-1,-1,-1
531,118,782,156,32,47,0,-1,-1,-1,-1
532,16,750,132,33,42,0,-1,-1,-1,-1
532,118,781,157,33,46,0,-1,-1,-1,-1
533,16,751,132,32,41,0,-1,-1,-1,-1
533,118,781,157,32,46,0,-1,-1,-1,-1
534,16,751,131,32,42,0,-1,-1,-1,-1
534,118,781,158,33,46,0,-1,-1,-1,-1
535,16,751,131,32,42,0,-1,-1,-1,-1
535,118,781,158,33,46,0,-1,-1,-1,-1
536,16,752,131,32,42,0,-1,-1,-1,-1
536,118,781,158,33,47,0,-1,-1,-1,-1
537,16,753,132,32,41,0,-1,-1,-1,-1
537,118,782,159,32,46,0,-1,-1,-1,-1
538,16,754,132,32,42,0,-1,-1,-1,-1
538,118,782,159,32,46,0,-1,-1,-1,-1
539,16,755,133,32,41,0,-1,-1,-1,-1
539,118,782,160,33,46,0,-1,-1,-1,-1
540,16,757,133,32,41,0,-1,-1,-1,-1
540,118,783,160,33,47,0,-1,-1,-1,-1
541,16,758,133,31,41,0,-1,-1,-1,-1
541,118,783,160,33,47,0,-1,-1,-1,-1
542,16,760,133,31,41,0,-1,-1,-1,-1
542,118,784,161,32,47,0,-1,-1,-1,-1
543,16,763,134,31,40,0,-1,-1,-1,-1
543,118,784,162,33,47,0,-1,-1,-1,-1
544,16,764,134,31,40,0,-1,-1,-1,-1
544,118,784,162,33,47,0,-1,-1,-1,-1
545,16,767,134,30,39,0,-1,-1,-1,-1
545,118,784,163,33,47,0,-1,-1,-1,-1
546,16,770,134,30,39,0,-1,-1,-1,-1
546,118,784,164,33,46,0,-1,-1,-1,-1
547,16,771,134,30,38,0,-1,-1,-1,-1
547,118,784,164,33,47,0,-1,-1,-1,-1
548,16,774,134,28,37,0,-1,-1,-1,-1
548,118,783,165,33,47,0,-1,-1,-1,-1
549,16,777,135,27,34,0,-1,-1,-1,-1
549,118,782,168,32,45,0,-1,-1,-1,-1
550,16,778,135,27,33,0,-1,-1,-1,-1
550,118,782,168,32,46,0,-1,-1,-1,-1
551,16,780,135,26,33,0,-1,-1,-1,-1
551,118,780,170,32,45,0,-1,-1,-1,-1
552,16,781,136,27,32,0,-1,-1,-1,-1
552,118,777,170,33,46,0,-1,-1,-1,-1
553,16,781,136,27,32,0,-1,-1,-1,-1
553,118,776,170,33,46,0,-1,-1,-1,-1
554,16,781,136,29,34,0,-1,-1,-1,-1
554,118,773,170,34,47,0,-1,-1,-1,-1
555,16,782,135,28,35,0,-1,-1,-1,-1
555,118,769,171,35,48,0,-1,-1,-1,-1
556,16,782,135,29,35,0,-1,-1,-1,-1
556,118,767,171,35,48,0,-1,-1,-1,-1
557,16,782,135,29,36,0,-1,-1,-1,-1
557,118,763,172,35,49,0,-1,-1,-1,-1
558,16,781,135,32,38,0,-1,-1,-1,-1
558,118,757,174,36,49,0,-1,-1,-1,-1
559,16,781,135,32,39,0,-1,-1,-1,-1
559,118,755,175,36,49,0,-1,-1,-1,-1
560,16,782,136,32,39,0,-1,-1,-1,-1
560,118,750,176,37,49,0,-1,-1,-1,-1
561,16,782,135,32,40,0,-1,-1,-1,-1
561,118,744,177,38,49,0,-1,-1,-1,-1
562,16,782,135,32,40,0,-1,-1,-1,-1
562,118,742,177,38,50,0,-1,-1,-1,-1
563,16,782,135,32,40,0,-1,-1,-1,-1
563,118,737,177,38,50,0,-1,-1,-1,-1
564,16,781,134,33,41,0,-1,-1,-1,-1
564,118,731,176,39,52,0,-1,-1,-1,-1
565,16,781,134,33,41,0,-1,-1,-1,-1
565,118,729,176,40,52,0,-1,-1,-1,-1
566,16,781,134,32,41,0,-1,-1,-1,-1
566,118,725,176,40,52,0,-1,-1,-1,-1
567,16,781,134,32,41,0,-1,-1,-1,-1
567,118,720,175,41,54,0,-1,-1,-1,-1
568,16,781,134,32,41,0,-1,-1,-1,-1
568,118,719,175,41,54,0,-1,-1,-1,-1
569,16,781,134,32,40,0,-1,-1,-1,-1
569,118,716,176,41,54,0,-1,-1,-1,-1
570,16,780,134,32,40,0,-1,-1,-1,-1
570,118,714,178,40,53,0,-1,-1,-1,-1
571,16,780,134,32,40,0,-1,-1,-1,-1
571,118,713,179,40,53,0,-1,-1,-1,-1
572,16,780,134,32,40,0,-1,-1,-1,-1
572,118,711,180,41,54,0,-1,-1,-1,-1
573,16,780,134,32,40,0,-1,-1,-1,-1
573,118,709,182,42,55,0,-1,-1,-1,-1
574,16,780,134,32,40,0,-1,-1,-1,-1
574,118,708,183,42,55,0,-1,-1,-1,-1
575,16,780,135,32,39,0,-1,-1,-1,-1
575,118,708,185,42,56,0,-1,-1,-1,-1
576,16,781,135,31,39,0,-1,-1,-1,-1
576,118,708,189,42,56,0,-1,-1,-1,-1
577,16,781,135,31,40,0,-1,-1,-1,-1
577,118,708,190,43,56,0,-1,-1,-1,-1
578,16,781,136,31,39,0,-1,-1,-1,-1
578,118,708,192,43,57,0,-1,-1,-1,-1
579,16,782,136,31,39,0,-1,-1,-1,-1
579,118,710,195,42,56,0,-1,-1,-1,-1
580,16,782,136,31,39,0,-1,-1,-1,-1
580,118,710,196,43,55,0,-1,-1,-1,-1
581,16,783,136,30,38,0,-1,-1,-1,-1
581,118,711,196,43,56,0,-1,-1,-1,-1
582,16,785,136,30,38,0,-1,-1,-1,-1
582,118,712,196,44,56,0,-1,-1,-1,-1
583,16,785,136,30,38,0,-1,-1,-1,-1
583,118,712,196,44,56,0,-1,-1,-1,-1
584,16,786,136,30,38,0,-1,-1,-1,-1
584,118,713,196,44,57,0,-1,-1,-1,-1
585,16,788,135,29,39,0,-1,-1,-1,-1
585,118,713,195,45,59,0,-1,-1,-1,-1
586,16,788,135,30,39,0,-1,-1,-1,-1
586,118,713,195,46,59,0,-1,-1,-1,-1
587,16,790,135,29,39,0,-1,-1,-1,-1
587,118,713,195,47,59,0,-1,-1,-1,-1
588,16,791,136,29,38,0,-1,-1,-1,-1
588,118,714,195,47,61,0,-1,-1,-1,-1
589,16,792,136,28,38,0,-1,-1,-1,-1
589,118,714,196,47,60,0,-1,-1,-1,-1
590,16,793,136,28,38,0,-1,-1,-1,-1
590,118,715,197,48,61,0,-1,-1,-1,-1
591,16,794,139,23,31,0,-1,-1,-1,-1
591,118,716,199,48,62,0,-1,-1,-1,-1
592,16,794,140,21,29,0,-1,-1,-1,-1
592,118,716,200,49,63,0,-1,-1,-1,-1
593,118,717,202,49,64,0,-1,-1,-1,-1
594,118,718,205,50,65,0,-1,-1,-1,-1
595,118,718,207,50,65,0,-1,-1,-1,-1
596,118,719,209,50,66,0,-1,-1,-1,-1
597,118,720,210,50,67,0,-1,-1,-1,-1
597,138,791,140,25,45,0,-1,-1,-1,-1
598,118,720,211,51,66,0,-1,-1,-1,-1
598,138,790,140,25,46,0,-1,-1,-1,-1
599,118,721,211,51,67,0,-1,-1,-1,-1
599,138,787,139,27,50,0,-1,-1,-1,-1
600,118,722,212,51,67,0,-1,-1,-1,-1
600,138,784,139,28,50,0,-1,-1,-1,-1
601,118,722,212,52,67,0,-1,-1,-1,-1
601,138,783,139,28,50,0,-1,-1,-1,-1
602,118,724,212,52,69,0,-1,-1,-1,-1
602,138,782,139,28,51,0,-1,-1,-1,-1
603,118,726,213,53,69,0,-1,-1,-1,-1
603,138,780,139,28,51,0,-1,-1,-1,-1
604,118,727,214,53,68,0,-1,-1,-1,-1
604,138,779,139,29,51,0,-1,-1,-1,-1
605,118,729,215,54,70,0,-1,-1,-1,-1
605,138,777,139,30,51,0,-1,-1,-1,-1
606,118,731,216,55,71,0,-1,-1,-1,-1
606,138,775,139,30,51,0,-1,-1,-1,-1
607,118,732,216,55,72,0,-1,-1,-1,-1
607,138,774,139,30,51,0,-1,-1,-1,-1
608,118,734,219,56,73,0,-1,-1,-1,-1
608,138,772,140,30,49,0,-1,-1,-1,-1
609,118,737,224,56,72,0,-1,-1,-1,-1
609,138,770,140,30,49,0,-1,-1,-1,-1
610,118,739,226,55,72,0,-1,-1,-1,-1
610,138,769,140,31,49,0,-1,-1,-1,-1
611,118,742,230,55,73,0,-1,-1,-1,-1
611,138,768,141,31,48,0,-1,-1,-1,-1
612,118,746,237,55,72,0,-1,-1,-1,-1
612,138,767,142,31,49,0,-1,-1,-1,-1
613,118,747,240,55,72,0,-1,-1,-1,-1
613,138,766,143,32,48,0,-1,-1,-1,-1
614,118,750,244,57,73,0,-1,-1,-1,-1
614,138,765,144,32,48,0,-1,-1,-1,-1
615,118,756,248,57,74,0,-1,-1,-1,-1
615,138,765,144,32,49,0,-1,-1,-1,-1
616,118,758,250,58,73,0,-1,-1,-1,-1
616,138,764,145,33,48,0,-1,-1,-1,-1
617,118,763,250,59,75,0,-1,-1,-1,-1
617,138,764,144,33,49,0,-1,-1,-1,-1
618,118,769,250,60,77,0,-1,-1,-1,-1
618,138,763,144,34,50,0,-1,-1,-1,-1
619,118,771,250,61,78,0,-1,-1,-1,-1
619,138,763,144,34,50,0,-1,-1,-1,-1
620,118,776,252,62,78,0,-1,-1,-1,-1
620,138,763,145,33,49,0,-1,-1,-1,-1
621,118,782,254,63,80,0,-1,-1,-1,-1
621,138,762,145,34,49,0,-1,-1,-1,-1
622,118,784,255,63,80,0,-1,-1,-1,-1
622,138,762,146,34,48,0,-1,-1,-1,-1
623,118,788,255,65,83,0,-1,-1,-1,-1
623,138,762,146,34,49,0,-1,-1,-1,-1
624,118,792,258,68,85,0,-1,-1,-1,-1
624,138,761,145,35,49,0,-1,-1,-1,-1
625,118,793,258,69,87,0,-1,-1,-1,-1
625,138,761,145,35,49,0,-1,-1,-1,-1
626,118,797,263,70,88,0,-1,-1,-1,-1
626,138,761,144,35,50,0,-1,-1,-1,-1
627,118,800,269,72,90,0,-1,-1,-1,-1
627,138,760,144,36,51,0,-1,-1,-1,-1
628,118,802,271,72,92,0,-1,-1,-1,-1
628,138,759,143,37,52,0,-1,-1,-1,-1
629,118,804,277,74,94,0,-1,-1,-1,-1
629,138,759,143,37,52,0,-1,-1,-1,-1
630,118,807,286,75,96,0,-1,-1,-1,-1
630,138,758,144,38,52,0,-1,-1,-1,-1
631,118,808,289,76,97,0,-1,-1,-1,-1
631,138,758,144,38,52,0,-1,-1,-1,-1
632,118,810,297,76,98,0,-1,-1,-1,-1
632,138,757,145,38,52,0,-1,-1,-1,-1
633,118,811,304,77,99,0,-1,-1,-1,-1
633,138,756,146,38,52,0,-1,-1,-1,-1
634,118,812,306,77,100,0,-1,-1,-1,-1
634,138,756,146,38,53,0,-1,-1,-1,-1
635,118,814,309,78,101,0,-1,-1,-1,-1
635,138,755,147,38,52,0,-1,-1,-1,-1
636,118,817,311,80,104,0,-1,-1,-1,-1
636,138,754,147,38,53,0,-1,-1,-1,-1
637,118,818,311,81,106,0,-1,-1,-1,-1
637,138,753,147,39,53,0,-1,-1,-1,-1
638,118,821,313,83,108,0,-1,-1,-1,-1
638,138,752,148,39,53,0,-1,-1,-1,-1
639,118,826,316,84,111,0,-1,-1,-1,-1
639,138,750,147,40,55,0,-1,-1,-1,-1
640,118,828,317,84,112,0,-1,-1,-1,-1
640,138,749,147,40,55,0,-1,-1,-1,-1
641,118,832,322,86,113,0,-1,-1,-1,-1
641,138,747,148,40,55,0,-1,-1,-1,-1
642,118,839,330,88,117,0,-1,-1,-1,-1
642,138,744,148,42,56,0,-1,-1,-1,-1
643,118,842,333,89,119,0,-1,-1,-1,-1
643,138,743,148,42,56,0,-1,-1,-1,-1
644,118,848,343,90,121,0,-1,-1,-1,-1
644,138,740,149,43,57,0,-1,-1,-1,-1
645,118,858,356,92,125,0,-1,-1,-1,-1
645,138,735,150,42,57,0,-1,-1,-1,-1
646,118,861,361,93,126,0,-1,-1,-1,-1
646,138,733,151,42,56,0,-1,-1,-1,-1
647,118,871,371,96,131,0,-1,-1,-1,-1
647,138,728,152,43,57,0,-1,-1,-1,-1
648,118,884,384,98,134,0,-1,-1,-1,-1
648,138,721,153,44,57,0,-1,-1,-1,-1
649,118,889,389,99,135,0,-1,-1,-1,-1
649,138,719,153,44,58,0,-1,-1,-1,-1
650,118,902,398,102,137,0,-1,-1,-1,-1
650,138,713,153,44,58,0,-1,-1,-1,-1
651,118,921,406,104,141,0,-1,-1,-1,-1
651,138,706,152,44,59,0,-1,-1,-1,-1
652,118,927,410,106,141,0,-1,-1,-1,-1
652,138,703,152,45,59,0,-1,-1,-1,-1
653,118,943,416,107,143,0,-1,-1,-1,-1
653,138,697,151,45,59,0,-1,-1,-1,-1
654,118,964,423,111,149,0,-1,-1,-1,-1
654,138,690,150,45,59,0,-1,-1,-1,-1
655,118,972,425,112,151,0,-1,-1,-1,-1
655,138,688,149,45,60,0,-1,-1,-1,-1
656,118,987,431,117,158,0,-1,-1,-1,-1
656,138,684,149,46,60,0,-1,-1,-1,-1
657,118,1012,444,122,165,0,-1,-1,-1,-1
657,138,680,149,47,61,0,-1,-1,-1,-1
658,118,1021,449,125,167,0,-1,-1,-1,-1
658,138,678,149,48,62,0,-1,-1,-1,-1
659,118,1041,463,130,171,0,-1,-1,-1,-1
659,138,675,150,48,61,0,-1,-1,-1,-1
660,138,670,151,48,62,0,-1,-1,-1,-1
661,138,668,152,48,61,0,-1,-1,-1,-1
662,138,665,154,47,61,0,-1,-1,-1,-1
663,138,663,156,47,62,0,-1,-1,-1,-1
664,138,662,157,48,62,0,-1,-1,-1,-1
665,138,661,159,49,63,0,-1,-1,-1,-1
666,138,661,162,49,64,0,-1,-1,-1,-1
667,138,662,163,48,64,0,-1,-1,-1,-1
668,138,663,166,49,64,0,-1,-1,-1,-1
669,138,665,166,49,66,0,-1,-1,-1,-1
670,138,665,166,50,67,0,-1,-1,-1,-1
671,138,667,166,50,67,0,-1,-1,-1,-1
672,138,668,164,50,68,0,-1,-1,-1,-1
673,138,669,164,50,68,0,-1,-1,-1,-1
674,138,669,163,51,69,0,-1,-1,-1,-1
675,138,670,163,50,69,0,-1,-1,-1,-1
676,138,670,163,50,69,0,-1,-1,-1,-1
677,138,670,163,51,70,0,-1,-1,-1,-1
678,138,670,164,51,71,0,-1,-1,-1,-1
679,138,670,164,52,71,0,-1,-1,-1,-1
680,138,670,166,52,72,0,-1,-1,-1,-1
681,138,670,171,53,73,0,-1,-1,-1,-1
682,138,670,172,53,75,0,-1,-1,-1,-1
683,138,668,176,54,75,0,-1,-1,-1,-1
684,138,665,180,55,77,0,-1,-1,-1,-1
685,138,664,181,55,78,0,-1,-1,-1,-1
686,138,661,184,55,77,0,-1,-1,-1,-1
687,138,656,184,56,78,0,-1,-1,-1,-1
688,138,654,185,56,78,0,-1,-1,-1,-1
689,138,650,185,57,78,0,-1,-1,-1,-1
690,138,647,184,58,80,0,-1,-1,-1,-1
691,138,646,184,59,81,0,-1,-1,-1,-1
692,138,645,183,60,82,0,-1,-1,-1,-1
693,138,646,183,60,82,0,-1,-1,-1,-1
694,138,646,183,60,82,0,-1,-1,-1,-1
695,138,646,183,62,84,0,-1,-1,-1,-1
696,138,647,186,62,85,0,-1,-1,-1,-1
697,138,647,187,62,85,0,-1,-1,-1,-1
698,138,647,190,64,87,0,-1,-1,-1,-1
699,138,648,196,65,88,0,-1,-1,-1,-1
700,138,649,199,65,88,0,-1,-1,-1,-1
701,138,651,202,67,90,0,-1,-1,-1,-1
702,138,655,203,70,95,0,-1,-1,-1,-1
703,138,656,203,71,97,0,-1,-1,-1,-1
704,138,660,204,73,99,0,-1,-1,-1,-1
705,138,665,205,73,100,0,-1,-1,-1,-1
706,138,667,205,73,100,0,-1,-1,-1,-1
707,138,671,206,73,101,0,-1,-1,-1,-1
708,138,673,208,74,102,0,-1,-1,-1,-1
709,138,674,209,74,102,0,-1,-1,-1,-1
710,138,674,208,77,106,0,-1,-1,-1,-1
711,138,675,210,80,109,0,-1,-1,-1,-1
712,138,676,210,81,111,0,-1,-1,-1,-1
713,138,678,215,81,111,0,-1,-1,-1,-1
714,138,679,222,82,113,0,-1,-1,-1,-1
714,159,608,169,28,43,0,-1,-1,-1,-1
715,138,680,225,82,113,0,-1,-1,-1,-1
715,159,607,169,29,43,0,-1,-1,-1,-1
716,138,681,233,83,113,0,-1,-1,-1,-1
716,159,603,168,30,46,0,-1,-1,-1,-1
717,138,681,240,84,115,0,-1,-1,-1,-1
717,159,600,168,30,45,0,-1,-1,-1,-1
718,138,681,243,85,115,0,-1,-1,-1,-1
718,159,599,168,30,45,0,-1,-1,-1,-1
719,138,680,247,86,119,0,-1,-1,-1,-1
719,159,596,168,30,46,0,-1,-1,-1,-1
720,138,677,252,89,122,0,-1,-1,-1,-1
720,159,593,168,30,46,0,-1,-1,-1,-1
721,138,676,254,89,123,0,-1,-1,-1,-1
721,159,592,169,30,45,0,-1,-1,-1,-1
722,138,674,257,92,126,0,-1,-1,-1,-1
722,159,590,168,30,47,0,-1,-1,-1,-1
723,138,673,260,95,131,0,-1,-1,-1,-1
723,159,588,168,30,47,0,-1,-1,-1,-1
724,138,672,261,97,133,0,-1,-1,-1,-1
724,159,587,168,31,47,0,-1,-1,-1,-1
725,138,676,264,98,134,0,-1,-1,-1,-1
725,159,586,169,31,46,0,-1,-1,-1,-1
726,138,684,267,99,136,0,-1,-1,-1,-1
726,159,585,169,30,47,0,-1,-1,-1,-1
727,138,686,268,101,137,0,-1,-1,-1,-1
727,159,584,169,30,47,0,-1,-1,-1,-1
728,138,694,272,104,141,0,-1,-1,-1,-1
728,159,582,170,30,46,0,-1,-1,-1,-1
729,138,706,280,107,144,0,-1,-1,-1,-1
729,159,580,170,29,46,0,-1,-1,-1,-1
730,138,711,282,108,146,0,-1,-1,-1,-1
730,159,579,170,30,46,0,-1,-1,-1,-1
731,138,725,291,109,146,0,-1,-1,-1,-1
731,159,577,171,30,46,0,-1,-1,-1,-1
732,138,741,302,112,146,0,-1,-1,-1,-1
732,159,573,171,31,47,0,-1,-1,-1,-1
733,138,746,306,114,146,0,-1,-1,-1,-1
733,159,572,171,31,47,0,-1,-1,-1,-1
734,138,770,315,116,148,0,-1,-1,-1,-1
734,159,569,172,32,48,0,-1,-1,-1,-1
735,138,796,320,122,155,0,-1,-1,-1,-1
735,159,567,174,33,48,0,-1,-1,-1,-1
736,138,805,322,125,157,0,-1,-1,-1,-1
736,159,567,174,33,49,0,-1,-1,-1,-1
737,138,826,323,129,161,0,-1,-1,-1,-1
737,159,566,175,34,50,0,-1,-1,-1,-1
738,138,856,324,130,164,0,-1,-1,-1,-1
738,159,566,176,35,50,0,-1,-1,-1,-1
739,138,867,325,132,164,0,-1,-1,-1,-1
739,159,566,176,35,51,0,-1,-1,-1,-1
740,138,890,328,133,167,0,-1,-1,-1,-1
740,159,567,177,35,51,0,-1,-1,-1,-1
741,138,918,333,135,169,0,-1,-1,-1,-1
741,159,568,178,37,52,0,-1,-1,-1,-1
742,138,929,335,135,169,0,-1,-1,-1,-1
742,159,568,178,38,52,0,-1,-1,-1,-1
743,138,952,342,137,171,0,-1,-1,-1,-1
743,159,570,179,38,52,0,-1,-1,-1,-1
744,138,982,353,139,172,0,-1,-1,-1,-1
744,159,571,180,40,53,0,-1,-1,-1,-1
745,138,993,357,140,173,0,-1,-1,-1,-1
745,159,572,180,40,53,0,-1,-1,-1,-1
746,159,574,181,40,53,0,-1,-1,-1,-1
747,159,575,182,42,53,0,-1,-1,-1,-1
748,159,576,182,42,54,0,-1,-1,-1,-1
749,159,578,184,42,53,0,-1,-1,-1,-1
750,159,580,184,43,54,0,-1,-1,-1,-1
751,159,581,185,43,53,0,-1,-1,-1,-1
752,159,583,185,44,54,0,-1,-1,-1,-1
753,159,585,185,44,55,0,-1,-1,-1,-1
754,159,586,185,44,55,0,-1,-1,-1,-1
755,159,588,185,44,55,0,-1,-1,-1,-1
756,159,590,186,44,54,0,-1,-1,-1,-1
757,159,590,186,45,54,0,-1,-1,-1,-1
758,159,591,186,45,55,0,-1,-1,-1,-1
759,159,591,186,46,55,0,-1,-1,-1,-1
760,159,591,186,46,55,0,-1,-1,-1,-1
761,159,592,186,45,55,0,-1,-1,-1,-1
762,159,592,186,45,55,0,-1,-1,-1,-1
763,159,592,186,45,55,0,-1,-1,-1,-1
764,159,591,186,46,56,0,-1,-1,-1,-1
765,159,590,186,46,57,0,-1,-1,-1,-1
766,159,589,186,47,57,0,-1,-1,-1,-1
767,159,588,187,47,57,0,-1,-1,-1,-1
768,159,585,188,48,58,0,-1,-1,-1,-1
769,159,584,188,48,59,0,-1,-1,-1,-1
770,159,581,190,48,59,0,-1,-1,-1,-1
771,159,577,193,48,58,0,-1,-1,-1,-1
772,159,576,194,48,58,0,-1,-1,-1,-1
773,159,573,195,47,58,0,-1,-1,-1,-1
774,159,568,196,49,58,0,-1,-1,-1,-1
775,159,567,196,48,59,0,-1,-1,-1,-1
776,159,565,196,49,59,0,-1,-1,-1,-1
777,159,563,197,49,59,0,-1,-1,-1,-1
778,159,562,197,50,60,0,-1,-1,-1,-1
779,159,562,198,49,59,0,-1,-1,-1,-1
780,159,561,199,49,59,0,-1,-1,-1,-1
781,159,560,199,50,59,0,-1,-1,-1,-1
782,159,560,199,51,60,0,-1,-1,-1,-1
783,159,561,200,51,60,0,-1,-1,-1,-1
784,159,561,200,51,61,0,-1,-1,-1,-1
785,159,562,202,51,61,0,-1,-1,-1,-1
786,159,563,205,52,61,0,-1,-1,-1,-1
787,159,564,205,52,63,0,-1,-1,-1,-1
788,159,566,208,53,62,0,-1,-1,-1,-1
789,159,569,211,54,63,0,-1,-1,-1,-1
790,159,571,212,53,63,0,-1,-1,-1,-1
791,159,574,213,54,64,0,-1,-1,-1,-1
792,159,579,213,55,65,0,-1,-1,-1,-1
793,159,581,213,55,65,0,-1,-1,-1,-1
794,159,586,213,55,65,0,-1,-1,-1,-1
795,159,592,212,57,66,0,-1,-1,-1,-1
796,159,595,211,56,67,0,-1,-1,-1,-1
797,159,600,211,57,67,0,-1,-1,-1,-1
798,159,606,210,58,68,0,-1,-1,-1,-1
799,159,608,209,58,69,0,-1,-1,-1,-1
800,159,612,209,59,70,0,-1,-1,-1,-1
801,159,616,208,61,71,0,-1,-1,-1,-1
802,159,618,208,61,72,0,-1,-1,-1,-1
803,159,621,209,61,72,0,-1,-1,-1,-1
804,159,625,211,61,72,0,-1,-1,-1,-1
805,159,626,212,61,71,0,-1,-1,-1,-1
806,159,629,214,61,72,0,-1,-1,-1,-1
807,159,632,216,62,73,0,-1,-1,-1,-1
808,159,633,217,62,73,0,-1,-1,-1,-1
809,159,635,219,63,73,0,-1,-1,-1,-1
810,159,636,221,64,75,0,-1,-1,-1,-1
811,159,637,222,64,75,0,-1,-1,-1,-1
812,159,637,224,65,76,0,-1,-1,-1,-1
813,159,637,225,66,77,0,-1,-1,-1,-1
814,159,637,225,66,77,0,-1,-1,-1,-1
815,159,638,225,66,78,0,-1,-1,-1,-1
816,159,640,225,66,78,0,-1,-1,-1,-1
817,159,640,225,67,79,0,-1,-1,-1,-1
818,159,641,225,67,79,0,-1,-1,-1,-1
819,159,643,225,67,80,0,-1,-1,-1,-1
820,159,643,225,68,80,0,-1,-1,-1,-1
821,159,644,226,68,80,0,-1,-1,-1,-1
822,159,645,227,68,80,0,-1,-1,-1,-1
823,159,646,227,68,80,0,-1,-1,-1,-1
824,159,646,228,69,81,0,-1,-1,-1,-1
825,159,647,229,69,81,0,-1,-1,-1,-1
826,159,647,229,69,82,0,-1,-1,-1,-1
827,159,647,229,70,82,0,-1,-1,-1,-1
828,159,648,229,70,83,0,-1,-1,-1,-1
829,159,648,229,70,83,0,-1,-1,-1,-1
830,159,648,229,70,83,0,-1,-1,-1,-1
831,159,648,229,71,83,0,-1,-1,-1,-1
832,159,648,229,71,84,0,-1,-1,-1,-1
833,159,647,228,72,85,0,-1,-1,-1,-1
834,159,647,228,72,85,0,-1,-1,-1,-1
835,159,647,228,72,85,0,-1,-1,-1,-1
836,159,646,228,72,85,0,-1,-1,-1,-1
837,159,646,228,72,85,0,-1,-1,-1,-1
838,159,645,228,72,85,0,-1,-1,-1,-1
839,159,644,229,73,86,0,-1,-1,-1,-1
840,159,643,231,73,86,0,-1,-1,-1,-1
841,159,643,232,72,85,0,-1,-1,-1,-1
842,159,643,234,71,85,0,-1,-1,-1,-1
843,159,642,236,71,84,0,-1,-1,-1,-1
844,159,642,236,70,84,0,-1,-1,-1,-1
845,159,641,236,71,85,0,-1,-1,-1,-1
846,159,640,236,72,85,0,-1,-1,-1,-1
847,159,640,236,72,85,0,-1,-1,-1,-1
848,159,640,236,72,86,0,-1,-1,-1,-1
849,159,639,238,73,86,0,-1,-1,-1,-1
850,159,639,238,73,87,0,-1,-1,-1,-1
851,159,639,240,74,88,0,-1,-1,-1,-1
852,159,640,244,75,89,0,-1,-1,-1,-1
853,159,641,245,75,90,0,-1,-1,-1,-1
854,159,643,250,75,90,0,-1,-1,-1,-1
855,159,646,254,77,93,0,-1,-1,-1,-1
856,159,647,256,78,94,0,-1,-1,-1,-1
857,159,651,259,80,97,0,-1,-1,-1,-1
858,159,659,265,80,97,0,-1,-1,-1,-1
859,159,662,267,80,97,0,-1,-1,-1,-1
860,159,670,271,82,98,0,-1,-1,-1,-1
861,159,682,275,83,100,0,-1,-1,-1,-1
862,159,686,276,84,101,0,-1,-1,-1,-1
863,159,696,278,85,102,0,-1,-1,-1,-1
864,159,706,279,87,104,0,-1,-1,-1,-1
865,159,710,280,88,104,0,-1,-1,-1,-1
866,159,716,280,90,106,0,-1,-1,-1,-1
867,159,724,281,91,108,0,-1,-1,-1,-1
868,159,727,281,92,109,0,-1,-1,-1,-1
869,159,736,284,93,111,0,-1,-1,-1,-1
870,159,747,289,95,112,0,-1,-1,-1,-1
871,159,751,291,96,113,0,-1,-1,-1,-1
872,159,762,297,97,115,0,-1,-1,-1,-1
873,159,773,305,101,120,0,-1,-1,-1,-1
874,159,777,308,103,121,0,-1,-1,-1,-1
875,159,785,318,105,123,0,-1,-1,-1,-1
876,159,793,328,108,128,0,-1,-1,-1,-1
877,159,795,332,110,129,0,-1,-1,-1,-1
878,159,799,341,112,134,0,-1,-1,-1,-1
879,159,806,351,114,137,0,-1,-1,-1,-1
880,159,809,355,114,138,0,-1,-1,-1,-1
881,159,815,360,117,141,0,-1,-1,-1,-1
882,159,825,370,120,145,0,-1,-1,-1,-1
883,159,829,374,120,146,0,-1,-1,-1,-1
884,159,841,381,123,148,0,-1,-1,-1,-1
885,159,862,391,119,142,0,-1,-1,-1,-1
886,159,870,395,117,139,0,-1,-1,-1,-1
887,159,884,400,125,149,0,-1,-1,-1,-1
1321,225,779,185,34,44,0,-1,-1,-1,-1
1322,225,777,183,35,46,0,-1,-1,-1,-1
1323,225,776,183,34,44,0,-1,-1,-1,-1
1324,225,775,182,34,44,0,-1,-1,-1,-1
1325,225,774,182,33,42,0,-1,-1,-1,-1
1326,225,772,181,33,42,0,-1,-1,-1,-1
1327,225,772,180,33,43,0,-1,-1,-1,-1
1328,225,771,179,33,42,0,-1,-1,-1,-1
1329,225,770,178,34,42,0,-1,-1,-1,-1
1330,225,770,178,34,42,0,-1,-1,-1,-1
1331,225,769,177,36,45,0,-1,-1,-1,-1
1332,225,768,176,35,44,0,-1,-1,-1,-1
1333,225,768,176,35,44,0,-1,-1,-1,-1
1334,225,767,175,35,45,0,-1,-1,-1,-1
1335,225,766,175,35,44,0,-1,-1,-1,-1
1336,225,766,175,35,43,0,-1,-1,-1,-1
1337,225,765,174,35,43,0,-1,-1,-1,-1
1338,225,765,174,34,41,0,-1,-1,-1,-1
1339,225,765,173,34,42,0,-1,-1,-1,-1
1340,225,764,173,34,41,0,-1,-1,-1,-1
1341,225,764,173,33,40,0,-1,-1,-1,-1
1342,225,764,173,33,40,0,-1,-1,-1,-1
1343,225,763,172,34,41,0,-1,-1,-1,-1
1344,225,763,172,34,41,0,-1,-1,-1,-1
1345,225,763,172,34,41,0,-1,-1,-1,-1
1346,225,763,172,34,41,0,-1,-1,-1,-1
1347,225,763,172,33,40,0,-1,-1,-1,-1
1348,225,763,172,33,40,0,-1,-1,-1,-1
1349,225,763,172,33,39,0,-1,-1,-1,-1
1350,225,763,172,33,41,0,-1,-1,-1,-1
1351,225,763,172,34,41,0,-1,-1,-1,-1
1352,225,763,172,34,41,0,-1,-1,-1,-1
1353,225,763,173,33,40,0,-1,-1,-1,-1
1354,225,764,173,32,41,0,-1,-1,-1,-1
1355,225,764,173,32,41,0,-1,-1,-1,-1
1356,225,763,173,33,41,0,-1,-1,-1,-1
1357,225,763,173,33,41,0,-1,-1,-1,-1
1358,225,763,173,33,41,0,-1,-1,-1,-1
1359,225,763,173,33,41,0,-1,-1,-1,-1
1360,225,763,173,33,41,0,-1,-1,-1,-1
1361,225,763,173,33,42,0,-1,-1,-1,-1
1362,225,763,174,33,41,0,-1,-1,-1,-1
1363,225,763,174,33,41,0,-1,-1,-1,-1
1364,225,763,174,33,42,0,-1,-1,-1,-1
1365,225,762,174,33,42,0,-1,-1,-1,-1
1366,225,762,174,33,42,0,-1,-1,-1,-1
1367,225,763,174,32,42,0,-1,-1,-1,-1
1368,225,763,175,32,41,0,-1,-1,-1,-1
1369,225,763,175,33,41,0,-1,-1,-1,-1
1370,225,763,175,33,41,0,-1,-1,-1,-1
1371,225,763,175,33,41,0,-1,-1,-1,-1
1372,225,763,175,33,41,0,-1,-1,-1,-1
1373,225,763,175,33,42,0,-1,-1,-1,-1
1374,225,764,175,33,42,0,-1,-1,-1,-1
1375,225,764,175,33,42,0,-1,-1,-1,-1
1376,225,765,174,33,42,0,-1,-1,-1,-1
1377,225,766,174,33,43,0,-1,-1,-1,-1
1378,225,766,175,33,42,0,-1,-1,-1,-1
1379,225,767,175,33,43,0,-1,-1,-1,-1
1380,225,768,175,33,42,0,-1,-1,-1,-1
1381,225,768,175,33,42,0,-1,-1,-1,-1
1382,225,770,175,31,41,0,-1,-1,-1,-1
1383,225,771,175,31,40,0,-1,-1,-1,-1
1384,225,772,175,30,40,0,-1,-1,-1,-1
1385,225,773,176,29,38,0,-1,-1,-1,-1
1386,225,774,177,28,37,0,-1,-1,-1,-1
1387,225,774,177,28,37,0,-1,-1,-1,-1
1388,225,774,177,28,37,0,-1,-1,-1,-1
1389,225,774,177,29,37,0,-1,-1,-1,-1
1390,225,774,177,29,38,0,-1,-1,-1,-1
1391,225,774,177,29,38,0,-1,-1,-1,-1
1392,225,774,177,28,39,0,-1,-1,-1,-1
1393,225,773,177,29,39,0,-1,-1,-1,-1
1394,225,773,177,29,39,0,-1,-1,-1,-1
1395,225,773,177,29,39,0,-1,-1,-1,-1
1396,225,774,177,28,39,0,-1,-1,-1,-1
1397,225,774,177,27,38,0,-1,-1,-1,-1
1398,225,773,177,27,38,0,-1,-1,-1,-1
1399,225,772,177,28,38,0,-1,-1,-1,-1
1400,225,771,177,28,39,0,-1,-1,-1,-1
1401,225,771,176,28,39,0,-1,-1,-1,-1
1402,225,771,176,27,39,0,-1,-1,-1,-1
1403,225,770,175,28,39,0,-1,-1,-1,-1
1404,225,770,175,27,39,0,-1,-1,-1,-1
1405,225,769,175,28,39,0,-1,-1,-1,-1
1406,225,769,175,27,39,0,-1,-1,-1,-1
1407,225,769,175,25,37,0,-1,-1,-1,-1
1408,225,769,175,25,36,0,-1,-1,-1,-1
1409,225,767,175,26,37,0,-1,-1,-1,-1
1410,225,767,175,26,38,0,-1,-1,-1,-1
1411,225,766,175,27,38,0,-1,-1,-1,-1
1412,225,765,175,27,39,0,-1,-1,-1,-1
1413,225,765,175,26,39,0,-1,-1,-1,-1
1414,225,764,175,27,39,0,-1,-1,-1,-1
1415,225,763,175,27,39,0,-1,-1,-1,-1
1416,225,762,175,28,39,0,-1,-1,-1,-1
1417,225,762,175,27,39,0,-1,-1,-1,-1
1418,225,762,175,27,38,0,-1,-1,-1,-1
1419,225,761,174,27,38,0,-1,-1,-1,-1
1420,225,761,174,26,38,0,-1,-1,-1,-1
1421,225,761,174,26,38,0,-1,-1,-1,-1
1422,225,760,173,26,39,0,-1,-1,-1,-1
1423,225,759,173,27,39,0,-1,-1,-1,-1
1424,225,759,173,26,38,0,-1,-1,-1,-1
1425,225,758,173,27,40,0,-1,-1,-1,-1
1426,225,758,173,28,40,0,-1,-1,-1,-1
1427,225,758,173,27,39,0,-1,-1,-1,-1
1428,225,758,173,27,39,0,-1,-1,-1,-1
1429,225,758,173,27,40,0,-1,-1,-1,-1
1430,225,757,173,27,40,0,-1,-1,-1,-1
1431,225,754,173,29,41,0,-1,-1,-1,-1
1432,225,754,173,29,42,0,-1,-1,-1,-1
1433,225,753,173,30,42,0,-1,-1,-1,-1
1434,225,752,173,30,42,0,-1,-1,-1,-1
1435,225,752,173,30,42,0,-1,-1,-1,-1
1436,225,752,173,30,41,0,-1,-1,-1,-1
1437,225,752,173,30,41,0,-1,-1,-1,-1
1438,225,752,173,30,41,0,-1,-1,-1,-1
1439,225,751,173,31,41,0,-1,-1,-1,-1
1440,225,751,173,31,41,0,-1,-1,-1,-1
1441,225,751,173,31,41,0,-1,-1,-1,-1
1442,225,751,173,31,41,0,-1,-1,-1,-1
1443,225,751,173,32,41,0,-1,-1,-1,-1
1444,225,751,173,32,41,0,-1,-1,-1,-1
1445,225,751,173,32,41,0,-1,-1,-1,-1
1446,225,751,172,32,42,0,-1,-1,-1,-1
1447,225,750,172,33,42,0,-1,-1,-1,-1
1448,225,750,171,33,44,0,-1,-1,-1,-1
1449,225,749,171,34,44,0,-1,-1,-1,-1
1450,225,748,171,35,44,0,-1,-1,-1,-1
1451,225,747,171,36,44,0,-1,-1,-1,-1
1452,225,747,171,35,44,0,-1,-1,-1,-1
1453,225,747,171,35,44,0,-1,-1,-1,-1
1454,225,747,171,35,44,0,-1,-1,-1,-1
1455,225,747,170,35,45,0,-1,-1,-1,-1
1456,225,746,170,36,45,0,-1,-1,-1,-1
1457,225,746,170,36,45,0,-1,-1,-1,-1
1458,225,746,170,36,45,0,-1,-1,-1,-1
1459,225,746,170,36,45,0,-1,-1,-1,-1
1460,225,745,171,37,44,0,-1,-1,-1,-1
1461,225,746,172,35,43,0,-1,-1,-1,-1
1462,225,746,172,35,43,0,-1,-1,-1,-1
1462,245,784,190,33,57,0,-1,-1,-1,-1
1463,225,746,172,35,43,0,-1,-1,-1,-1
1463,245,778,190,33,56,0,-1,-1,-1,-1
1464,225,746,172,36,43,0,-1,-1,-1,-1
1464,245,770,190,32,54,0,-1,-1,-1,-1
1465,225,746,172,36,43,0,-1,-1,-1,-1
1465,245,768,190,31,54,0,-1,-1,-1,-1
1466,245,761,188,32,55,0,-1,-1,-1,-1
1467,245,751,185,34,57,0,-1,-1,-1,-1
1468,245,747,184,35,58,0,-1,-1,-1,-1
1469,245,743,183,36,59,0,-1,-1,-1,-1
1470,245,738,182,37,60,0,-1,-1,-1,-1
1471,245,736,182,38,60,0,-1,-1,-1,-1
1472,245,732,184,38,58,0,-1,-1,-1,-1
1473,245,727,187,36,55,0,-1,-1,-1,-1
1474,243,752,172,30,41,0,-1,-1,-1,-1
1474,245,725,189,36,54,0,-1,-1,-1,-1
1475,243,754,173,29,40,0,-1,-1,-1,-1
1475,245,722,190,36,53,0,-1,-1,-1,-1
1476,243,753,174,29,38,0,-1,-1,-1,-1
1476,245,716,190,37,54,0,-1,-1,-1,-1
1477,243,753,174,29,38,0,-1,-1,-1,-1
1477,245,714,190,37,54,0,-1,-1,-1,-1
1478,243,753,174,28,38,0,-1,-1,-1,-1
1478,245,710,192,38,53,0,-1,-1,-1,-1
1479,243,751,174,30,39,0,-1,-1,-1,-1
1479,245,707,194,37,53,0,-1,-1,-1,-1
1480,243,751,174,29,40,0,-1,-1,-1,-1
1480,245,705,195,37,52,0,-1,-1,-1,-1
1481,243,750,174,30,40,0,-1,-1,-1,-1
1481,245,702,197,37,51,0,-1,-1,-1,-1
1482,243,750,174,30,40,0,-1,-1,-1,-1
1482,245,697,198,38,52,0,-1,-1,-1,-1
1483,243,749,174,31,40,0,-1,-1,-1,-1
1483,245,695,198,39,53,0,-1,-1,-1,-1
1484,243,749,174,32,40,0,-1,-1,-1,-1
1484,245,691,198,39,53,0,-1,-1,-1,-1
1485,243,749,173,32,41,0,-1,-1,-1,-1
1485,245,687,198,40,53,0,-1,-1,-1,-1
1486,243,749,173,32,41,0,-1,-1,-1,-1
1486,245,686,198,40,53,0,-1,-1,-1,-1
1487,243,749,173,33,41,0,-1,-1,-1,-1
1487,245,681,197,41,55,0,-1,-1,-1,-1
1488,243,749,173,33,42,0,-1,-1,-1,-1
1488,245,678,199,40,54,0,-1,-1,-1,-1
1489,243,749,173,33,42,0,-1,-1,-1,-1
1489,245,677,200,40,53,0,-1,-1,-1,-1
1490,243,749,173,33,42,0,-1,-1,-1,-1
1490,245,674,201,41,53,0,-1,-1,-1,-1
1491,243,749,173,34,42,0,-1,-1,-1,-1
1491,245,670,201,42,55,0,-1,-1,-1,-1
1492,243,749,173,34,42,0,-1,-1,-1,-1
1492,245,668,201,43,56,0,-1,-1,-1,-1
1493,243,749,173,34,42,0,-1,-1,-1,-1
1493,245,665,200,45,58,0,-1,-1,-1,-1
1494,243,750,173,34,42,0,-1,-1,-1,-1
1494,245,0,303,18,55,0,-1,-1,-1,-1
1495,243,750,173,34,41,0,-1,-1,-1,-1
1495,245,0,302,19,57,0,-1,-1,-1,-1
1496,243,750,173,34,42,0,-1,-1,-1,-1
1496,245,0,298,21,62,0,-1,-1,-1,-1
1497,243,750,173,34,42,0,-1,-1,-1,-1
1497,245,3,301,20,59,0,-1,-1,-1,-1
1498,243,750,173,34,42,0,-1,-1,-1,-1
1498,245,4,303,19,58,0,-1,-1,-1,-1
1499,243,750,173,34,42,0,-1,-1,-1,-1
1499,245,5,302,21,61,0,-1,-1,-1,-1
1500,243,750,173,35,42,0,-1,-1,-1,-1
1500,245,6,303,23,62,0,-1,-1,-1,-1
1501,243,751,173,34,41,0,-1,-1,-1,-1
1501,245,7,304,23,62,0,-1,-1,-1,-1
1502,243,751,173,34,41,0,-1,-1,-1,-1
1502,245,8,306,25,62,0,-1,-1,-1,-1
1503,243,751,173,34,41,0,-1,-1,-1,-1
1503,245,9,305,27,64,0,-1,-1,-1,-1
1504,243,751,173,34,41,0,-1,-1,-1,-1
1504,245,9,304,29,65,0,-1,-1,-1,-1
1505,243,751,173,34,41,0,-1,-1,-1,-1
1505,245,10,302,31,68,0,-1,-1,-1,-1
1506,243,751,173,34,41,0,-1,-1,-1,-1
1506,245,11,302,33,68,0,-1,-1,-1,-1
1507,243,751,173,34,41,0,-1,-1,-1,-1
1507,245,11,302,34,68,0,-1,-1,-1,-1
1508,243,751,173,34,41,0,-1,-1,-1,-1
1508,245,11,302,36,69,0,-1,-1,-1,-1
1509,243,751,173,35,41,0,-1,-1,-1,-1
1509,245,11,302,37,71,0,-1,-1,-1,-1
1510,243,751,173,35,41,0,-1,-1,-1,-1
1510,245,11,302,38,72,0,-1,-1,-1,-1
1511,243,751,173,35,41,0,-1,-1,-1,-1
1511,245,12,307,38,70,0,-1,-1,-1,-1
1512,243,751,173,35,41,0,-1,-1,-1,-1
1512,245,10,308,42,73,0,-1,-1,-1,-1
1513,243,751,173,35,41,0,-1,-1,-1,-1
1513,245,9,308,43,75,0,-1,-1,-1,-1
1514,243,751,173,35,42,0,-1,-1,-1,-1
1514,245,9,314,42,74,0,-1,-1,-1,-1
1515,243,751,173,35,42,0,-1,-1,-1,-1
1515,245,6,319,43,74,0,-1,-1,-1,-1
1516,243,751,173,35,42,0,-1,-1,-1,-1
1516,245,5,321,43,75,0,-1,-1,-1,-1
1517,243,751,173,35,42,0,-1,-1,-1,-1
1517,245,3,324,44,75,0,-1,-1,-1,-1
1518,243,751,172,35,43,0,-1,-1,-1,-1
1518,245,0,326,44,76,0,-1,-1,-1,-1
1519,243,751,172,35,43,0,-1,-1,-1,-1
1519,245,0,327,43,76,0,-1,-1,-1,-1
1520,243,751,172,35,43,0,-1,-1,-1,-1
1520,245,0,325,41,79,0,-1,-1,-1,-1
1521,243,751,172,35,43,0,-1,-1,-1,-1
1521,245,0,331,37,76,0,-1,-1,-1,-1
1522,243,751,172,35,43,0,-1,-1,-1,-1
1522,245,0,334,35,75,0,-1,-1,-1,-1
1523,243,751,172,35,43,0,-1,-1,-1,-1
1523,245,0,322,37,90,0,-1,-1,-1,-1
1524,243,751,172,35,42,0,-1,-1,-1,-1
1524,245,0,323,34,94,0,-1,-1,-1,-1
1525,243,751,172,35,42,0,-1,-1,-1,-1
1525,245,0,324,33,95,0,-1,-1,-1,-1
1526,243,751,172,35,43,0,-1,-1,-1,-1
1526,245,651,244,56,73,0,-1,-1,-1,-1
1527,243,751,173,35,42,0,-1,-1,-1,-1
1527,245,651,246,59,77,0,-1,-1,-1,-1
1528,243,752,173,34,42,0,-1,-1,-1,-1
1528,245,650,247,61,78,0,-1,-1,-1,-1
1529,243,751,172,35,43,0,-1,-1,-1,-1
1529,245,655,254,60,77,0,-1,-1,-1,-1
1530,243,752,173,34,42,0,-1,-1,-1,-1
1530,245,659,260,61,80,0,-1,-1,-1,-1
1531,243,752,173,34,42,0,-1,-1,-1,-1
1531,245,660,262,62,81,0,-1,-1,-1,-1
1532,243,752,173,35,42,0,-1,-1,-1,-1
1532,245,663,267,63,82,0,-1,-1,-1,-1
1533,243,752,173,35,42,0,-1,-1,-1,-1
1533,245,669,271,64,83,0,-1,-1,-1,-1
1534,243,752,173,35,42,0,-1,-1,-1,-1
1534,245,671,272,65,84,0,-1,-1,-1,-1
1535,243,752,173,35,42,0,-1,-1,-1,-1
1535,245,674,274,65,86,0,-1,-1,-1,-1
1536,243,752,173,35,42,0,-1,-1,-1,-1
1536,245,680,277,66,86,0,-1,-1,-1,-1
1537,243,752,173,35,42,0,-1,-1,-1,-1
1537,245,683,278,65,87,0,-1,-1,-1,-1
1538,243,752,173,35,42,0,-1,-1,-1,-1
1538,245,687,275,68,92,0,-1,-1,-1,-1
1539,243,752,172,35,43,0,-1,-1,-1,-1
1539,245,693,275,70,95,0,-1,-1,-1,-1
1540,243,752,172,35,43,0,-1,-1,-1,-1
1540,245,695,275,71,96,0,-1,-1,-1,-1
1541,243,752,173,35,42,0,-1,-1,-1,-1
1541,245,701,277,71,97,0,-1,-1,-1,-1
1542,243,752,172,35,43,0,-1,-1,-1,-1
1542,245,704,280,75,103,0,-1,-1,-1,-1
1543,243,752,172,35,43,0,-1,-1,-1,-1
1543,245,705,281,77,105,0,-1,-1,-1,-1
1544,243,752,172,36,43,0,-1,-1,-1,-1
1544,245,713,292,75,103,0,-1,-1,-1,-1
1545,243,752,172,36,43,0,-1,-1,-1,-1
1545,245,720,304,75,102,0,-1,-1,-1,-1
1546,243,753,173,34,42,0,-1,-1,-1,-1
1546,245,722,308,76,102,0,-1,-1,-1,-1
1547,243,753,173,35,42,0,-1,-1,-1,-1
1547,245,726,308,84,111,0,-1,-1,-1,-1
1548,243,753,173,34,42,0,-1,-1,-1,-1
1548,245,738,314,86,113,0,-1,-1,-1,-1
1549,243,753,173,34,42,0,-1,-1,-1,-1
1549,245,743,316,87,113,0,-1,-1,-1,-1
1550,243,753,173,35,42,0,-1,-1,-1,-1
1550,245,753,315,92,120,0,-1,-1,-1,-1
1551,243,753,173,35,42,0,-1,-1,-1,-1
1551,245,768,316,94,125,0,-1,-1,-1,-1
1552,243,753,173,35,42,0,-1,-1,-1,-1
1552,245,773,317,95,126,0,-1,-1,-1,-1
1553,243,753,172,35,43,0,-1,-1,-1,-1
1553,245,786,324,93,125,0,-1,-1,-1,-1
1554,243,753,172,35,43,0,-1,-1,-1,-1
1554,245,801,335,92,124,0,-1,-1,-1,-1
1555,243,753,172,35,43,0,-1,-1,-1,-1
1555,245,806,339,92,124,0,-1,-1,-1,-1
1556,243,753,172,35,43,0,-1,-1,-1,-1
1556,245,815,345,95,127,0,-1,-1,-1,-1
1557,243,753,172,35,43,0,-1,-1,-1,-1
1557,245,828,354,99,132,0,-1,-1,-1,-1
1558,243,753,172,35,43,0,-1,-1,-1,-1
1558,245,833,357,100,134,0,-1,-1,-1,-1
1559,243,753,172,35,43,0,-1,-1,-1,-1
1559,245,843,366,104,139,0,-1,-1,-1,-1
1560,243,753,172,35,43,0,-1,-1,-1,-1
1560,245,860,382,106,142,0,-1,-1,-1,-1
1561,243,753,172,35,43,0,-1,-1,-1,-1
1561,245,867,389,106,141,0,-1,-1,-1,-1
1562,243,753,172,35,43,0,-1,-1,-1,-1
1562,245,884,404,105,141,0,-1,-1,-1,-1
1563,243,753,173,35,42,0,-1,-1,-1,-1
1563,245,905,419,105,141,0,-1,-1,-1,-1
1564,243,753,173,35,42,0,-1,-1,-1,-1
1564,245,912,424,106,142,0,-1,-1,-1,-1
1565,243,753,173,35,42,0,-1,-1,-1,-1
1565,245,929,431,109,146,0,-1,-1,-1,-1
1566,243,753,172,35,43,0,-1,-1,-1,-1
1566,245,951,439,114,153,0,-1,-1,-1,-1
1567,243,753,172,35,43,0,-1,-1,-1,-1
1567,245,960,441,115,156,0,-1,-1,-1,-1
1568,243,753,172,35,43,0,-1,-1,-1,-1
1568,245,979,446,121,163,0,-1,-1,-1,-1
1569,243,752,171,36,45,0,-1,-1,-1,-1
1569,245,1007,464,121,163,0,-1,-1,-1,-1
1570,243,752,171,36,45,0,-1,-1,-1,-1
1570,245,1018,471,121,162,0,-1,-1,-1,-1
1571,243,752,171,36,45,0,-1,-1,-1,-1
1572,243,753,171,35,45,0,-1,-1,-1,-1
1573,243,753,171,35,45,0,-1,-1,-1,-1
1574,243,753,171,36,44,0,-1,-1,-1,-1
1575,243,753,172,35,44,0,-1,-1,-1,-1
1576,243,753,172,35,44,0,-1,-1,-1,-1
1577,243,753,172,35,44,0,-1,-1,-1,-1
1578,243,753,172,35,44,0,-1,-1,-1,-1
1579,243,753,172,35,43,0,-1,-1,-1,-1
1580,243,753,172,35,44,0,-1,-1,-1,-1
1581,243,753,172,35,44,0,-1,-1,-1,-1
1582,243,753,172,35,44,0,-1,-1,-1,-1
1583,243,753,172,35,44,0,-1,-1,-1,-1
1584,243,753,172,35,44,0,-1,-1,-1,-1
1585,243,753,172,35,44,0,-1,-1,-1,-1
1586,243,753,172,35,44,0,-1,-1,-1,-1
1587,243,753,172,35,43,0,-1,-1,-1,-1
1588,243,753,172,35,43,0,-1,-1,-1,-1
1589,243,753,172,35,43,0,-1,-1,-1,-1
1590,243,753,172,35,43,0,-1,-1,-1,-1
1591,243,753,172,36,43,0,-1,-1,-1,-1
1592,243,753,172,36,43,0,-1,-1,-1,-1
1593,243,753,172,36,43,0,-1,-1,-1,-1
1594,243,753,172,36,43,0,-1,-1,-1,-1
1595,243,754,172,35,43,0,-1,-1,-1,-1
1596,243,754,172,35,43,0,-1,-1,-1,-1
1597,243,754,172,35,43,0,-1,-1,-1,-1
1598,243,754,172,35,43,0,-1,-1,-1,-1
1599,243,754,172,35,43,0,-1,-1,-1,-1
1600,243,754,172,35,43,0,-1,-1,-1,-1
1601,243,754,172,35,43,0,-1,-1,-1,-1
1602,243,755,172,34,43,0,-1,-1,-1,-1
1603,243,755,173,34,42,0,-1,-1,-1,-1
1604,243,754,173,35,42,0,-1,-1,-1,-1
1605,243,754,173,35,42,0,-1,-1,-1,-1
1606,243,754,173,35,42,0,-1,-1,-1,-1
1607,243,754,173,35,42,0,-1,-1,-1,-1
1608,243,755,173,34,42,0,-1,-1,-1,-1
1609,243,754,173,35,42,0,-1,-1,-1,-1
1610,243,755,174,34,41,0,-1,-1,-1,-1
1611,243,754,174,34,41,0,-1,-1,-1,-1
1612,243,754,174,34,41,0,-1,-1,-1,-1
1613,243,754,173,35,42,0,-1,-1,-1,-1
1614,243,754,173,35,42,0,-1,-1,-1,-1
1615,243,754,173,35,42,0,-1,-1,-1,-1
1616,243,754,173,35,42,0,-1,-1,-1,-1
1617,243,754,173,35,42,0,-1,-1,-1,-1
1618,243,754,173,34,42,0,-1,-1,-1,-1
1619,243,754,174,34,41,0,-1,-1,-1,-1
1620,243,754,173,35,42,0,-1,-1,-1,-1
1621,243,753,173,36,42,0,-1,-1,-1,-1
1622,243,753,173,35,42,0,-1,-1,-1,-1
1623,243,753,173,35,42,0,-1,-1,-1,-1
1624,243,753,173,35,43,0,-1,-1,-1,-1
1625,243,753,173,36,43,0,-1,-1,-1,-1
1626,243,753,173,36,43,0,-1,-1,-1,-1
1627,243,753,173,36,43,0,-1,-1,-1,-1
1628,243,753,173,36,43,0,-1,-1,-1,-1
1629,243,753,173,36,43,0,-1,-1,-1,-1
1630,243,753,173,36,42,0,-1,-1,-1,-1
1631,243,753,173,36,43,0,-1,-1,-1,-1
1632,243,753,174,36,42,0,-1,-1,-1,-1
1633,243,753,174,36,42,0,-1,-1,-1,-1
1634,243,754,174,34,41,0,-1,-1,-1,-1
1635,243,754,175,33,39,0,-1,-1,-1,-1
1636,243,754,175,33,40,0,-1,-1,-1,-1
1636,256,766,217,34,34,0,-1,-1,-1,-1
1638,256,745,212,45,45,0,-1,-1,-1,-1
1639,256,741,211,47,48,0,-1,-1,-1,-1
1640,256,735,209,48,49,0,-1,-1,-1,-1
1641,256,728,207,48,50,0,-1,-1,-1,-1
1642,256,725,206,49,50,0,-1,-1,-1,-1
1643,256,720,205,49,51,0,-1,-1,-1,-1
1644,256,715,204,49,52,0,-1,-1,-1,-1
1645,256,713,204,49,52,0,-1,-1,-1,-1
1646,256,711,205,49,53,0,-1,-1,-1,-1
1647,256,708,207,49,53,0,-1,-1,-1,-1
1648,256,707,208,48,53,0,-1,-1,-1,-1
1649,256,705,210,49,54,0,-1,-1,-1,-1
1650,256,704,211,49,56,0,-1,-1,-1,-1
1651,256,703,212,49,56,0,-1,-1,-1,-1
1652,256,703,213,49,56,0,-1,-1,-1,-1
1653,256,701,213,49,57,0,-1,-1,-1,-1
1654,256,701,214,48,56,0,-1,-1,-1,-1
1655,256,699,214,49,57,0,-1,-1,-1,-1
1656,256,697,214,48,58,0,-1,-1,-1,-1
1657,256,696,214,48,58,0,-1,-1,-1,-1
1658,256,693,214,50,60,0,-1,-1,-1,-1
1659,256,690,215,49,61,0,-1,-1,-1,-1
1660,256,689,216,49,61,0,-1,-1,-1,-1
1661,256,685,219,50,61,0,-1,-1,-1,-1
1662,256,680,223,51,63,0,-1,-1,-1,-1
1663,256,679,224,50,64,0,-1,-1,-1,-1
1664,256,674,229,52,64,0,-1,-1,-1,-1
1665,256,670,234,51,64,0,-1,-1,-1,-1
1666,256,668,235,51,65,0,-1,-1,-1,-1
1667,256,664,236,52,66,0,-1,-1,-1,-1
1668,256,659,236,53,68,0,-1,-1,-1,-1
1669,256,658,236,53,68,0,-1,-1,-1,-1
1670,256,654,236,54,69,0,-1,-1,-1,-1
1671,256,652,236,55,70,0,-1,-1,-1,-1
1672,256,651,236,55,70,0,-1,-1,-1,-1
1673,256,650,238,56,71,0,-1,-1,-1,-1
1674,256,649,243,57,72,0,-1,-1,-1,-1
1675,256,649,245,57,72,0,-1,-1,-1,-1
1676,256,649,249,58,74,0,-1,-1,-1,-1
1677,256,650,256,59,76,0,-1,-1,-1,-1
1678,256,650,258,60,77,0,-1,-1,-1,-1
1679,256,653,263,61,78,0,-1,-1,-1,-1
1680,256,657,267,63,80,0,-1,-1,-1,-1
1681,256,659,268,64,82,0,-1,-1,-1,-1
1682,256,664,270,64,82,0,-1,-1,-1,-1
1683,256,669,271,66,84,0,-1,-1,-1,-1
1684,256,671,271,66,85,0,-1,-1,-1,-1
1685,256,675,272,67,86,0,-1,-1,-1,-1
1686,256,679,273,69,90,0,-1,-1,-1,-1
1687,256,680,273,70,92,0,-1,-1,-1,-1
1688,256,683,276,72,94,0,-1,-1,-1,-1
1689,256,687,284,73,95,0,-1,-1,-1,-1
1690,256,689,287,73,96,0,-1,-1,-1,-1
1691,256,693,297,72,95,0,-1,-1,-1,-1
1692,256,696,309,74,96,0,-1,-1,-1,-1
1693,256,698,313,74,97,0,-1,-1,-1,-1
1694,256,699,320,76,100,0,-1,-1,-1,-1
1695,256,701,325,78,103,0,-1,-1,-1,-1
1696,256,702,326,79,104,0,-1,-1,-1,-1
1697,256,706,329,81,107,0,-1,-1,-1,-1
1698,256,712,331,84,111,0,-1,-1,-1,-1
1699,256,715,332,85,112,0,-1,-1,-1,-1
1700,256,721,333,88,115,0,-1,-1,-1,-1
1701,256,730,338,91,119,0,-1,-1,-1,-1
1702,256,733,340,93,120,0,-1,-1,-1,-1
1703,256,743,349,95,122,0,-1,-1,-1,-1
1704,256,757,361,98,126,0,-1,-1,-1,-1
1705,256,762,365,99,128,0,-1,-1,-1,-1
1706,256,776,378,102,129,0,-1,-1,-1,-1
1818,275,784,193,28,45,0,-1,-1,-1,-1
1819,275,783,193,29,46,0,-1,-1,-1,-1
1820,275,779,194,30,47,0,-1,-1,-1,-1
1821,275,773,193,30,49,0,-1,-1,-1,-1
1822,275,770,193,32,49,0,-1,-1,-1,-1
1823,275,763,192,33,51,0,-1,-1,-1,-1
1824,275,757,193,34,50,0,-1,-1,-1,-1
1825,275,755,193,34,50,0,-1,-1,-1,-1
1826,275,749,193,35,49,0,-1,-1,-1,-1
1827,275,743,192,35,50,0,-1,-1,-1,-1
1828,275,741,192,36,49,0,-1,-1,-1,-1
1829,275,735,191,37,50,0,-1,-1,-1,-1
1830,275,729,191,37,50,0,-1,-1,-1,-1
1831,275,727,191,37,50,0,-1,-1,-1,-1
1832,275,722,191,39,50,0,-1,-1,-1,-1
1833,275,718,193,39,50,0,-1,-1,-1,-1
1834,275,717,194,39,50,0,-1,-1,-1,-1
1835,275,714,196,39,50,0,-1,-1,-1,-1
1836,275,710,199,40,50,0,-1,-1,-1,-1
1837,275,709,200,40,50,0,-1,-1,-1,-1
1838,275,706,202,42,51,0,-1,-1,-1,-1
1839,275,704,205,43,52,0,-1,-1,-1,-1
1840,275,704,207,43,51,0,-1,-1,-1,-1
1841,275,703,209,43,52,0,-1,-1,-1,-1
1842,275,702,210,45,53,0,-1,-1,-1,-1
1843,275,702,211,45,53,0,-1,-1,-1,-1
1844,275,702,211,45,53,0,-1,-1,-1,-1
1845,275,701,211,45,54,0,-1,-1,-1,-1
1846,275,700,211,46,54,0,-1,-1,-1,-1
1847,275,698,210,48,55,0,-1,-1,-1,-1
1848,275,697,210,47,56,0,-1,-1,-1,-1
1849,275,696,210,48,56,0,-1,-1,-1,-1
1850,275,693,211,49,56,0,-1,-1,-1,-1
1851,275,690,212,50,57,0,-1,-1,-1,-1
1852,275,689,212,51,58,0,-1,-1,-1,-1
1853,275,686,215,52,58,0,-1,-1,-1,-1
1854,275,682,218,53,59,0,-1,-1,-1,-1
1855,275,681,219,53,60,0,-1,-1,-1,-1
1856,275,678,222,53,61,0,-1,-1,-1,-1
1857,275,673,226,54,62,0,-1,-1,-1,-1
1858,275,671,227,55,63,0,-1,-1,-1,-1
1859,275,666,231,56,63,0,-1,-1,-1,-1
1860,275,661,233,56,64,0,-1,-1,-1,-1
1861,275,658,234,57,65,0,-1,-1,-1,-1
1862,275,653,235,57,65,0,-1,-1,-1,-1
1863,275,648,235,58,66,0,-1,-1,-1,-1
1864,275,646,235,59,66,0,-1,-1,-1,-1
1865,275,644,235,59,67,0,-1,-1,-1,-1
1866,275,642,234,60,68,0,-1,-1,-1,-1
1867,275,641,234,61,69,0,-1,-1,-1,-1
1868,275,640,234,62,70,0,-1,-1,-1,-1
1869,275,640,237,62,71,0,-1,-1,-1,-1
1870,275,640,237,63,72,0,-1,-1,-1,-1
1871,275,640,242,64,72,0,-1,-1,-1,-1
1872,275,642,248,65,74,0,-1,-1,-1,-1
1873,275,642,250,66,75,0,-1,-1,-1,-1
1874,275,645,256,67,76,0,-1,-1,-1,-1
1875,275,650,264,68,78,0,-1,-1,-1,-1
1876,275,652,268,68,78,0,-1,-1,-1,-1
1877,275,658,273,68,78,0,-1,-1,-1,-1
1878,275,665,277,70,80,0,-1,-1,-1,-1
1879,275,667,279,71,80,0,-1,-1,-1,-1
1880,275,673,281,71,80,0,-1,-1,-1,-1
1881,275,679,281,73,83,0,-1,-1,-1,-1
1882,275,681,281,73,83,0,-1,-1,-1,-1
1883,275,685,281,75,85,0,-1,-1,-1,-1
1884,275,690,281,77,88,0,-1,-1,-1,-1
1885,275,691,281,79,89,0,-1,-1,-1,-1
1886,275,696,285,79,90,0,-1,-1,-1,-1
1887,275,702,292,80,91,0,-1,-1,-1,-1
1888,275,704,295,80,91,0,-1,-1,-1,-1
1889,275,709,303,82,93,0,-1,-1,-1,-1
1890,275,715,316,84,95,0,-1,-1,-1,-1
1891,275,717,320,85,97,0,-1,-1,-1,-1
1892,275,721,329,89,100,0,-1,-1,-1,-1
1893,275,728,340,90,102,0,-1,-1,-1,-1
1894,275,730,344,91,103,0,-1,-1,-1,-1
1895,275,735,349,93,106,0,-1,-1,-1,-1
1896,275,743,355,96,108,0,-1,-1,-1,-1
1897,275,746,357,98,110,0,-1,-1,-1,-1
1898,275,755,358,100,112,0,-1,-1,-1,-1
1899,275,768,359,102,115,0,-1,-1,-1,-1
1900,275,772,360,104,115,0,-1,-1,-1,-1
1901,275,785,361,106,119,0,-1,-1,-1,-1
1902,275,800,367,112,125,0,-1,-1,-1,-1
1903,275,805,369,115,128,0,-1,-1,-1,-1
1904,275,819,378,120,135,0,-1,-1,-1,-1
