4,5,764,169,42,49,0,-1,-1,-1,-1
4,6,1361,166,25,36,0,-1,-1,-1,-1
5,5,761,169,43,50,0,-1,-1,-1,-1
5,6,1361,166,25,36,0,-1,-1,-1,-1
6,5,757,169,43,51,0,-1,-1,-1,-1
6,6,1361,166,25,36,0,-1,-1,-1,-1
7,5,756,169,43,51,0,-1,-1,-1,-1
7,6,1361,166,25,35,0,-1,-1,-1,-1
8,5,753,170,44,52,0,-1,-1,-1,-1
8,6,1361,166,25,35,0,-1,-1,-1,-1
9,5,750,171,44,53,0,-1,-1,-1,-1
9,6,1361,166,25,35,0,-1,-1,-1,-1
10,5,749,172,44,52,0,-1,-1,-1,-1
10,6,1361,166,24,35,0,-1,-1,-1,-1
11,5,748,174,44,52,0,-1,-1,-1,-1
11,6,1361,166,24,35,0,-1,-1,-1,-1
12,5,747,175,44,53,0,-1,-1,-1,-1
12,6,1361,166,24,35,0,-1,-1,-1,-1
13,5,747,175,44,53,0,-1,-1,-1,-1
13,6,1361,166,24,35,0,-1,-1,-1,-1
14,5,747,177,45,53,0,-1,-1,-1,-1
14,6,1361,166,24,35,0,-1,-1,-1,-1
15,5,747,179,45,52,0,-1,-1,-1,-1
15,6,1361,167,24,34,0,-1,-1,-1,-1
16,5,748,179,44,53,0,-1,-1,-1,-1
16,6,1360,167,25,34,0,-1,-1,-1,-1
17,5,747,181,45,53,0,-1,-1,-1,-1
17,6,1360,167,25,34,0,-1,-1,-1,-1
18,5,746,182,45,54,0,-1,-1,-1,-1
18,6,1360,167,25,34,0,-1,-1,-1,-1
19,5,745,183,45,54,0,-1,-1,-1,-1
19,6,1361,167,24,34,0,-1,-1,-1,-1
20,5,744,186,45,52,0,-1,-1,-1,-1
20,6,1361,167,24,34,0,-1,-1,-1,-1
21,5,741,186,46,53,0,-1,-1,-1,-1
21,6,1361,167,24,34,0,-1,-1,-1,-1
22,5,740,186,46,54,0,-1,-1,-1,-1
22,6,1361,167,24,34,0,-1,-1,-1,-1
23,5,737,186,47,55,0,-1,-1,-1,-1
23,6,1361,167,24,34,0,-1,-1,-1,-1
24,5,733,186,48,56,0,-1,-1,-1,-1
24,6,1361,167,24,34,0,-1,-1,-1,-1
25,5,732,186,47,57,0,-1,-1,-1,-1
25,6,1361,167,24,34,0,-1,-1,-1,-1
26,5,728,189,48,56,0,-1,-1,-1,-1
26,6,1361,167,24,34,0,-1,-1,-1,-1
27,5,724,192,48,56,0,-1,-1,-1,-1
27,6,1361,167,24,34,0,-1,-1,-1,-1
28,5,723,193,47,56,0,-1,-1,-1,-1
28,6,1361,167,24,34,0,-1,-1,-1,-1
29,5,718,197,47,55,0,-1,-1,-1,-1
29,6,1361,167,24,34,0,-1,-1,-1,-1
30,5,711,199,48,56,0,-1,-1,-1,-1
30,6,1362,167,23,34,0,-1,-1,-1,-1
31,5,708,200,49,57,0,-1,-1,-1,-1
31,6,1362,167,23,34,0,-1,-1,-1,-1
32,5,702,201,48,57,0,-1,-1,-1,-1
32,6,1362,167,24,34,0,-1,-1,-1,-1
33,5,694,201,49,57,0,-1,-1,-1,-1
33,6,1362,167,24,34,0,-1,-1,-1,-1
34,5,690,201,50,58,0,-1,-1,-1,-1
34,6,1362,167,24,34,0,-1,-1,-1,-1
35,5,684,200,51,58,0,-1,-1,-1,-1
35,6,1362,167,24,34,0,-1,-1,-1,-1
36,5,677,198,52,60,0,-1,-1,-1,-1
36,6,1362,167,24,34,0,-1,-1,-1,-1
37,5,675,197,52,61,0,-1,-1,-1,-1
37,6,1362,167,24,34,0,-1,-1,-1,-1
38,5,671,196,54,62,0,-1,-1,-1,-1
38,6,1362,167,24,34,0,-1,-1,-1,-1
39,5,668,196,54,62,0,-1,-1,-1,-1
39,6,1362,167,24,34,0,-1,-1,-1,-1
40,5,668,196,54,62,0,-1,-1,-1,-1
40,6,1362,167,24,34,0,-1,-1,-1,-1
41,5,666,197,55,63,0,-1,-1,-1,-1
41,6,1362,167,24,34,0,-1,-1,-1,-1
42,5,666,199,55,64,0,-1,-1,-1,-1
42,6,1362,167,24,34,0,-1,-1,-1,-1
43,5,666,200,55,64,0,-1,-1,-1,-1
43,6,1362,167,24,34,0,-1,-1,-1,-1
44,5,666,203,57,65,0,-1,-1,-1,-1
44,6,1362,167,24,34,0,-1,-1,-1,-1
45,5,668,208,57,65,0,-1,-1,-1,-1
45,6,1362,167,24,34,0,-1,-1,-1,-1
46,5,669,210,57,65,0,-1,-1,-1,-1
46,6,1362,167,24,34,0,-1,-1,-1,-1
47,5,672,214,57,65,0,-1,-1,-1,-1
47,6,1362,167,24,34,0,-1,-1,-1,-1
48,5,676,217,59,67,0,-1,-1,-1,-1
48,6,1362,167,24,34,0,-1,-1,-1,-1
49,5,678,218,59,68,0,-1,-1,-1,-1
49,6,1362,167,24,34,0,-1,-1,-1,-1
50,5,683,220,61,69,0,-1,-1,-1,-1
50,6,1362,167,24,34,0,-1,-1,-1,-1
51,5,690,221,61,70,0,-1,-1,-1,-1
51,6,1362,167,24,34,0,-1,-1,-1,-1
52,5,692,221,61,70,0,-1,-1,-1,-1
52,6,1362,167,24,34,0,-1,-1,-1,-1
53,5,697,221,62,71,0,-1,-1,-1,-1
53,6,1362,167,24,34,0,-1,-1,-1,-1
54,5,702,220,63,73,0,-1,-1,-1,-1
54,6,1362,167,24,34,0,-1,-1,-1,-1
55,5,703,220,65,73,0,-1,-1,-1,-1
55,6,1362,167,24,34,0,-1,-1,-1,-1
56,5,707,221,64,73,0,-1,-1,-1,-1
56,6,1362,167,23,34,0,-1,-1,-1,-1
57,5,709,222,65,74,0,-1,-1,-1,-1
57,6,1363,167,23,34,0,-1,-1,-1,-1
58,5,710,222,65,74,0,-1,-1,-1,-1
58,6,1363,167,23,34,0,-1,-1,-1,-1
59,5,711,224,66,74,0,-1,-1,-1,-1
59,6,1363,167,23,34,0,-1,-1,-1,-1
60,5,712,225,69,78,0,-1,-1,-1,-1
60,6,1363,166,24,35,0,-1,-1,-1,-1
61,5,713,226,69,79,0,-1,-1,-1,-1
61,6,1364,166,23,35,0,-1,-1,-1,-1
62,5,714,230,71,81,0,-1,-1,-1,-1
62,6,1364,166,23,35,0,-1,-1,-1,-1
63,5,717,239,71,81,0,-1,-1,-1,-1
63,6,1364,166,23,35,0,-1,-1,-1,-1
64,5,719,243,70,80,0,-1,-1,-1,-1
64,6,1364,166,23,35,0,-1,-1,-1,-1
65,5,720,249,72,82,0,-1,-1,-1,-1
65,6,1364,166,23,35,0,-1,-1,-1,-1
66,5,721,256,73,83,0,-1,-1,-1,-1
66,6,1363,167,23,34,0,-1,-1,-1,-1
67,5,721,258,74,84,0,-1,-1,-1,-1
67,6,1363,167,23,34,0,-1,-1,-1,-1
68,5,722,262,75,85,0,-1,-1,-1,-1
68,6,1363,167,23,34,0,-1,-1,-1,-1
69,5,722,264,77,87,0,-1,-1,-1,-1
69,6,1363,167,23,34,0,-1,-1,-1,-1
70,5,722,264,78,88,0,-1,-1,-1,-1
70,6,1364,167,22,34,0,-1,-1,-1,-1
71,5,723,266,78,89,0,-1,-1,-1,-1
71,6,1363,166,23,35,0,-1,-1,-1,-1
72,5,724,268,82,92,0,-1,-1,-1,-1
72,6,1364,165,23,37,0,-1,-1,-1,-1
73,5,724,268,83,93,0,-1,-1,-1,-1
73,6,1364,165,23,37,0,-1,-1,-1,-1
74,5,727,271,85,94,0,-1,-1,-1,-1
74,6,1364,165,24,37,0,-1,-1,-1,-1
75,5,733,275,86,96,0,-1,-1,-1,-1
75,6,1364,163,24,38,0,-1,-1,-1,-1
76,5,735,276,87,98,0,-1,-1,-1,-1
76,6,1364,163,24,39,0,-1,-1,-1,-1
77,5,740,280,90,101,0,-1,-1,-1,-1
77,6,1364,163,25,38,0,-1,-1,-1,-1
78,5,746,286,94,106,0,-1,-1,-1,-1
78,6,1364,162,25,39,0,-1,-1,-1,-1
79,5,749,288,95,108,0,-1,-1,-1,-1
79,6,1364,162,25,39,0,-1,-1,-1,-1
80,5,756,297,98,110,0,-1,-1,-1,-1
80,6,1364,162,25,39,0,-1,-1,-1,-1
81,5,768,308,98,112,0,-1,-1,-1,-1
81,6,1364,162,25,40,0,-1,-1,-1,-1
82,5,772,313,99,112,0,-1,-1,-1,-1
82,6,1364,163,25,39,0,-1,-1,-1,-1
83,5,784,323,100,113,0,-1,-1,-1,-1
83,6,1364,163,24,39,0,-1,-1,-1,-1
84,5,799,333,104,116,0,-1,-1,-1,-1
84,6,1364,163,24,39,0,-1,-1,-1,-1
85,5,805,337,105,117,0,-1,-1,-1,-1
85,6,1364,164,23,38,0,-1,-1,-1,-1
86,5,820,344,106,117,0,-1,-1,-1,-1
86,6,1364,164,23,38,0,-1,-1,-1,-1
87,5,838,349,109,121,0,-1,-1,-1,-1
87,6,1364,164,23,38,0,-1,-1,-1,-1
88,5,844,351,111,122,0,-1,-1,-1,-1
88,6,1364,164,23,38,0,-1,-1,-1,-1
89,5,855,352,116,127,0,-1,-1,-1,-1
89,6,1364,164,23,38,0,-1,-1,-1,-1
90,5,869,355,118,131,0,-1,-1,-1,-1
90,6,1363,165,23,37,0,-1,-1,-1,-1
91,5,875,356,119,132,0,-1,-1,-1,-1
91,6,1363,165,23,37,0,-1,-1,-1,-1
92,5,886,359,124,139,0,-1,-1,-1,-1
92,6,1364,165,22,37,0,-1,-1,-1,-1
93,5,900,364,131,147,0,-1,-1,-1,-1
93,6,1363,164,23,38,0,-1,-1,-1,-1
94,5,906,366,133,150,0,-1,-1,-1,-1
94,6,1363,164,23,38,0,-1,-1,-1,-1
95,5,923,379,135,153,0,-1,-1,-1,-1
95,6,1364,164,23,38,0,-1,-1,-1,-1
96,5,945,395,142,161,0,-1,-1,-1,-1
96,6,1365,162,23,40,0,-1,-1,-1,-1
97,5,953,401,144,164,0,-1,-1,-1,-1
97,6,1365,161,24,41,0,-1,-1,-1,-1
98,5,971,415,150,173,0,-1,-1,-1,-1
98,6,1365,161,25,41,0,-1,-1,-1,-1
99,5,997,434,155,180,0,-1,-1,-1,-1
100,5,1008,442,156,182,0,-1,-1,-1,-1
101,5,1029,456,160,188,0,-1,-1,-1,-1
102,5,1059,478,161,188,0,-1,-1,-1,-1
103,5,1070,486,161,189,0,-1,-1,-1,-1
104,5,1098,496,167,195,0,-1,-1,-1,-1
105,5,1136,508,175,204,0,-1,-1,-1,-1
106,5,1151,513,177,207,0,-1,-1,-1,-1
107,5,1184,522,182,215,0,-1,-1,-1,-1
108,5,1234,550,177,209,0,-1,-1,-1,-1
109,5,1253,560,174,208,0,-1,-1,-1,-1
110,5,1301,589,167,199,0,-1,-1,-1,-1
111,5,1356,625,162,193,0,-1,-1,-1,-1
112,5,1377,642,158,187,0,-1,-1,-1,-1
113,5,1424,672,154,182,0,-1,-1,-1,-1
961,77,786,149,24,34,0,-1,-1,-1,-1
962,77,781,145,29,40,0,-1,-1,-1,-1
963,77,778,144,29,42,0,-1,-1,-1,-1
964,77,776,144,30,42,0,-1,-1,-1,-1
965,77,773,143,32,44,0,-1,-1,-1,-1
966,77,768,142,34,45,0,-1,-1,-1,-1
967,77,767,142,33,46,0,-1,-1,-1,-1
968,77,763,142,35,47,0,-1,-1,-1,-1
969,77,758,143,37,49,0,-1,-1,-1,-1
970,77,756,143,38,50,0,-1,-1,-1,-1
971,77,752,145,38,50,0,-1,-1,-1,-1
972,77,749,148,38,50,0,-1,-1,-1,-1
973,77,747,149,39,50,0,-1,-1,-1,-1
974,77,745,152,38,49,0,-1,-1,-1,-1
975,77,741,154,38,48,0,-1,-1,-1,-1
976,77,740,155,38,48,0,-1,-1,-1,-1
977,77,738,155,38,48,0,-1,-1,-1,-1
978,77,734,155,39,49,0,-1,-1,-1,-1
979,77,733,155,40,49,0,-1,-1,-1,-1
980,77,730,155,40,49,0,-1,-1,-1,-1
981,77,726,154,41,51,0,-1,-1,-1,-1
982,77,725,154,41,51,0,-1,-1,-1,-1
983,77,722,154,42,52,0,-1,-1,-1,-1
984,77,719,156,42,51,0,-1,-1,-1,-1
985,77,718,156,42,51,0,-1,-1,-1,-1
986,77,715,157,43,52,0,-1,-1,-1,-1
987,77,711,158,43,53,0,-1,-1,-1,-1
988,77,710,158,43,53,0,-1,-1,-1,-1
989,77,707,160,44,54,0,-1,-1,-1,-1
990,77,703,163,44,53,0,-1,-1,-1,-1
991,77,701,163,45,54,0,-1,-1,-1,-1
992,77,696,164,47,56,0,-1,-1,-1,-1
993,77,691,164,47,57,0,-1,-1,-1,-1
994,77,690,164,46,57,0,-1,-1,-1,-1
995,77,685,163,47,57,0,-1,-1,-1,-1
996,77,680,162,48,57,0,-1,-1,-1,-1
997,77,678,161,49,58,0,-1,-1,-1,-1
998,77,675,159,49,60,0,-1,-1,-1,-1
999,77,672,158,50,60,0,-1,-1,-1,-1
1000,77,671,158,50,60,0,-1,-1,-1,-1
1001,77,668,157,51,62,0,-1,-1,-1,-1
1002,77,666,158,52,63,0,-1,-1,-1,-1
1003,77,665,158,52,64,0,-1,-1,-1,-1
1004,77,664,160,53,65,0,-1,-1,-1,-1
1005,77,664,162,54,66,0,-1,-1,-1,-1
1006,77,664,163,54,67,0,-1,-1,-1,-1
1007,77,665,166,54,68,0,-1,-1,-1,-1
1008,77,666,171,55,68,0,-1,-1,-1,-1
1009,77,667,173,54,67,0,-1,-1,-1,-1
1010,77,668,173,56,70,0,-1,-1,-1,-1
1011,77,670,174,56,70,0,-1,-1,-1,-1
1012,77,671,174,56,70,0,-1,-1,-1,-1
1013,77,672,174,57,71,0,-1,-1,-1,-1
1014,77,673,174,56,71,0,-1,-1,-1,-1
1015,77,673,175,57,70,0,-1,-1,-1,-1
1016,77,673,176,56,69,0,-1,-1,-1,-1
1017,77,672,175,58,71,0,-1,-1,-1,-1
1018,77,672,175,58,71,0,-1,-1,-1,-1
1019,77,670,175,61,74,0,-1,-1,-1,-1
1020,77,669,179,61,75,0,-1,-1,-1,-1
1021,77,669,180,61,76,0,-1,-1,-1,-1
1022,77,666,183,63,78,0,-1,-1,-1,-1
1023,77,665,190,62,77,0,-1,-1,-1,-1
1024,77,664,193,63,76,0,-1,-1,-1,-1
1025,77,662,197,63,78,0,-1,-1,-1,-1
1026,77,659,202,64,79,0,-1,-1,-1,-1
1027,77,658,203,65,80,0,-1,-1,-1,-1
1028,77,656,204,65,81,0,-1,-1,-1,-1
1029,77,654,202,67,83,0,-1,-1,-1,-1
1029,88,593,138,16,41,0,-1,-1,-1,-1
1030,77,653,202,68,83,0,-1,-1,-1,-1
1030,88,593,137,16,42,0,-1,-1,-1,-1
1031,77,653,201,68,84,0,-1,-1,-1,-1
1031,88,593,137,16,42,0,-1,-1,-1,-1
1032,77,653,200,70,85,0,-1,-1,-1,-1
1032,88,594,137,16,42,0,-1,-1,-1,-1
1033,77,654,200,69,85,0,-1,-1,-1,-1
1033,88,594,137,17,42,0,-1,-1,-1,-1
1034,77,655,199,72,88,0,-1,-1,-1,-1
1034,88,595,137,17,42,0,-1,-1,-1,-1
1035,77,658,202,73,89,0,-1,-1,-1,-1
1035,88,596,137,18,42,0,-1,-1,-1,-1
1036,77,660,203,73,89,0,-1,-1,-1,-1
1036,88,597,137,18,42,0,-1,-1,-1,-1
1037,77,663,208,74,90,0,-1,-1,-1,-1
1037,88,598,137,20,42,0,-1,-1,-1,-1
1038,77,668,214,76,92,0,-1,-1,-1,-1
1038,88,601,137,20,42,0,-1,-1,-1,-1
1039,77,670,216,77,93,0,-1,-1,-1,-1
1039,88,601,137,21,42,0,-1,-1,-1,-1
1040,77,675,223,79,94,0,-1,-1,-1,-1
1040,88,603,137,22,42,0,-1,-1,-1,-1
1041,77,682,229,82,97,0,-1,-1,-1,-1
1041,88,605,137,22,42,0,-1,-1,-1,-1
1042,77,684,231,83,99,0,-1,-1,-1,-1
1042,88,606,137,22,42,0,-1,-1,-1,-1
1043,77,692,237,84,100,0,-1,-1,-1,-1
1043,88,607,136,23,43,0,-1,-1,-1,-1
1044,77,704,243,84,99,0,-1,-1,-1,-1
1044,88,607,137,24,43,0,-1,-1,-1,-1
1045,77,709,246,83,98,0,-1,-1,-1,-1
1045,88,608,137,24,43,0,-1,-1,-1,-1
1046,77,717,247,85,98,0,-1,-1,-1,-1
1046,88,608,138,24,42,0,-1,-1,-1,-1
1047,77,724,245,89,103,0,-1,-1,-1,-1
1047,88,609,139,24,41,0,-1,-1,-1,-1
1048,77,727,244,90,104,0,-1,-1,-1,-1
1048,88,609,139,25,42,0,-1,-1,-1,-1
1049,77,734,246,91,104,0,-1,-1,-1,-1
1049,88,608,139,26,42,0,-1,-1,-1,-1
1050,77,742,248,92,107,0,-1,-1,-1,-1
1050,88,608,140,27,41,0,-1,-1,-1,-1
1051,77,744,249,94,108,0,-1,-1,-1,-1
1051,88,608,140,27,42,0,-1,-1,-1,-1
1052,77,749,249,98,113,0,-1,-1,-1,-1
1052,88,608,140,28,42,0,-1,-1,-1,-1
1053,77,755,254,102,118,0,-1,-1,-1,-1
1053,88,608,140,28,43,0,-1,-1,-1,-1
1054,77,757,256,103,120,0,-1,-1,-1,-1
1054,88,608,140,29,43,0,-1,-1,-1,-1
1055,77,762,265,105,122,0,-1,-1,-1,-1
1055,88,608,141,29,42,0,-1,-1,-1,-1
1056,77,768,277,107,124,0,-1,-1,-1,-1
1056,88,609,141,30,43,0,-1,-1,-1,-1
1057,77,770,281,108,126,0,-1,-1,-1,-1
1057,88,610,141,29,43,0,-1,-1,-1,-1
1058,77,774,289,112,132,0,-1,-1,-1,-1
1058,88,610,142,30,43,0,-1,-1,-1,-1
1059,77,781,300,113,132,0,-1,-1,-1,-1
1059,88,612,143,29,42,0,-1,-1,-1,-1
1060,77,784,304,113,132,0,-1,-1,-1,-1
1060,88,612,144,30,41,0,-1,-1,-1,-1
1061,77,788,305,118,139,0,-1,-1,-1,-1
1061,88,613,144,30,42,0,-1,-1,-1,-1
1062,77,797,308,120,142,0,-1,-1,-1,-1
1062,88,614,145,30,41,0,-1,-1,-1,-1
1063,77,801,310,121,142,0,-1,-1,-1,-1
1063,88,615,145,30,41,0,-1,-1,-1,-1
1064,77,809,309,125,147,0,-1,-1,-1,-1
1064,88,616,145,30,41,0,-1,-1,-1,-1
1065,77,822,307,130,154,0,-1,-1,-1,-1
1065,88,617,145,31,41,0,-1,-1,-1,-1
1066,77,827,306,132,157,0,-1,-1,-1,-1
1066,88,618,144,31,42,0,-1,-1,-1,-1
1067,77,840,309,135,159,0,-1,-1,-1,-1
1067,88,619,144,31,42,0,-1,-1,-1,-1
1068,77,858,312,142,168,0,-1,-1,-1,-1
1068,88,620,144,32,42,0,-1,-1,-1,-1
1069,77,865,314,144,171,0,-1,-1,-1,-1
1069,88,620,144,32,42,0,-1,-1,-1,-1
1070,77,885,326,147,175,0,-1,-1,-1,-1
1070,88,621,143,33,43,0,-1,-1,-1,-1
1071,77,910,343,149,177,0,-1,-1,-1,-1
1071,88,623,143,32,42,0,-1,-1,-1,-1
1072,77,919,349,150,179,0,-1,-1,-1,-1
1072,88,623,143,33,42,0,-1,-1,-1,-1
1073,77,946,369,154,184,0,-1,-1,-1,-1
1073,88,624,143,32,42,0,-1,-1,-1,-1
1074,77,986,392,159,191,0,-1,-1,-1,-1
1074,88,625,142,32,42,0,-1,-1,-1,-1
1075,77,1001,402,161,192,0,-1,-1,-1,-1
1075,88,626,142,31,42,0,-1,-1,-1,-1
1076,77,1039,428,156,184,0,-1,-1,-1,-1
1076,88,626,142,32,42,0,-1,-1,-1,-1
1077,77,1077,434,165,195,0,-1,-1,-1,-1
1077,88,627,142,32,42,0,-1,-1,-1,-1
1078,77,1091,437,169,198,0,-1,-1,-1,-1
1078,88,627,141,32,43,0,-1,-1,-1,-1
1079,77,1127,446,170,200,0,-1,-1,-1,-1
1079,88,628,141,32,43,0,-1,-1,-1,-1
1080,77,1170,447,183,215,0,-1,-1,-1,-1
1080,88,629,141,31,42,0,-1,-1,-1,-1
1081,77,1186,452,184,215,0,-1,-1,-1,-1
1081,88,629,141,31,42,0,-1,-1,-1,-1
1082,77,1216,460,190,221,0,-1,-1,-1,-1
1082,88,629,141,32,42,0,-1,-1,-1,-1
1083,77,1253,473,195,228,0,-1,-1,-1,-1
1083,88,630,141,31,42,0,-1,-1,-1,-1
1084,77,1267,477,196,231,0,-1,-1,-1,-1
1084,88,630,141,31,42,0,-1,-1,-1,-1
1085,77,1301,502,197,230,0,-1,-1,-1,-1
1085,88,631,141,31,42,0,-1,-1,-1,-1
1086,77,1340,528,201,236,0,-1,-1,-1,-1
1086,88,631,141,31,42,0,-1,-1,-1,-1
1087,77,1354,537,203,239,0,-1,-1,-1,-1
1087,88,631,141,31,42,0,-1,-1,-1,-1
1088,77,1386,570,200,235,0,-1,-1,-1,-1
1088,88,631,141,31,42,0,-1,-1,-1,-1
1089,77,1428,599,199,234,0,-1,-1,-1,-1
1089,88,632,141,31,42,0,-1,-1,-1,-1
1090,77,1443,609,199,235,0,-1,-1,-1,-1
1090,88,632,141,31,42,0,-1,-1,-1,-1
1091,77,1474,639,207,244,0,-1,-1,-1,-1
1091,88,633,141,31,42,0,-1,-1,-1,-1
1092,77,1504,662,217,258,0,-1,-1,-1,-1
1092,88,634,141,31,42,0,-1,-1,-1,-1
1093,77,1516,670,218,264,0,-1,-1,-1,-1
1093,88,634,140,32,43,0,-1,-1,-1,-1
1094,88,635,140,32,42,0,-1,-1,-1,-1
1095,88,637,140,31,42,0,-1,-1,-1,-1
1096,88,637,140,31,41,0,-1,-1,-1,-1
1097,88,638,140,31,41,0,-1,-1,-1,-1
1098,88,640,139,31,41,0,-1,-1,-1,-1
1099,88,640,139,31,41,0,-1,-1,-1,-1
1100,88,641,138,31,42,0,-1,-1,-1,-1
1101,88,642,138,31,42,0,-1,-1,-1,-1
1102,88,643,138,31,42,0,-1,-1,-1,-1
1103,88,643,137,32,42,0,-1,-1,-1,-1
1104,88,644,137,31,41,0,-1,-1,-1,-1
1105,88,645,137,31,41,0,-1,-1,-1,-1
1106,88,645,137,31,41,0,-1,-1,-1,-1
1107,88,645,137,32,41,0,-1,-1,-1,-1
1108,88,646,137,31,41,0,-1,-1,-1,-1
1109,88,646,137,31,41,0,-1,-1,-1,-1
1110,88,646,137,31,41,0,-1,-1,-1,-1
1111,88,646,137,31,41,0,-1,-1,-1,-1
1112,88,646,137,31,41,0,-1,-1,-1,-1
1113,88,646,137,32,41,0,-1,-1,-1,-1
1114,88,646,137,32,41,0,-1,-1,-1,-1
1115,88,646,136,32,42,0,-1,-1,-1,-1
1116,88,646,136,32,42,0,-1,-1,-1,-1
1117,88,646,136,32,42,0,-1,-1,-1,-1
1118,88,647,136,31,42,0,-1,-1,-1,-1
1119,88,647,136,31,42,0,-1,-1,-1,-1
1120,88,647,136,32,42,0,-1,-1,-1,-1
1121,88,647,136,32,42,0,-1,-1,-1,-1
1122,88,648,135,31,43,0,-1,-1,-1,-1
1123,88,648,135,31,43,0,-1,-1,-1,-1
1124,88,649,135,31,43,0,-1,-1,-1,-1
1125,88,650,135,31,43,0,-1,-1,-1,-1
1126,88,650,135,31,43,0,-1,-1,-1,-1
1127,88,651,135,31,43,0,-1,-1,-1,-1
1128,88,652,135,31,43,0,-1,-1,-1,-1
1129,88,652,135,31,43,0,-1,-1,-1,-1
1130,88,653,135,31,43,0,-1,-1,-1,-1
1131,88,655,135,31,43,0,-1,-1,-1,-1
1132,88,656,135,30,43,0,-1,-1,-1,-1
1133,88,657,135,30,43,0,-1,-1,-1,-1
1134,88,659,135,30,43,0,-1,-1,-1,-1
1135,88,660,135,30,43,0,-1,-1,-1,-1
1136,88,661,135,30,43,0,-1,-1,-1,-1
1137,88,663,136,30,42,0,-1,-1,-1,-1
1138,88,664,136,30,42,0,-1,-1,-1,-1
1139,88,665,136,30,42,0,-1,-1,-1,-1
1140,88,668,136,29,42,0,-1,-1,-1,-1
1140,95,757,190,36,39,0,-1,-1,-1,-1
1141,88,668,136,30,42,0,-1,-1,-1,-1
1141,95,756,190,36,39,0,-1,-1,-1,-1
1142,88,670,136,29,42,0,-1,-1,-1,-1
1142,95,749,188,37,41,0,-1,-1,-1,-1
1143,88,672,137,29,41,0,-1,-1,-1,-1
1143,95,742,187,39,43,0,-1,-1,-1,-1
1144,88,672,137,29,41,0,-1,-1,-1,-1
1144,95,740,187,39,44,0,-1,-1,-1,-1
1145,88,674,138,29,40,0,-1,-1,-1,-1
1145,95,734,189,39,43,0,-1,-1,-1,-1
1146,88,675,138,29,41,0,-1,-1,-1,-1
1146,95,726,194,39,42,0,-1,-1,-1,-1
1147,88,676,138,28,41,0,-1,-1,-1,-1
1147,95,724,195,38,43,0,-1,-1,-1,-1
1148,88,677,138,28,40,0,-1,-1,-1,-1
1148,95,719,197,39,44,0,-1,-1,-1,-1
1149,88,678,137,29,41,0,-1,-1,-1,-1
1149,95,715,199,40,45,0,-1,-1,-1,-1
1150,88,678,137,29,41,0,-1,-1,-1,-1
1150,95,714,200,40,45,0,-1,-1,-1,-1
1151,88,680,137,29,41,0,-1,-1,-1,-1
1151,95,712,200,41,46,0,-1,-1,-1,-1
1152,88,681,136,29,42,0,-1,-1,-1,-1
1152,95,710,200,41,47,0,-1,-1,-1,-1
1153,88,681,136,29,42,0,-1,-1,-1,-1
1153,95,709,200,41,47,0,-1,-1,-1,-1
1154,88,683,136,28,42,0,-1,-1,-1,-1
1154,95,707,199,41,48,0,-1,-1,-1,-1
1155,88,684,136,28,41,0,-1,-1,-1,-1
1155,95,705,198,41,48,0,-1,-1,-1,-1
1156,88,684,135,29,42,0,-1,-1,-1,-1
1156,95,704,198,41,48,0,-1,-1,-1,-1
1157,88,685,135,28,42,0,-1,-1,-1,-1
1157,95,702,198,41,48,0,-1,-1,-1,-1
1158,88,686,135,28,42,0,-1,-1,-1,-1
1158,95,700,199,41,48,0,-1,-1,-1,-1
1159,88,687,135,27,41,0,-1,-1,-1,-1
1159,95,700,199,40,49,0,-1,-1,-1,-1
1160,88,687,135,28,41,0,-1,-1,-1,-1
1160,95,698,202,40,47,0,-1,-1,-1,-1
1161,88,689,135,27,41,0,-1,-1,-1,-1
1161,95,696,205,40,48,0,-1,-1,-1,-1
1162,88,689,135,27,41,0,-1,-1,-1,-1
1162,95,695,206,40,48,0,-1,-1,-1,-1
1162,96,581,143,15,38,0,-1,-1,-1,-1
1163,88,690,136,27,40,0,-1,-1,-1,-1
1163,95,692,210,40,48,0,-1,-1,-1,-1
1163,96,583,145,15,36,0,-1,-1,-1,-1
1164,88,692,137,26,39,0,-1,-1,-1,-1
1164,95,689,212,41,49,0,-1,-1,-1,-1
1164,96,585,144,15,36,0,-1,-1,-1,-1
1164,98,89,208,25,38,0,-1,-1,-1,-1
1165,88,693,137,26,40,0,-1,-1,-1,-1
1165,95,688,213,41,49,0,-1,-1,-1,-1
1165,96,586,144,14,36,0,-1,-1,-1,-1
1165,98,89,209,24,37,0,-1,-1,-1,-1
1166,88,695,138,25,39,0,-1,-1,-1,-1
1166,95,686,214,41,48,0,-1,-1,-1,-1
1166,96,587,144,15,36,0,-1,-1,-1,-1
1166,98,86,209,25,37,0,-1,-1,-1,-1
1167,88,695,139,26,39,0,-1,-1,-1,-1
1167,95,684,214,41,49,0,-1,-1,-1,-1
1167,96,588,143,16,37,0,-1,-1,-1,-1
1167,98,83,209,26,39,0,-1,-1,-1,-1
1168,88,696,139,25,39,0,-1,-1,-1,-1
1168,95,683,214,41,49,0,-1,-1,-1,-1
1168,96,588,143,17,37,0,-1,-1,-1,-1
1168,98,82,209,27,39,0,-1,-1,-1,-1
1169,88,697,139,24,40,0,-1,-1,-1,-1
1169,95,683,214,40,49,0,-1,-1,-1,-1
1169,96,588,142,19,39,0,-1,-1,-1,-1
1169,98,81,209,27,41,0,-1,-1,-1,-1
1170,88,698,140,24,39,0,-1,-1,-1,-1
1170,95,682,214,41,50,0,-1,-1,-1,-1
1170,96,589,143,20,38,0,-1,-1,-1,-1
1170,98,79,210,27,40,0,-1,-1,-1,-1
1171,88,698,141,24,38,0,-1,-1,-1,-1
1171,95,682,214,41,50,0,-1,-1,-1,-1
1171,96,589,143,21,38,0,-1,-1,-1,-1
1171,98,78,210,28,40,0,-1,-1,-1,-1
1172,88,699,141,23,38,0,-1,-1,-1,-1
1172,95,682,215,41,50,0,-1,-1,-1,-1
1172,96,590,143,21,38,0,-1,-1,-1,-1
1172,98,77,210,28,41,0,-1,-1,-1,-1
1173,88,700,142,22,37,0,-1,-1,-1,-1
1173,95,683,216,41,50,0,-1,-1,-1,-1
1173,96,591,143,23,38,0,-1,-1,-1,-1
1173,98,75,211,28,40,0,-1,-1,-1,-1
1174,88,700,142,22,37,0,-1,-1,-1,-1
1174,95,684,216,41,51,0,-1,-1,-1,-1
1174,96,592,144,23,37,0,-1,-1,-1,-1
1174,98,74,211,29,40,0,-1,-1,-1,-1
1175,88,701,143,21,36,0,-1,-1,-1,-1
1175,95,685,218,41,52,0,-1,-1,-1,-1
1175,96,593,144,23,37,0,-1,-1,-1,-1
1175,98,73,211,29,40,0,-1,-1,-1,-1
1176,88,702,143,21,35,0,-1,-1,-1,-1
1176,95,689,221,41,52,0,-1,-1,-1,-1
1176,96,594,144,24,37,0,-1,-1,-1,-1
1176,98,71,211,29,41,0,-1,-1,-1,-1
1177,88,702,143,21,35,0,-1,-1,-1,-1
1177,95,690,222,41,52,0,-1,-1,-1,-1
1177,96,594,144,25,37,0,-1,-1,-1,-1
1177,98,70,212,30,40,0,-1,-1,-1,-1
1178,88,703,142,20,35,0,-1,-1,-1,-1
1178,95,693,223,41,52,0,-1,-1,-1,-1
1178,96,594,145,27,37,0,-1,-1,-1,-1
1178,98,69,212,30,41,0,-1,-1,-1,-1
1179,88,704,141,20,34,0,-1,-1,-1,-1
1179,95,696,223,41,53,0,-1,-1,-1,-1
1179,96,596,144,27,38,0,-1,-1,-1,-1
1179,98,67,213,30,40,0,-1,-1,-1,-1
1180,88,704,140,20,35,0,-1,-1,-1,-1
1180,95,697,223,42,54,0,-1,-1,-1,-1
1180,96,596,144,28,38,0,-1,-1,-1,-1
1180,98,66,213,31,41,0,-1,-1,-1,-1
1181,88,705,140,19,33,0,-1,-1,-1,-1
1181,95,698,223,42,54,0,-1,-1,-1,-1
1181,96,597,144,29,38,0,-1,-1,-1,-1
1181,98,65,214,31,40,0,-1,-1,-1,-1
1182,88,705,140,20,34,0,-1,-1,-1,-1
1182,95,700,223,42,54,0,-1,-1,-1,-1
1182,96,598,144,30,38,0,-1,-1,-1,-1
1182,98,63,215,31,40,0,-1,-1,-1,-1
1183,88,705,140,20,34,0,-1,-1,-1,-1
1183,95,700,223,42,54,0,-1,-1,-1,-1
1183,96,598,144,30,39,0,-1,-1,-1,-1
1183,98,63,215,31,40,0,-1,-1,-1,-1
1184,88,705,140,20,34,0,-1,-1,-1,-1
1184,95,701,222,43,56,0,-1,-1,-1,-1
1184,96,600,144,30,39,0,-1,-1,-1,-1
1184,98,61,216,32,39,0,-1,-1,-1,-1
1185,88,705,140,20,36,0,-1,-1,-1,-1
1185,95,701,222,44,57,0,-1,-1,-1,-1
1185,96,600,144,32,39,0,-1,-1,-1,-1
1185,98,60,216,32,40,0,-1,-1,-1,-1
1186,88,705,140,20,37,0,-1,-1,-1,-1
1186,95,701,222,44,57,0,-1,-1,-1,-1
1186,96,601,144,32,40,0,-1,-1,-1,-1
1186,98,59,216,32,40,0,-1,-1,-1,-1
1187,95,702,222,44,58,0,-1,-1,-1,-1
1187,96,601,143,33,41,0,-1,-1,-1,-1
1187,98,58,216,33,41,0,-1,-1,-1,-1
1188,95,703,223,45,58,0,-1,-1,-1,-1
1188,96,601,144,34,41,0,-1,-1,-1,-1
1188,98,58,217,32,40,0,-1,-1,-1,-1
1189,95,704,224,44,58,0,-1,-1,-1,-1
1189,96,601,144,34,41,0,-1,-1,-1,-1
1189,98,57,218,33,40,0,-1,-1,-1,-1
1190,95,705,224,44,58,0,-1,-1,-1,-1
1190,96,602,143,34,42,0,-1,-1,-1,-1
1190,98,57,218,32,40,0,-1,-1,-1,-1
1191,95,705,225,44,58,0,-1,-1,-1,-1
1191,96,602,143,35,42,0,-1,-1,-1,-1
1191,98,55,218,33,40,0,-1,-1,-1,-1
1192,95,705,225,44,59,0,-1,-1,-1,-1
1192,96,603,143,35,42,0,-1,-1,-1,-1
1192,98,55,218,33,41,0,-1,-1,-1,-1
1192,100,711,139,19,37,0,-1,-1,-1,-1
1193,95,705,227,44,59,0,-1,-1,-1,-1
1193,96,604,143,34,42,0,-1,-1,-1,-1
1193,98,54,219,33,40,0,-1,-1,-1,-1
1193,100,712,138,19,38,0,-1,-1,-1,-1
1194,95,705,230,44,60,0,-1,-1,-1,-1
1194,96,605,143,34,42,0,-1,-1,-1,-1
1194,98,53,219,33,40,0,-1,-1,-1,-1
1194,100,714,138,19,38,0,-1,-1,-1,-1
1195,95,705,232,44,59,0,-1,-1,-1,-1
1195,96,605,143,34,42,0,-1,-1,-1,-1
1195,98,53,218,33,41,0,-1,-1,-1,-1
1195,100,714,138,19,37,0,-1,-1,-1,-1
1196,95,705,235,44,60,0,-1,-1,-1,-1
1196,96,605,143,34,42,0,-1,-1,-1,-1
1196,98,53,219,33,40,0,-1,-1,-1,-1
1196,100,716,137,18,37,0,-1,-1,-1,-1
1197,95,705,238,44,60,0,-1,-1,-1,-1
1197,96,605,144,34,41,0,-1,-1,-1,-1
1197,98,52,219,34,41,0,-1,-1,-1,-1
1197,100,717,135,19,38,0,-1,-1,-1,-1
1198,95,705,239,44,60,0,-1,-1,-1,-1
1198,96,606,145,33,40,0,-1,-1,-1,-1
1198,98,52,219,34,41,0,-1,-1,-1,-1
1198,100,717,134,19,38,0,-1,-1,-1,-1
1199,95,705,241,44,60,0,-1,-1,-1,-1
1199,96,606,145,32,40,0,-1,-1,-1,-1
1199,98,52,219,34,41,0,-1,-1,-1,-1
1199,100,716,132,20,40,0,-1,-1,-1,-1
1200,95,703,243,45,61,0,-1,-1,-1,-1
1200,96,605,145,33,40,0,-1,-1,-1,-1
1200,98,52,219,33,41,0,-1,-1,-1,-1
1200,100,715,132,21,40,0,-1,-1,-1,-1
1201,95,702,244,46,61,0,-1,-1,-1,-1
1201,96,605,146,33,39,0,-1,-1,-1,-1
1201,98,52,219,33,41,0,-1,-1,-1,-1
1201,100,714,132,22,40,0,-1,-1,-1,-1
1202,95,702,246,45,61,0,-1,-1,-1,-1
1202,96,605,145,33,40,0,-1,-1,-1,-1
1202,98,52,219,33,41,0,-1,-1,-1,-1
1202,100,713,131,23,41,0,-1,-1,-1,-1
1203,95,702,247,46,62,0,-1,-1,-1,-1
1203,96,605,146,33,40,0,-1,-1,-1,-1
1203,98,52,219,33,42,0,-1,-1,-1,-1
1203,100,713,132,24,40,0,-1,-1,-1,-1
1204,95,702,248,46,62,0,-1,-1,-1,-1
1204,96,605,147,33,39,0,-1,-1,-1,-1
1204,98,52,219,33,42,0,-1,-1,-1,-1
1204,100,713,132,24,40,0,-1,-1,-1,-1
1205,95,702,245,48,66,0,-1,-1,-1,-1
1205,96,606,147,32,39,0,-1,-1,-1,-1
1205,98,52,220,33,41,0,-1,-1,-1,-1
1205,100,712,132,25,40,0,-1,-1,-1,-1
1206,95,704,245,48,66,0,-1,-1,-1,-1
1206,96,606,148,33,38,0,-1,-1,-1,-1
1206,98,51,220,33,41,0,-1,-1,-1,-1
1206,100,712,132,25,40,0,-1,-1,-1,-1
1207,95,706,245,47,65,0,-1,-1,-1,-1
1207,96,606,148,33,38,0,-1,-1,-1,-1
1207,98,50,220,34,41,0,-1,-1,-1,-1
1207,100,712,132,25,40,0,-1,-1,-1,-1
1208,96,607,147,33,39,0,-1,-1,-1,-1
1208,98,50,220,34,42,0,-1,-1,-1,-1
1208,100,711,132,26,41,0,-1,-1,-1,-1
1209,5,1276,158,22,30,0,-1,-1,-1,-1
1209,96,607,147,34,39,0,-1,-1,-1,-1
1209,98,49,221,34,41,0,-1,-1,-1,-1
1209,100,710,132,27,41,0,-1,-1,-1,-1
1210,5,1276,158,22,31,0,-1,-1,-1,-1
1210,96,607,147,34,39,0,-1,-1,-1,-1
1210,98,48,221,34,41,0,-1,-1,-1,-1
1210,100,710,132,27,41,0,-1,-1,-1,-1
1211,5,1276,158,21,30,0,-1,-1,-1,-1
1211,96,609,147,34,39,0,-1,-1,-1,-1
1211,98,47,221,34,41,0,-1,-1,-1,-1
1211,100,708,132,28,41,0,-1,-1,-1,-1
1212,5,1275,158,23,32,0,-1,-1,-1,-1
1212,96,610,147,34,39,0,-1,-1,-1,-1
1212,98,46,221,34,42,0,-1,-1,-1,-1
1212,100,706,132,29,41,0,-1,-1,-1,-1
1213,5,1274,157,24,34,0,-1,-1,-1,-1
1213,96,611,147,34,39,0,-1,-1,-1,-1
1213,98,46,221,34,42,0,-1,-1,-1,-1
1213,100,706,132,28,41,0,-1,-1,-1,-1
1214,5,1274,158,24,33,0,-1,-1,-1,-1
1214,96,612,147,34,39,0,-1,-1,-1,-1
1214,98,45,222,34,41,0,-1,-1,-1,-1
1214,100,704,132,30,41,0,-1,-1,-1,-1
1215,5,1274,159,23,32,0,-1,-1,-1,-1
1215,96,612,147,34,39,0,-1,-1,-1,-1
1215,98,45,222,33,41,0,-1,-1,-1,-1
1215,100,704,132,29,41,0,-1,-1,-1,-1
1216,5,1275,159,22,32,0,-1,-1,-1,-1
1216,96,612,147,34,39,0,-1,-1,-1,-1
1216,98,44,222,33,41,0,-1,-1,-1,-1
1216,100,703,132,30,41,0,-1,-1,-1,-1
1217,5,1275,159,22,32,0,-1,-1,-1,-1
1217,96,613,147,34,39,0,-1,-1,-1,-1
1217,98,44,222,33,41,0,-1,-1,-1,-1
1217,100,703,132,29,41,0,-1,-1,-1,-1
1218,5,1275,158,22,33,0,-1,-1,-1,-1
1218,96,613,146,35,40,0,-1,-1,-1,-1
1218,98,44,222,33,41,0,-1,-1,-1,-1
1218,100,702,132,30,41,0,-1,-1,-1,-1
1219,5,1275,158,22,33,0,-1,-1,-1,-1
1219,96,613,146,35,39,0,-1,-1,-1,-1
1219,98,43,222,34,41,0,-1,-1,-1,-1
1219,100,702,132,30,41,0,-1,-1,-1,-1
1220,5,1276,158,21,32,0,-1,-1,-1,-1
1220,96,614,145,35,40,0,-1,-1,-1,-1
1220,98,43,221,34,42,0,-1,-1,-1,-1
1220,100,701,132,31,42,0,-1,-1,-1,-1
1221,5,1276,158,22,32,0,-1,-1,-1,-1
1221,96,614,145,35,41,0,-1,-1,-1,-1
1221,98,42,221,34,41,0,-1,-1,-1,-1
1221,100,700,132,32,42,0,-1,-1,-1,-1
1222,5,1276,158,22,32,0,-1,-1,-1,-1
1222,96,614,145,36,41,0,-1,-1,-1,-1
1222,98,42,221,34,41,0,-1,-1,-1,-1
1222,100,700,132,32,42,0,-1,-1,-1,-1
1223,5,1277,158,21,32,0,-1,-1,-1,-1
1223,96,615,146,35,40,0,-1,-1,-1,-1
1223,98,41,221,34,41,0,-1,-1,-1,-1
1223,100,700,132,32,42,0,-1,-1,-1,-1
1224,5,1277,157,21,32,0,-1,-1,-1,-1
1224,96,616,147,35,40,0,-1,-1,-1,-1
1224,98,41,221,34,42,0,-1,-1,-1,-1
1224,100,700,132,32,42,0,-1,-1,-1,-1
1225,5,1277,157,21,32,0,-1,-1,-1,-1
1225,96,617,147,34,40,0,-1,-1,-1,-1
1225,98,40,221,34,42,0,-1,-1,-1,-1
1225,100,700,132,32,42,0,-1,-1,-1,-1
1226,5,1277,156,21,33,0,-1,-1,-1,-1
1226,96,618,148,34,39,0,-1,-1,-1,-1
1226,98,40,222,34,42,0,-1,-1,-1,-1
1226,100,700,132,32,42,0,-1,-1,-1,-1
1227,5,1277,156,21,33,0,-1,-1,-1,-1
1227,96,619,148,34,39,0,-1,-1,-1,-1
1227,98,39,223,33,41,0,-1,-1,-1,-1
1227,100,700,133,32,41,0,-1,-1,-1,-1
1228,5,1277,156,21,32,0,-1,-1,-1,-1
1228,96,620,148,34,39,0,-1,-1,-1,-1
1228,98,38,223,34,41,0,-1,-1,-1,-1
1228,100,700,133,32,41,0,-1,-1,-1,-1
1229,5,1277,156,21,32,0,-1,-1,-1,-1
1229,96,620,149,34,39,0,-1,-1,-1,-1
1229,98,38,224,33,41,0,-1,-1,-1,-1
1229,100,700,133,32,41,0,-1,-1,-1,-1
1230,5,1277,156,21,32,0,-1,-1,-1,-1
1230,96,621,149,35,40,0,-1,-1,-1,-1
1230,98,37,225,33,41,0,-1,-1,-1,-1
1230,100,701,133,31,41,0,-1,-1,-1,-1
1231,5,1277,156,20,32,0,-1,-1,-1,-1
1231,96,622,149,34,41,0,-1,-1,-1,-1
1231,98,36,225,34,42,0,-1,-1,-1,-1
1231,100,701,132,32,42,0,-1,-1,-1,-1
1232,5,1276,156,21,32,0,-1,-1,-1,-1
1232,96,623,149,34,41,0,-1,-1,-1,-1
1232,98,35,226,34,41,0,-1,-1,-1,-1
1232,100,701,133,32,41,0,-1,-1,-1,-1
1233,5,1276,155,21,33,0,-1,-1,-1,-1
1233,96,624,150,35,41,0,-1,-1,-1,-1
1233,98,34,227,34,41,0,-1,-1,-1,-1
1233,100,701,132,32,41,0,-1,-1,-1,-1
1234,5,1276,155,20,33,0,-1,-1,-1,-1
1234,96,625,150,35,41,0,-1,-1,-1,-1
1234,98,34,227,34,41,0,-1,-1,-1,-1
1234,100,701,132,32,41,0,-1,-1,-1,-1
1235,5,1275,155,21,33,0,-1,-1,-1,-1
1235,96,626,151,34,41,0,-1,-1,-1,-1
1235,98,33,228,34,41,0,-1,-1,-1,-1
1235,100,702,133,32,40,0,-1,-1,-1,-1
1236,5,1275,155,20,33,0,-1,-1,-1,-1
1236,96,627,151,34,41,0,-1,-1,-1,-1
1236,98,32,229,34,41,0,-1,-1,-1,-1
1236,100,702,133,32,41,0,-1,-1,-1,-1
1237,5,1274,155,21,33,0,-1,-1,-1,-1
1237,96,627,151,34,41,0,-1,-1,-1,-1
1237,98,32,229,33,41,0,-1,-1,-1,-1
1237,100,702,133,32,41,0,-1,-1,-1,-1
1238,5,1274,155,20,33,0,-1,-1,-1,-1
1238,96,627,151,34,41,0,-1,-1,-1,-1
1238,98,31,229,34,41,0,-1,-1,-1,-1
1238,100,703,133,32,41,0,-1,-1,-1,-1
1239,5,1274,155,20,33,0,-1,-1,-1,-1
1239,96,628,151,33,41,0,-1,-1,-1,-1
1239,98,30,229,34,42,0,-1,-1,-1,-1
1239,100,703,133,33,41,0,-1,-1,-1,-1
1240,5,1273,156,20,32,0,-1,-1,-1,-1
1240,96,628,151,33,41,0,-1,-1,-1,-1
1240,98,30,228,34,43,0,-1,-1,-1,-1
1240,100,703,133,33,41,0,-1,-1,-1,-1
1241,5,1273,156,20,32,0,-1,-1,-1,-1
1241,96,628,151,33,40,0,-1,-1,-1,-1
1241,98,30,228,34,43,0,-1,-1,-1,-1
1241,100,704,132,32,41,0,-1,-1,-1,-1
1242,5,1272,156,20,32,0,-1,-1,-1,-1
1242,96,628,151,34,40,0,-1,-1,-1,-1
1242,98,30,228,34,42,0,-1,-1,-1,-1
1242,100,705,132,32,41,0,-1,-1,-1,-1
1243,5,1272,156,19,31,0,-1,-1,-1,-1
1243,96,629,151,33,40,0,-1,-1,-1,-1
1243,98,30,228,34,42,0,-1,-1,-1,-1
1243,100,705,132,32,41,0,-1,-1,-1,-1
1244,5,1271,156,19,31,0,-1,-1,-1,-1
1244,96,629,151,33,40,0,-1,-1,-1,-1
1244,98,29,228,34,42,0,-1,-1,-1,-1
1244,100,705,133,33,40,0,-1,-1,-1,-1
1245,5,1270,156,20,31,0,-1,-1,-1,-1
1245,96,629,150,33,40,0,-1,-1,-1,-1
1245,98,29,228,34,42,0,-1,-1,-1,-1
1245,100,706,133,33,41,0,-1,-1,-1,-1
1246,5,1270,156,19,31,0,-1,-1,-1,-1
1246,96,629,150,33,40,0,-1,-1,-1,-1
1246,98,29,228,34,42,0,-1,-1,-1,-1
1246,100,707,133,32,41,0,-1,-1,-1,-1
1247,5,1270,155,19,32,0,-1,-1,-1,-1
1247,96,630,150,33,40,0,-1,-1,-1,-1
1247,98,29,228,33,42,0,-1,-1,-1,-1
1247,100,707,133,33,42,0,-1,-1,-1,-1
1248,5,1269,155,20,32,0,-1,-1,-1,-1
1248,96,631,150,33,40,0,-1,-1,-1,-1
1248,98,28,229,33,41,0,-1,-1,-1,-1
1248,100,707,134,33,41,0,-1,-1,-1,-1
1249,5,1269,155,20,32,0,-1,-1,-1,-1
1249,96,631,150,34,40,0,-1,-1,-1,-1
1249,98,27,229,33,42,0,-1,-1,-1,-1
1249,100,708,134,33,41,0,-1,-1,-1,-1
1250,5,1269,154,20,33,0,-1,-1,-1,-1
1250,96,632,150,33,39,0,-1,-1,-1,-1
1250,98,26,230,33,41,0,-1,-1,-1,-1
1250,100,708,134,33,42,0,-1,-1,-1,-1
1251,5,1270,154,20,33,0,-1,-1,-1,-1
1251,96,632,149,34,40,0,-1,-1,-1,-1
1251,98,26,230,33,41,0,-1,-1,-1,-1
1251,100,708,134,33,42,0,-1,-1,-1,-1
1252,5,1270,154,20,33,0,-1,-1,-1,-1
1252,96,632,149,35,40,0,-1,-1,-1,-1
1252,98,25,230,34,41,0,-1,-1,-1,-1
1252,100,708,134,34,42,0,-1,-1,-1,-1
1253,5,1270,153,20,34,0,-1,-1,-1,-1
1253,96,633,149,34,39,0,-1,-1,-1,-1
1253,98,25,230,33,41,0,-1,-1,-1,-1
1253,100,709,134,33,42,0,-1,-1,-1,-1
1254,5,1269,152,21,34,0,-1,-1,-1,-1
1254,96,634,148,33,39,0,-1,-1,-1,-1
1254,98,24,229,34,42,0,-1,-1,-1,-1
1254,100,709,134,33,42,0,-1,-1,-1,-1
1255,5,1269,151,21,34,0,-1,-1,-1,-1
1255,96,634,148,34,39,0,-1,-1,-1,-1
1255,98,24,229,34,42,0,-1,-1,-1,-1
1255,100,709,134,34,42,0,-1,-1,-1,-1
1256,5,1269,151,21,34,0,-1,-1,-1,-1
1256,96,634,148,34,38,0,-1,-1,-1,-1
1256,98,24,229,34,41,0,-1,-1,-1,-1
1256,100,709,134,34,43,0,-1,-1,-1,-1
1257,5,1268,151,20,33,0,-1,-1,-1,-1
1257,96,635,148,33,38,0,-1,-1,-1,-1
1257,98,23,229,34,41,0,-1,-1,-1,-1
1257,100,710,134,33,44,0,-1,-1,-1,-1
1258,5,1268,151,20,33,0,-1,-1,-1,-1
1258,96,635,148,33,38,0,-1,-1,-1,-1
1258,98,23,229,34,41,0,-1,-1,-1,-1
1258,100,710,135,34,43,0,-1,-1,-1,-1
1259,5,1268,150,20,33,0,-1,-1,-1,-1
1259,96,634,148,34,38,0,-1,-1,-1,-1
1259,98,23,229,34,41,0,-1,-1,-1,-1
1259,100,710,135,34,43,0,-1,-1,-1,-1
1260,5,1267,150,21,33,0,-1,-1,-1,-1
1260,96,634,147,34,39,0,-1,-1,-1,-1
1260,98,23,228,34,42,0,-1,-1,-1,-1
1260,100,711,135,33,43,0,-1,-1,-1,-1
1261,5,1267,150,21,33,0,-1,-1,-1,-1
1261,96,634,147,34,39,0,-1,-1,-1,-1
1261,98,23,228,34,42,0,-1,-1,-1,-1
1261,100,711,135,33,43,0,-1,-1,-1,-1
1262,5,1267,150,21,33,0,-1,-1,-1,-1
1262,96,633,147,34,39,0,-1,-1,-1,-1
1262,98,23,228,34,41,0,-1,-1,-1,-1
1262,100,711,134,34,44,0,-1,-1,-1,-1
1263,5,1266,150,21,33,0,-1,-1,-1,-1
1263,96,633,146,34,40,0,-1,-1,-1,-1
1263,98,24,228,33,41,0,-1,-1,-1,-1
1263,100,711,134,34,44,0,-1,-1,-1,-1
1264,5,1266,149,21,34,0,-1,-1,-1,-1
1264,96,632,146,35,40,0,-1,-1,-1,-1
1264,98,24,228,34,41,0,-1,-1,-1,-1
1264,100,711,134,34,44,0,-1,-1,-1,-1
1265,5,1266,149,22,35,0,-1,-1,-1,-1
1265,96,632,145,35,40,0,-1,-1,-1,-1
1265,98,24,228,34,40,0,-1,-1,-1,-1
1265,100,711,134,33,44,0,-1,-1,-1,-1
1266,5,1266,150,21,34,0,-1,-1,-1,-1
1266,96,632,146,34,39,0,-1,-1,-1,-1
1266,98,25,227,33,41,0,-1,-1,-1,-1
1266,100,711,134,33,44,0,-1,-1,-1,-1
1267,5,1266,150,21,34,0,-1,-1,-1,-1
1267,96,632,146,34,39,0,-1,-1,-1,-1
1267,98,25,227,33,41,0,-1,-1,-1,-1
1267,100,711,134,33,44,0,-1,-1,-1,-1
1268,5,1266,150,21,34,0,-1,-1,-1,-1
1268,96,631,146,35,39,0,-1,-1,-1,-1
1268,98,25,227,33,41,0,-1,-1,-1,-1
1268,100,711,134,33,44,0,-1,-1,-1,-1
1269,5,1266,150,22,34,0,-1,-1,-1,-1
1269,96,631,145,35,40,0,-1,-1,-1,-1
1269,98,25,227,34,41,0,-1,-1,-1,-1
1269,100,711,134,34,44,0,-1,-1,-1,-1
1270,5,1266,150,22,34,0,-1,-1,-1,-1
1270,96,631,145,35,40,0,-1,-1,-1,-1
1270,98,25,227,34,41,0,-1,-1,-1,-1
1270,100,711,134,34,44,0,-1,-1,-1,-1
1271,5,1265,150,23,34,0,-1,-1,-1,-1
1271,96,631,146,35,39,0,-1,-1,-1,-1
1271,98,25,227,34,41,0,-1,-1,-1,-1
1271,100,711,134,34,44,0,-1,-1,-1,-1
1272,5,1265,151,23,33,0,-1,-1,-1,-1
1272,96,631,145,35,40,0,-1,-1,-1,-1
1272,98,25,226,35,41,0,-1,-1,-1,-1
1272,100,712,134,34,44,0,-1,-1,-1,-1
1273,5,1265,151,23,33,0,-1,-1,-1,-1
1273,96,631,145,34,40,0,-1,-1,-1,-1
1273,98,26,226,34,41,0,-1,-1,-1,-1
1273,100,712,134,34,44,0,-1,-1,-1,-1
1274,5,1265,151,23,33,0,-1,-1,-1,-1
1274,96,630,145,35,40,0,-1,-1,-1,-1
1274,98,26,226,34,41,0,-1,-1,-1,-1
1274,100,713,134,33,44,0,-1,-1,-1,-1
1275,5,1265,151,22,33,0,-1,-1,-1,-1
1275,96,630,145,35,40,0,-1,-1,-1,-1
1275,98,26,225,34,42,0,-1,-1,-1,-1
1275,100,714,134,33,44,0,-1,-1,-1,-1
1276,5,1265,151,22,33,0,-1,-1,-1,-1
1276,96,630,145,35,40,0,-1,-1,-1,-1
1276,98,26,225,34,42,0,-1,-1,-1,-1
1276,100,714,134,33,44,0,-1,-1,-1,-1
1277,5,1265,151,23,33,0,-1,-1,-1,-1
1277,96,630,145,35,40,0,-1,-1,-1,-1
1277,98,26,225,34,42,0,-1,-1,-1,-1
1277,100,715,134,33,44,0,-1,-1,-1,-1
1278,5,1266,151,23,33,0,-1,-1,-1,-1
1278,96,630,146,35,39,0,-1,-1,-1,-1
1278,98,26,226,34,41,0,-1,-1,-1,-1
1278,100,717,134,33,44,0,-1,-1,-1,-1
1279,5,1266,151,23,33,0,-1,-1,-1,-1
1279,96,630,146,34,39,0,-1,-1,-1,-1
1279,98,27,226,33,41,0,-1,-1,-1,-1
1279,100,717,135,33,43,0,-1,-1,-1,-1
1280,5,1266,151,22,33,0,-1,-1,-1,-1
1280,96,630,146,34,39,0,-1,-1,-1,-1
1280,98,27,226,34,41,0,-1,-1,-1,-1
1280,100,719,135,32,44,0,-1,-1,-1,-1
1281,5,1266,151,22,33,0,-1,-1,-1,-1
1281,96,630,147,34,38,0,-1,-1,-1,-1
1281,98,27,226,34,41,0,-1,-1,-1,-1
1281,100,720,136,32,43,0,-1,-1,-1,-1
1282,5,1266,151,22,33,0,-1,-1,-1,-1
1282,96,631,147,33,38,0,-1,-1,-1,-1
1282,98,27,226,34,41,0,-1,-1,-1,-1
1282,100,720,137,32,42,0,-1,-1,-1,-1
1283,5,1266,151,23,33,0,-1,-1,-1,-1
1283,96,630,147,34,38,0,-1,-1,-1,-1
1283,98,28,226,33,41,0,-1,-1,-1,-1
1283,100,721,137,32,42,0,-1,-1,-1,-1
1284,5,1266,151,23,33,0,-1,-1,-1,-1
1284,96,630,147,34,38,0,-1,-1,-1,-1
1284,98,28,226,33,41,0,-1,-1,-1,-1
1284,100,722,137,32,42,0,-1,-1,-1,-1
1285,5,1266,151,23,33,0,-1,-1,-1,-1
1285,96,630,147,34,38,0,-1,-1,-1,-1
1285,98,28,226,33,41,0,-1,-1,-1,-1
1285,100,722,137,33,43,0,-1,-1,-1,-1
1286,5,1267,151,22,33,0,-1,-1,-1,-1
1286,96,630,147,34,38,0,-1,-1,-1,-1
1286,98,28,226,33,41,0,-1,-1,-1,-1
1286,100,722,137,33,43,0,-1,-1,-1,-1
1287,5,1267,150,22,34,0,-1,-1,-1,-1
1287,96,630,146,34,39,0,-1,-1,-1,-1
1287,98,28,227,33,40,0,-1,-1,-1,-1
1287,100,723,137,33,43,0,-1,-1,-1,-1
1288,5,1267,150,22,34,0,-1,-1,-1,-1
1288,96,631,146,33,39,0,-1,-1,-1,-1
1288,98,28,227,33,40,0,-1,-1,-1,-1
1288,100,723,136,33,44,0,-1,-1,-1,-1
1289,5,1267,150,22,34,0,-1,-1,-1,-1
1289,96,631,146,34,39,0,-1,-1,-1,-1
1289,98,27,227,33,40,0,-1,-1,-1,-1
1289,100,723,136,33,44,0,-1,-1,-1,-1
1290,5,1266,150,23,34,0,-1,-1,-1,-1
1290,96,632,146,34,39,0,-1,-1,-1,-1
1290,98,27,227,33,40,0,-1,-1,-1,-1
1290,100,723,136,33,44,0,-1,-1,-1,-1
1291,5,1266,150,23,34,0,-1,-1,-1,-1
1291,96,632,146,34,40,0,-1,-1,-1,-1
1291,98,26,228,33,40,0,-1,-1,-1,-1
1291,100,724,137,32,42,0,-1,-1,-1,-1
1292,5,1266,150,23,34,0,-1,-1,-1,-1
1292,96,633,146,34,40,0,-1,-1,-1,-1
1292,98,25,228,33,40,0,-1,-1,-1,-1
1292,100,724,136,32,44,0,-1,-1,-1,-1
1293,5,1265,150,23,34,0,-1,-1,-1,-1
1293,96,634,147,34,39,0,-1,-1,-1,-1
1293,98,25,228,33,40,0,-1,-1,-1,-1
1293,100,724,136,33,44,0,-1,-1,-1,-1
1294,5,1265,150,23,34,0,-1,-1,-1,-1
1294,96,635,147,34,39,0,-1,-1,-1,-1
1294,98,24,229,33,40,0,-1,-1,-1,-1
1294,100,724,136,33,44,0,-1,-1,-1,-1
1295,5,1265,150,23,34,0,-1,-1,-1,-1
1295,96,635,147,35,39,0,-1,-1,-1,-1
1295,98,23,228,33,41,0,-1,-1,-1,-1
1295,100,723,136,34,44,0,-1,-1,-1,-1
1296,5,1265,151,23,33,0,-1,-1,-1,-1
1296,96,637,147,34,39,0,-1,-1,-1,-1
1296,98,22,229,33,40,0,-1,-1,-1,-1
1296,100,723,136,34,44,0,-1,-1,-1,-1
1297,5,1264,151,23,33,0,-1,-1,-1,-1
1297,96,637,147,34,39,0,-1,-1,-1,-1
1297,98,21,229,34,41,0,-1,-1,-1,-1
1297,100,723,136,34,43,0,-1,-1,-1,-1
1298,5,1264,151,23,33,0,-1,-1,-1,-1
1298,96,638,147,34,39,0,-1,-1,-1,-1
1298,98,20,230,34,40,0,-1,-1,-1,-1
1298,100,723,136,34,43,0,-1,-1,-1,-1
1299,5,1264,151,23,34,0,-1,-1,-1,-1
1299,96,639,148,34,38,0,-1,-1,-1,-1
1299,98,19,230,34,40,0,-1,-1,-1,-1
1299,100,723,135,33,44,0,-1,-1,-1,-1
1300,5,1264,151,23,34,0,-1,-1,-1,-1
1300,96,640,148,34,38,0,-1,-1,-1,-1
1300,98,19,230,33,40,0,-1,-1,-1,-1
1300,100,723,135,33,44,0,-1,-1,-1,-1
1301,5,1264,151,23,34,0,-1,-1,-1,-1
1301,96,641,148,34,38,0,-1,-1,-1,-1
1301,98,17,231,34,40,0,-1,-1,-1,-1
1301,100,723,135,33,44,0,-1,-1,-1,-1
1302,5,1263,152,24,33,0,-1,-1,-1,-1
1302,77,705,193,30,46,0,-1,-1,-1,-1
1302,96,642,148,34,38,0,-1,-1,-1,-1
1302,98,16,232,33,40,0,-1,-1,-1,-1
1302,100,722,135,34,44,0,-1,-1,-1,-1
1303,5,1263,152,24,33,0,-1,-1,-1,-1
1303,77,705,193,30,46,0,-1,-1,-1,-1
1303,96,642,148,34,38,0,-1,-1,-1,-1
1303,98,15,232,34,40,0,-1,-1,-1,-1
1303,100,722,135,34,44,0,-1,-1,-1,-1
1304,5,1264,152,23,34,0,-1,-1,-1,-1
1304,77,704,193,31,46,0,-1,-1,-1,-1
1304,96,643,149,34,38,0,-1,-1,-1,-1
1304,98,15,232,34,41,0,-1,-1,-1,-1
1304,100,722,135,33,44,0,-1,-1,-1,-1
1305,5,1264,152,24,35,0,-1,-1,-1,-1
1305,77,704,193,31,46,0,-1,-1,-1,-1
1305,96,644,149,34,38,0,-1,-1,-1,-1
1305,98,14,232,34,41,0,-1,-1,-1,-1
1305,100,721,136,33,43,0,-1,-1,-1,-1
1306,5,1264,152,24,35,0,-1,-1,-1,-1
1306,77,704,193,31,46,0,-1,-1,-1,-1
1306,96,644,150,34,37,0,-1,-1,-1,-1
1306,98,14,232,34,41,0,-1,-1,-1,-1
1306,100,721,136,33,43,0,-1,-1,-1,-1
1307,5,1264,152,24,35,0,-1,-1,-1,-1
1307,77,703,193,32,46,0,-1,-1,-1,-1
1307,96,645,150,34,38,0,-1,-1,-1,-1
1307,98,13,233,35,41,0,-1,-1,-1,-1
1307,100,721,136,33,43,0,-1,-1,-1,-1
1308,5,1265,152,24,36,0,-1,-1,-1,-1
1308,77,704,193,31,46,0,-1,-1,-1,-1
1308,96,645,150,34,38,0,-1,-1,-1,-1
1308,98,13,233,35,41,0,-1,-1,-1,-1
1308,100,720,136,33,42,0,-1,-1,-1,-1
1309,5,1265,152,24,36,0,-1,-1,-1,-1
1309,77,704,193,32,46,0,-1,-1,-1,-1
1309,96,645,150,35,38,0,-1,-1,-1,-1
1309,98,13,233,34,41,0,-1,-1,-1,-1
1309,100,720,136,32,42,0,-1,-1,-1,-1
1310,5,1265,152,24,36,0,-1,-1,-1,-1
1310,77,704,193,32,46,0,-1,-1,-1,-1
1310,96,645,149,35,38,0,-1,-1,-1,-1
1310,98,13,233,34,41,0,-1,-1,-1,-1
1310,100,719,136,33,42,0,-1,-1,-1,-1
1311,5,1265,152,24,36,0,-1,-1,-1,-1
1311,77,703,193,32,46,0,-1,-1,-1,-1
1311,96,645,149,35,38,0,-1,-1,-1,-1
1311,98,13,233,34,41,0,-1,-1,-1,-1
1311,100,718,136,33,41,0,-1,-1,-1,-1
1312,5,1265,152,24,36,0,-1,-1,-1,-1
1312,77,703,193,32,46,0,-1,-1,-1,-1
1312,96,645,149,35,38,0,-1,-1,-1,-1
1312,98,13,233,34,41,0,-1,-1,-1,-1
1312,100,718,136,33,41,0,-1,-1,-1,-1
1313,5,1265,153,24,36,0,-1,-1,-1,-1
1313,77,702,193,33,46,0,-1,-1,-1,-1
1313,96,645,149,35,38,0,-1,-1,-1,-1
1313,98,12,233,35,41,0,-1,-1,-1,-1
1313,100,717,136,33,42,0,-1,-1,-1,-1
1314,5,1265,153,24,36,0,-1,-1,-1,-1
1314,77,701,193,33,46,0,-1,-1,-1,-1
1314,96,644,149,36,38,0,-1,-1,-1,-1
1314,98,12,233,35,41,0,-1,-1,-1,-1
1314,100,716,135,33,43,0,-1,-1,-1,-1
1315,5,1265,153,24,36,0,-1,-1,-1,-1
1315,77,700,193,34,46,0,-1,-1,-1,-1
1315,96,644,149,36,38,0,-1,-1,-1,-1
1315,98,12,233,35,41,0,-1,-1,-1,-1
1315,100,715,135,34,43,0,-1,-1,-1,-1
1316,5,1265,153,24,35,0,-1,-1,-1,-1
1316,77,700,194,33,46,0,-1,-1,-1,-1
1316,96,644,148,36,39,0,-1,-1,-1,-1
1316,98,12,233,35,41,0,-1,-1,-1,-1
1316,100,714,135,34,43,0,-1,-1,-1,-1
1317,5,1265,153,24,36,0,-1,-1,-1,-1
1317,77,699,194,34,46,0,-1,-1,-1,-1
1317,96,645,148,36,38,0,-1,-1,-1,-1
1317,98,12,232,35,41,0,-1,-1,-1,-1
1317,100,713,135,33,43,0,-1,-1,-1,-1
1318,5,1265,153,24,36,0,-1,-1,-1,-1
1318,77,698,194,35,46,0,-1,-1,-1,-1
1318,96,645,147,36,39,0,-1,-1,-1,-1
1318,98,12,232,35,41,0,-1,-1,-1,-1
1318,100,712,134,34,43,0,-1,-1,-1,-1
1319,5,1264,153,24,36,0,-1,-1,-1,-1
1319,77,697,194,36,47,0,-1,-1,-1,-1
1319,96,645,147,36,39,0,-1,-1,-1,-1
1319,98,11,231,35,42,0,-1,-1,-1,-1
1319,100,711,134,34,44,0,-1,-1,-1,-1
1320,5,1263,152,24,36,0,-1,-1,-1,-1
1320,77,695,194,37,47,0,-1,-1,-1,-1
1320,96,646,147,36,39,0,-1,-1,-1,-1
1320,98,10,231,35,42,0,-1,-1,-1,-1
1320,100,710,134,34,43,0,-1,-1,-1,-1
1321,5,1263,152,24,36,0,-1,-1,-1,-1
1321,77,695,193,36,48,0,-1,-1,-1,-1
1321,96,646,146,37,40,0,-1,-1,-1,-1
1321,98,10,231,35,42,0,-1,-1,-1,-1
1321,100,710,134,33,43,0,-1,-1,-1,-1
1322,5,1262,152,23,36,0,-1,-1,-1,-1
1322,77,693,195,37,47,0,-1,-1,-1,-1
1322,96,647,146,36,40,0,-1,-1,-1,-1
1322,98,9,232,35,41,0,-1,-1,-1,-1
1322,100,709,134,33,42,0,-1,-1,-1,-1
1323,5,1260,151,24,36,0,-1,-1,-1,-1
1323,77,692,196,36,47,0,-1,-1,-1,-1
1323,96,648,146,36,40,0,-1,-1,-1,-1
1323,98,8,232,35,41,0,-1,-1,-1,-1
1323,100,708,134,33,42,0,-1,-1,-1,-1
1324,5,1260,151,24,36,0,-1,-1,-1,-1
1324,77,691,197,37,46,0,-1,-1,-1,-1
1324,96,648,146,36,40,0,-1,-1,-1,-1
1324,98,8,232,34,41,0,-1,-1,-1,-1
1324,100,708,134,33,42,0,-1,-1,-1,-1
1325,5,1258,151,24,36,0,-1,-1,-1,-1
1325,77,689,197,37,47,0,-1,-1,-1,-1
1325,96,649,146,36,40,0,-1,-1,-1,-1
1325,98,7,232,35,42,0,-1,-1,-1,-1
1325,100,707,134,33,42,0,-1,-1,-1,-1
1326,5,1257,151,22,35,0,-1,-1,-1,-1
1326,77,687,198,37,48,0,-1,-1,-1,-1
1326,96,650,146,36,40,0,-1,-1,-1,-1
1326,98,6,232,35,42,0,-1,-1,-1,-1
1326,100,707,134,33,42,0,-1,-1,-1,-1
1327,5,1256,151,22,35,0,-1,-1,-1,-1
1327,77,686,199,37,47,0,-1,-1,-1,-1
1327,96,650,146,37,40,0,-1,-1,-1,-1
1327,98,6,233,34,41,0,-1,-1,-1,-1
1327,100,707,133,33,43,0,-1,-1,-1,-1
1328,5,1255,150,22,35,0,-1,-1,-1,-1
1328,77,684,200,38,48,0,-1,-1,-1,-1
1328,96,651,146,37,40,0,-1,-1,-1,-1
1328,98,5,233,35,41,0,-1,-1,-1,-1
1328,100,707,133,33,43,0,-1,-1,-1,-1
1329,5,1254,150,22,35,0,-1,-1,-1,-1
1329,77,681,201,38,49,0,-1,-1,-1,-1
1329,96,652,146,37,40,0,-1,-1,-1,-1
1329,98,4,233,35,42,0,-1,-1,-1,-1
1329,100,706,133,33,43,0,-1,-1,-1,-1
1330,5,1253,149,23,36,0,-1,-1,-1,-1
1330,77,680,202,38,48,0,-1,-1,-1,-1
1330,96,653,146,36,40,0,-1,-1,-1,-1
1330,98,3,233,36,42,0,-1,-1,-1,-1
1330,100,706,133,33,43,0,-1,-1,-1,-1
1331,5,1252,149,22,35,0,-1,-1,-1,-1
1331,77,678,203,38,47,0,-1,-1,-1,-1
1331,96,654,146,36,40,0,-1,-1,-1,-1
1331,98,3,233,35,42,0,-1,-1,-1,-1
1331,100,706,133,33,42,0,-1,-1,-1,-1
1332,5,1250,149,22,35,0,-1,-1,-1,-1
1332,77,675,203,38,47,0,-1,-1,-1,-1
1332,96,655,146,36,40,0,-1,-1,-1,-1
1332,98,2,233,34,42,0,-1,-1,-1,-1
1332,100,706,133,33,42,0,-1,-1,-1,-1
1333,5,1249,149,22,35,0,-1,-1,-1,-1
1333,77,674,203,38,47,0,-1,-1,-1,-1
1333,96,655,146,37,40,0,-1,-1,-1,-1
1333,98,1,233,35,42,0,-1,-1,-1,-1
1333,100,706,133,32,42,0,-1,-1,-1,-1
1334,5,1247,149,23,35,0,-1,-1,-1,-1
1334,77,671,202,40,49,0,-1,-1,-1,-1
1334,96,656,145,36,40,0,-1,-1,-1,-1
1334,98,1,234,35,41,0,-1,-1,-1,-1
1334,100,706,133,33,42,0,-1,-1,-1,-1
1335,5,1246,149,22,35,0,-1,-1,-1,-1
1335,77,669,201,40,50,0,-1,-1,-1,-1
1335,96,657,145,36,40,0,-1,-1,-1,-1
1335,98,0,234,35,41,0,-1,-1,-1,-1
1335,100,706,132,33,43,0,-1,-1,-1,-1
1336,5,1245,149,22,34,0,-1,-1,-1,-1
1336,77,668,201,40,50,0,-1,-1,-1,-1
1336,96,657,145,36,40,0,-1,-1,-1,-1
1336,98,0,234,35,41,0,-1,-1,-1,-1
1336,100,706,132,33,43,0,-1,-1,-1,-1
1337,5,1243,149,22,34,0,-1,-1,-1,-1
1337,77,666,202,40,50,0,-1,-1,-1,-1
1337,96,657,145,37,40,0,-1,-1,-1,-1
1337,98,0,233,34,42,0,-1,-1,-1,-1
1337,100,706,131,33,44,0,-1,-1,-1,-1
1338,5,1242,148,22,35,0,-1,-1,-1,-1
1338,77,663,204,41,49,0,-1,-1,-1,-1
1338,96,658,144,36,40,0,-1,-1,-1,-1
1338,98,0,233,34,42,0,-1,-1,-1,-1
1338,100,706,131,33,44,0,-1,-1,-1,-1
1339,5,1241,148,23,35,0,-1,-1,-1,-1
1339,77,662,204,41,50,0,-1,-1,-1,-1
1339,96,658,144,37,40,0,-1,-1,-1,-1
1339,98,0,233,34,42,0,-1,-1,-1,-1
1339,100,706,131,33,43,0,-1,-1,-1,-1
1340,5,1240,148,23,35,0,-1,-1,-1,-1
1340,77,661,207,41,49,0,-1,-1,-1,-1
1340,96,659,144,36,40,0,-1,-1,-1,-1
1340,98,0,233,33,42,0,-1,-1,-1,-1
1340,100,706,131,33,43,0,-1,-1,-1,-1
1341,5,1239,149,23,34,0,-1,-1,-1,-1
1341,77,659,210,42,51,0,-1,-1,-1,-1
1341,96,659,145,37,40,0,-1,-1,-1,-1
1341,98,0,234,33,41,0,-1,-1,-1,-1
1341,100,706,131,32,43,0,-1,-1,-1,-1
1342,5,1239,149,22,34,0,-1,-1,-1,-1
1342,77,659,211,42,52,0,-1,-1,-1,-1
1342,96,660,145,36,40,0,-1,-1,-1,-1
1342,98,0,234,32,41,0,-1,-1,-1,-1
1342,100,706,131,32,43,0,-1,-1,-1,-1
1343,5,1238,149,23,34,0,-1,-1,-1,-1
1343,77,658,214,42,53,0,-1,-1,-1,-1
1343,96,660,145,36,40,0,-1,-1,-1,-1
1343,98,0,234,32,41,0,-1,-1,-1,-1
1343,100,706,131,32,43,0,-1,-1,-1,-1
1344,5,1238,149,22,34,0,-1,-1,-1,-1
1344,77,657,218,44,54,0,-1,-1,-1,-1
1344,96,661,144,36,41,0,-1,-1,-1,-1
1344,98,0,234,31,41,0,-1,-1,-1,-1
1344,100,706,131,32,43,0,-1,-1,-1,-1
1345,5,1237,149,22,34,0,-1,-1,-1,-1
1345,77,657,220,44,55,0,-1,-1,-1,-1
1345,96,661,144,36,41,0,-1,-1,-1,-1
1345,98,0,235,31,39,0,-1,-1,-1,-1
1345,100,706,131,32,43,0,-1,-1,-1,-1
1346,5,1237,149,22,34,0,-1,-1,-1,-1
1346,77,658,221,44,56,0,-1,-1,-1,-1
1346,96,661,145,36,40,0,-1,-1,-1,-1
1346,98,0,235,31,40,0,-1,-1,-1,-1
1346,100,706,130,32,44,0,-1,-1,-1,-1
1347,5,1237,149,21,34,0,-1,-1,-1,-1
1347,77,658,222,45,56,0,-1,-1,-1,-1
1347,96,662,145,36,40,0,-1,-1,-1,-1
1347,98,0,234,31,41,0,-1,-1,-1,-1
1347,100,706,130,32,44,0,-1,-1,-1,-1
1348,5,1236,149,22,34,0,-1,-1,-1,-1
1348,77,659,223,44,56,0,-1,-1,-1,-1
1348,96,662,145,36,40,0,-1,-1,-1,-1
1348,98,0,234,31,41,0,-1,-1,-1,-1
1348,100,706,130,32,44,0,-1,-1,-1,-1
1349,5,1236,149,22,34,0,-1,-1,-1,-1
1349,77,660,223,45,56,0,-1,-1,-1,-1
1349,96,662,145,36,40,0,-1,-1,-1,-1
1349,98,0,234,31,41,0,-1,-1,-1,-1
1349,100,706,130,33,44,0,-1,-1,-1,-1
1350,5,1237,149,21,34,0,-1,-1,-1,-1
1350,77,661,223,45,57,0,-1,-1,-1,-1
1350,96,662,145,36,40,0,-1,-1,-1,-1
1350,98,0,234,31,41,0,-1,-1,-1,-1
1350,100,707,130,32,44,0,-1,-1,-1,-1
1351,5,1237,149,21,34,0,-1,-1,-1,-1
1351,77,661,222,45,58,0,-1,-1,-1,-1
1351,96,662,145,36,40,0,-1,-1,-1,-1
1351,98,0,234,30,41,0,-1,-1,-1,-1
1351,100,707,130,32,44,0,-1,-1,-1,-1
1352,5,1237,149,21,34,0,-1,-1,-1,-1
1352,77,661,223,46,57,0,-1,-1,-1,-1
1352,96,662,145,37,40,0,-1,-1,-1,-1
1352,98,0,234,30,42,0,-1,-1,-1,-1
1352,100,707,130,32,43,0,-1,-1,-1,-1
1353,5,1237,149,21,34,0,-1,-1,-1,-1
1353,77,661,226,47,57,0,-1,-1,-1,-1
1353,96,663,145,36,40,0,-1,-1,-1,-1
1353,98,0,234,30,42,0,-1,-1,-1,-1
1353,100,707,130,33,43,0,-1,-1,-1,-1
1354,5,1237,149,21,34,0,-1,-1,-1,-1
1354,77,661,227,47,58,0,-1,-1,-1,-1
1354,96,663,145,36,40,0,-1,-1,-1,-1
1354,98,0,234,30,42,0,-1,-1,-1,-1
1354,100,708,130,32,43,0,-1,-1,-1,-1
1355,5,1237,149,20,34,0,-1,-1,-1,-1
1355,77,660,230,49,60,0,-1,-1,-1,-1
1355,96,663,145,36,40,0,-1,-1,-1,-1
1355,98,0,234,30,42,0,-1,-1,-1,-1
1355,100,708,130,32,43,0,-1,-1,-1,-1
1356,5,1237,149,21,34,0,-1,-1,-1,-1
1356,77,660,236,50,61,0,-1,-1,-1,-1
1356,96,663,145,36,40,0,-1,-1,-1,-1
1356,98,0,234,30,42,0,-1,-1,-1,-1
1356,100,708,130,32,43,0,-1,-1,-1,-1
1357,5,1237,149,21,33,0,-1,-1,-1,-1
1357,77,660,238,50,62,0,-1,-1,-1,-1
1357,96,663,145,36,40,0,-1,-1,-1,-1
1357,98,0,235,29,41,0,-1,-1,-1,-1
1357,100,708,130,32,43,0,-1,-1,-1,-1
1358,5,1237,149,21,33,0,-1,-1,-1,-1
1358,77,660,244,50,62,0,-1,-1,-1,-1
1358,96,663,146,36,39,0,-1,-1,-1,-1
1358,98,0,234,29,42,0,-1,-1,-1,-1
1358,100,708,130,32,43,0,-1,-1,-1,-1
1359,5,1237,149,20,33,0,-1,-1,-1,-1
1359,77,659,248,51,63,0,-1,-1,-1,-1
1359,96,663,146,36,39,0,-1,-1,-1,-1
1359,98,0,234,29,42,0,-1,-1,-1,-1
1359,100,708,130,32,43,0,-1,-1,-1,-1
1360,5,1237,149,20,33,0,-1,-1,-1,-1
1360,77,659,250,51,63,0,-1,-1,-1,-1
1360,96,663,145,36,40,0,-1,-1,-1,-1
1360,98,0,234,29,42,0,-1,-1,-1,-1
1360,100,709,130,32,43,0,-1,-1,-1,-1
1361,5,1237,149,20,33,0,-1,-1,-1,-1
1361,77,659,252,51,64,0,-1,-1,-1,-1
1361,96,663,146,36,39,0,-1,-1,-1,-1
1361,98,0,234,29,42,0,-1,-1,-1,-1
1361,100,709,130,32,43,0,-1,-1,-1,-1
1362,5,1236,148,21,34,0,-1,-1,-1,-1
1362,77,659,253,52,65,0,-1,-1,-1,-1
1362,96,663,145,36,40,0,-1,-1,-1,-1
1362,98,0,234,29,42,0,-1,-1,-1,-1
1362,100,709,130,32,44,0,-1,-1,-1,-1
1363,5,1236,148,21,34,0,-1,-1,-1,-1
1363,77,658,253,54,66,0,-1,-1,-1,-1
1363,96,663,145,36,40,0,-1,-1,-1,-1
1363,98,0,234,29,42,0,-1,-1,-1,-1
1363,100,709,130,32,44,0,-1,-1,-1,-1
1364,5,1236,148,21,34,0,-1,-1,-1,-1
1364,77,659,252,55,67,0,-1,-1,-1,-1
1364,96,663,145,36,40,0,-1,-1,-1,-1
1364,98,0,234,29,42,0,-1,-1,-1,-1
1364,100,709,130,32,44,0,-1,-1,-1,-1
1365,5,1236,148,20,34,0,-1,-1,-1,-1
1365,77,661,252,55,68,0,-1,-1,-1,-1
1365,96,663,145,36,40,0,-1,-1,-1,-1
1365,98,0,234,29,42,0,-1,-1,-1,-1
1365,100,709,130,32,44,0,-1,-1,-1,-1
1366,5,1236,148,20,34,0,-1,-1,-1,-1
1366,77,662,251,55,69,0,-1,-1,-1,-1
1366,96,663,145,36,40,0,-1,-1,-1,-1
1366,98,0,234,29,41,0,-1,-1,-1,-1
1366,100,709,130,32,44,0,-1,-1,-1,-1
1367,5,1235,148,21,34,0,-1,-1,-1,-1
1367,77,665,253,57,71,0,-1,-1,-1,-1
1367,96,663,145,36,40,0,-1,-1,-1,-1
1367,98,0,234,29,41,0,-1,-1,-1,-1
1367,100,709,130,32,44,0,-1,-1,-1,-1
1368,5,1235,148,21,34,0,-1,-1,-1,-1
1368,77,669,261,57,71,0,-1,-1,-1,-1
1368,96,664,145,34,40,0,-1,-1,-1,-1
1368,98,0,234,29,41,0,-1,-1,-1,-1
1368,100,709,130,32,44,0,-1,-1,-1,-1
1369,5,1235,148,21,34,0,-1,-1,-1,-1
1369,77,670,264,58,71,0,-1,-1,-1,-1
1369,96,664,146,34,39,0,-1,-1,-1,-1
1369,98,0,234,28,41,0,-1,-1,-1,-1
1369,100,709,131,32,43,0,-1,-1,-1,-1
1370,5,1235,148,21,34,0,-1,-1,-1,-1
1370,77,674,271,59,72,0,-1,-1,-1,-1
1370,96,664,146,34,39,0,-1,-1,-1,-1
1370,98,0,234,28,41,0,-1,-1,-1,-1
1370,100,709,131,32,43,0,-1,-1,-1,-1
1371,5,1235,147,21,36,0,-1,-1,-1,-1
1371,77,680,279,60,75,0,-1,-1,-1,-1
1371,96,664,146,34,38,0,-1,-1,-1,-1
1371,98,0,235,28,40,0,-1,-1,-1,-1
1371,100,709,131,32,42,0,-1,-1,-1,-1
1372,5,1235,147,21,36,0,-1,-1,-1,-1
1372,77,682,282,61,75,0,-1,-1,-1,-1
1372,96,664,146,34,38,0,-1,-1,-1,-1
1372,98,0,235,28,40,0,-1,-1,-1,-1
1372,100,709,131,32,42,0,-1,-1,-1,-1
1373,5,1235,147,22,36,0,-1,-1,-1,-1
1373,77,688,287,62,77,0,-1,-1,-1,-1
1373,96,664,146,34,38,0,-1,-1,-1,-1
1373,98,0,235,28,41,0,-1,-1,-1,-1
1373,100,709,131,32,42,0,-1,-1,-1,-1
1374,5,1235,147,22,36,0,-1,-1,-1,-1
1374,77,696,293,62,76,0,-1,-1,-1,-1
1374,96,664,146,34,38,0,-1,-1,-1,-1
1374,98,0,235,28,41,0,-1,-1,-1,-1
1374,100,709,131,32,42,0,-1,-1,-1,-1
1375,5,1235,147,22,36,0,-1,-1,-1,-1
1375,77,699,295,62,76,0,-1,-1,-1,-1
1375,96,664,146,34,38,0,-1,-1,-1,-1
1375,98,0,235,28,41,0,-1,-1,-1,-1
1375,100,709,131,32,42,0,-1,-1,-1,-1
1376,5,1235,147,22,36,0,-1,-1,-1,-1
1376,77,705,297,63,77,0,-1,-1,-1,-1
1376,96,664,146,34,38,0,-1,-1,-1,-1
1376,98,0,235,28,41,0,-1,-1,-1,-1
1376,100,709,131,32,42,0,-1,-1,-1,-1
1377,5,1235,147,22,36,0,-1,-1,-1,-1
1377,77,710,297,65,79,0,-1,-1,-1,-1
1377,96,664,146,34,38,0,-1,-1,-1,-1
1377,98,0,235,28,41,0,-1,-1,-1,-1
1377,100,709,131,32,42,0,-1,-1,-1,-1
1378,5,1235,147,21,36,0,-1,-1,-1,-1
1378,77,712,297,66,80,0,-1,-1,-1,-1
1378,96,664,147,33,37,0,-1,-1,-1,-1
1378,98,0,235,28,41,0,-1,-1,-1,-1
1378,100,709,131,32,42,0,-1,-1,-1,-1
1379,5,1235,147,22,36,0,-1,-1,-1,-1
1379,77,716,300,67,82,0,-1,-1,-1,-1
1379,96,663,146,34,38,0,-1,-1,-1,-1
1379,98,0,234,28,41,0,-1,-1,-1,-1
1379,100,710,131,31,42,0,-1,-1,-1,-1
1380,5,1235,147,22,36,0,-1,-1,-1,-1
1380,77,720,308,71,85,0,-1,-1,-1,-1
1380,96,662,146,34,38,0,-1,-1,-1,-1
1380,98,0,233,29,41,0,-1,-1,-1,-1
1380,100,710,132,30,41,0,-1,-1,-1,-1
1381,5,1235,146,22,37,0,-1,-1,-1,-1
1381,77,722,311,72,86,0,-1,-1,-1,-1
1381,96,661,146,35,38,0,-1,-1,-1,-1
1381,98,0,232,30,42,0,-1,-1,-1,-1
1381,100,710,132,30,41,0,-1,-1,-1,-1
1382,5,1234,147,23,36,0,-1,-1,-1,-1
1382,77,726,320,74,88,0,-1,-1,-1,-1
1382,96,661,145,34,38,0,-1,-1,-1,-1
1382,98,0,231,30,43,0,-1,-1,-1,-1
1382,100,710,132,30,41,0,-1,-1,-1,-1
1383,5,1235,147,22,36,0,-1,-1,-1,-1
1383,77,732,334,75,90,0,-1,-1,-1,-1
1383,96,660,143,35,40,0,-1,-1,-1,-1
1383,98,0,230,31,44,0,-1,-1,-1,-1
1383,100,710,131,31,42,0,-1,-1,-1,-1
1384,5,1235,147,22,36,0,-1,-1,-1,-1
1384,77,734,340,75,89,0,-1,-1,-1,-1
1384,96,660,142,35,40,0,-1,-1,-1,-1
1384,98,0,230,31,44,0,-1,-1,-1,-1
1384,100,710,131,31,42,0,-1,-1,-1,-1
1385,5,1234,147,23,36,0,-1,-1,-1,-1
1385,77,739,350,76,91,0,-1,-1,-1,-1
1385,96,660,142,36,40,0,-1,-1,-1,-1
1385,98,0,229,31,44,0,-1,-1,-1,-1
1385,100,710,131,31,42,0,-1,-1,-1,-1
1386,5,1234,147,22,36,0,-1,-1,-1,-1
1386,77,745,358,79,95,0,-1,-1,-1,-1
1386,96,660,141,36,40,0,-1,-1,-1,-1
1386,98,0,229,31,44,0,-1,-1,-1,-1
1386,100,710,131,31,42,0,-1,-1,-1,-1
1387,5,1234,147,22,36,0,-1,-1,-1,-1
1387,77,747,361,81,96,0,-1,-1,-1,-1
1387,96,660,141,36,40,0,-1,-1,-1,-1
1387,98,0,229,31,43,0,-1,-1,-1,-1
1387,100,710,131,31,42,0,-1,-1,-1,-1
1388,5,1234,147,22,36,0,-1,-1,-1,-1
1388,77,753,363,82,98,0,-1,-1,-1,-1
1388,96,661,140,35,41,0,-1,-1,-1,-1
1388,98,0,229,31,43,0,-1,-1,-1,-1
1388,100,710,131,31,42,0,-1,-1,-1,-1
1389,5,1234,147,22,36,0,-1,-1,-1,-1
1389,77,760,367,84,100,0,-1,-1,-1,-1
1389,96,661,140,36,41,0,-1,-1,-1,-1
1389,98,0,229,30,43,0,-1,-1,-1,-1
1389,100,710,131,31,42,0,-1,-1,-1,-1
1390,5,1235,147,21,36,0,-1,-1,-1,-1
1390,77,763,368,85,101,0,-1,-1,-1,-1
1390,96,661,140,36,41,0,-1,-1,-1,-1
1390,98,0,229,30,43,0,-1,-1,-1,-1
1390,100,710,131,31,42,0,-1,-1,-1,-1
1391,5,1234,147,22,36,0,-1,-1,-1,-1
1391,77,771,371,86,102,0,-1,-1,-1,-1
1391,96,661,141,35,39,0,-1,-1,-1,-1
1391,98,0,229,30,42,0,-1,-1,-1,-1
1391,100,710,131,31,42,0,-1,-1,-1,-1
1392,5,1234,148,22,35,0,-1,-1,-1,-1
1392,77,781,375,89,106,0,-1,-1,-1,-1
1392,96,662,142,34,38,0,-1,-1,-1,-1
1392,98,0,230,30,41,0,-1,-1,-1,-1
1392,100,710,131,31,42,0,-1,-1,-1,-1
1393,5,1235,148,21,35,0,-1,-1,-1,-1
1393,77,784,377,91,107,0,-1,-1,-1,-1
1393,96,662,142,34,38,0,-1,-1,-1,-1
1393,98,0,230,30,41,0,-1,-1,-1,-1
1393,100,710,131,31,42,0,-1,-1,-1,-1
1394,5,1235,147,21,36,0,-1,-1,-1,-1
1394,77,794,386,94,111,0,-1,-1,-1,-1
1394,96,662,143,34,37,0,-1,-1,-1,-1
1394,98,0,230,30,41,0,-1,-1,-1,-1
1394,100,710,131,31,42,0,-1,-1,-1,-1
1395,5,1235,147,21,36,0,-1,-1,-1,-1
1395,77,809,402,96,114,0,-1,-1,-1,-1
1395,96,662,143,34,38,0,-1,-1,-1,-1
1395,98,0,231,30,40,0,-1,-1,-1,-1
1395,100,710,131,31,42,0,-1,-1,-1,-1
1396,5,1235,147,21,36,0,-1,-1,-1,-1
1396,77,815,408,96,115,0,-1,-1,-1,-1
1396,96,662,143,34,38,0,-1,-1,-1,-1
1396,98,0,231,30,41,0,-1,-1,-1,-1
1396,100,710,131,31,42,0,-1,-1,-1,-1
1397,5,1236,147,22,36,0,-1,-1,-1,-1
1397,77,829,421,100,120,0,-1,-1,-1,-1
1397,96,662,143,35,38,0,-1,-1,-1,-1
1397,98,0,231,30,41,0,-1,-1,-1,-1
1397,100,710,131,31,42,0,-1,-1,-1,-1
1398,5,1237,148,22,36,0,-1,-1,-1,-1
1398,77,850,440,103,122,0,-1,-1,-1,-1
1398,96,662,143,35,38,0,-1,-1,-1,-1
1398,98,0,231,30,41,0,-1,-1,-1,-1
1398,100,710,132,31,41,0,-1,-1,-1,-1
1399,5,1238,148,21,36,0,-1,-1,-1,-1
1399,77,859,447,104,123,0,-1,-1,-1,-1
1399,96,662,143,35,38,0,-1,-1,-1,-1
1399,98,0,231,30,41,0,-1,-1,-1,-1
1399,100,710,132,31,41,0,-1,-1,-1,-1
1400,5,1239,149,21,35,0,-1,-1,-1,-1
1400,77,880,452,110,130,0,-1,-1,-1,-1
1400,96,661,142,36,39,0,-1,-1,-1,-1
1400,98,0,230,30,42,0,-1,-1,-1,-1
1400,100,710,132,31,41,0,-1,-1,-1,-1
1401,5,1240,149,21,34,0,-1,-1,-1,-1
1401,77,906,461,115,137,0,-1,-1,-1,-1
1401,96,661,142,36,39,0,-1,-1,-1,-1
1401,98,0,230,30,42,0,-1,-1,-1,-1
1401,100,710,132,31,41,0,-1,-1,-1,-1
1402,5,1240,150,21,33,0,-1,-1,-1,-1
1402,77,916,464,118,140,0,-1,-1,-1,-1
1402,96,661,142,36,39,0,-1,-1,-1,-1
1402,98,0,230,30,42,0,-1,-1,-1,-1
1402,100,710,132,32,40,0,-1,-1,-1,-1
1403,5,1241,149,22,35,0,-1,-1,-1,-1
1403,77,937,470,122,146,0,-1,-1,-1,-1
1403,96,661,142,35,39,0,-1,-1,-1,-1
1403,98,0,230,30,42,0,-1,-1,-1,-1
1403,100,711,132,31,40,0,-1,-1,-1,-1
1404,5,1243,150,22,34,0,-1,-1,-1,-1
1404,96,661,142,35,39,0,-1,-1,-1,-1
1404,98,0,229,31,43,0,-1,-1,-1,-1
1404,100,712,131,31,41,0,-1,-1,-1,-1
1405,5,1244,150,22,34,0,-1,-1,-1,-1
1405,96,660,142,36,39,0,-1,-1,-1,-1
1405,98,0,229,31,43,0,-1,-1,-1,-1
1405,100,712,131,31,41,0,-1,-1,-1,-1
1406,5,1247,150,22,34,0,-1,-1,-1,-1
1406,96,660,143,36,38,0,-1,-1,-1,-1
1406,98,0,230,31,42,0,-1,-1,-1,-1
1406,100,712,131,32,41,0,-1,-1,-1,-1
1407,5,1248,151,24,34,0,-1,-1,-1,-1
1407,96,660,143,36,38,0,-1,-1,-1,-1
1407,98,0,230,31,42,0,-1,-1,-1,-1
1407,100,713,131,31,41,0,-1,-1,-1,-1
1408,5,1249,151,24,34,0,-1,-1,-1,-1
1408,96,660,143,36,39,0,-1,-1,-1,-1
1408,98,0,231,31,41,0,-1,-1,-1,-1
1408,100,713,131,31,42,0,-1,-1,-1,-1
1409,5,1250,151,25,35,0,-1,-1,-1,-1
1409,96,661,144,35,38,0,-1,-1,-1,-1
1409,98,0,231,30,41,0,-1,-1,-1,-1
1409,100,713,131,32,42,0,-1,-1,-1,-1
1410,5,1253,152,25,35,0,-1,-1,-1,-1
1410,96,661,144,35,38,0,-1,-1,-1,-1
1410,98,0,231,30,42,0,-1,-1,-1,-1
1410,100,714,131,32,41,0,-1,-1,-1,-1
1411,5,1254,153,25,34,0,-1,-1,-1,-1
1411,96,661,144,35,38,0,-1,-1,-1,-1
1411,98,0,231,31,42,0,-1,-1,-1,-1
1411,100,714,131,32,41,0,-1,-1,-1,-1
1412,5,1255,153,25,34,0,-1,-1,-1,-1
1412,96,661,144,35,38,0,-1,-1,-1,-1
1412,98,0,231,31,42,0,-1,-1,-1,-1
1412,100,715,131,31,41,0,-1,-1,-1,-1
1413,5,1255,153,26,35,0,-1,-1,-1,-1
1413,96,661,144,35,38,0,-1,-1,-1,-1
1413,98,0,232,31,41,0,-1,-1,-1,-1
1413,100,715,131,32,41,0,-1,-1,-1,-1
1414,5,1255,153,26,35,0,-1,-1,-1,-1
1414,96,661,144,35,38,0,-1,-1,-1,-1
1414,98,0,232,31,41,0,-1,-1,-1,-1
1414,100,715,131,32,41,0,-1,-1,-1,-1
1415,5,1255,153,26,35,0,-1,-1,-1,-1
1415,96,661,144,35,38,0,-1,-1,-1,-1
1415,98,0,232,31,41,0,-1,-1,-1,-1
1415,100,715,131,32,41,0,-1,-1,-1,-1
1416,5,1255,153,26,35,0,-1,-1,-1,-1
1416,96,661,144,35,38,0,-1,-1,-1,-1
1416,98,0,232,31,41,0,-1,-1,-1,-1
1416,100,716,131,31,41,0,-1,-1,-1,-1
1417,5,1255,153,26,35,0,-1,-1,-1,-1
1417,96,661,144,35,38,0,-1,-1,-1,-1
1417,98,0,232,31,41,0,-1,-1,-1,-1
1417,100,716,131,31,41,0,-1,-1,-1,-1
1418,5,1256,153,25,35,0,-1,-1,-1,-1
1418,96,661,144,35,39,0,-1,-1,-1,-1
1418,98,0,232,31,41,0,-1,-1,-1,-1
1418,100,716,131,32,41,0,-1,-1,-1,-1
1419,5,1256,153,26,35,0,-1,-1,-1,-1
1419,96,661,144,35,39,0,-1,-1,-1,-1
1419,98,0,232,31,41,0,-1,-1,-1,-1
1419,100,716,131,32,41,0,-1,-1,-1,-1
1420,5,1256,153,26,35,0,-1,-1,-1,-1
1420,96,661,144,35,39,0,-1,-1,-1,-1
1420,98,0,232,31,41,0,-1,-1,-1,-1
1420,100,716,131,32,41,0,-1,-1,-1,-1
1421,5,1256,153,26,35,0,-1,-1,-1,-1
1421,96,661,144,35,39,0,-1,-1,-1,-1
1421,98,0,232,31,41,0,-1,-1,-1,-1
1421,100,716,130,32,42,0,-1,-1,-1,-1
1422,5,1256,153,26,35,0,-1,-1,-1,-1
1422,96,661,144,35,39,0,-1,-1,-1,-1
1422,98,0,232,31,41,0,-1,-1,-1,-1
1422,100,716,130,32,42,0,-1,-1,-1,-1
1423,5,1256,153,26,35,0,-1,-1,-1,-1
1423,96,661,144,35,38,0,-1,-1,-1,-1
1423,98,0,232,30,41,0,-1,-1,-1,-1
1423,100,716,130,33,42,0,-1,-1,-1,-1
1424,5,1257,153,25,35,0,-1,-1,-1,-1
1424,96,661,144,36,39,0,-1,-1,-1,-1
1424,98,0,232,30,41,0,-1,-1,-1,-1
1424,100,717,130,32,43,0,-1,-1,-1,-1
1425,5,1257,153,26,35,0,-1,-1,-1,-1
1425,96,661,144,36,39,0,-1,-1,-1,-1
1425,98,0,232,31,41,0,-1,-1,-1,-1
1425,100,717,130,32,43,0,-1,-1,-1,-1
1426,5,1258,153,25,35,0,-1,-1,-1,-1
1426,96,661,144,36,39,0,-1,-1,-1,-1
1426,98,0,232,31,41,0,-1,-1,-1,-1
1426,100,717,130,32,43,0,-1,-1,-1,-1
1427,5,1258,153,25,34,0,-1,-1,-1,-1
1427,96,661,144,36,39,0,-1,-1,-1,-1
1427,98,0,232,31,41,0,-1,-1,-1,-1
1427,100,717,130,32,43,0,-1,-1,-1,-1
1428,5,1259,153,25,34,0,-1,-1,-1,-1
1428,96,662,144,36,39,0,-1,-1,-1,-1
1428,98,0,232,30,41,0,-1,-1,-1,-1
1428,100,718,131,32,42,0,-1,-1,-1,-1
1429,5,1259,152,25,35,0,-1,-1,-1,-1
1429,96,662,144,36,39,0,-1,-1,-1,-1
1429,98,0,232,30,41,0,-1,-1,-1,-1
1429,100,718,131,32,42,0,-1,-1,-1,-1
1430,5,1260,152,25,35,0,-1,-1,-1,-1
1430,96,662,144,36,39,0,-1,-1,-1,-1
1430,98,0,232,30,42,0,-1,-1,-1,-1
1430,100,718,131,31,42,0,-1,-1,-1,-1
1431,5,1261,152,25,35,0,-1,-1,-1,-1
1431,96,662,145,36,39,0,-1,-1,-1,-1
1431,98,0,233,30,41,0,-1,-1,-1,-1
1431,100,718,131,32,42,0,-1,-1,-1,-1
1432,5,1261,152,25,35,0,-1,-1,-1,-1
1432,96,662,145,36,39,0,-1,-1,-1,-1
1432,98,0,233,30,41,0,-1,-1,-1,-1
1432,100,718,131,32,42,0,-1,-1,-1,-1
1433,5,1262,152,25,35,0,-1,-1,-1,-1
1433,96,662,145,36,39,0,-1,-1,-1,-1
1433,98,0,233,30,41,0,-1,-1,-1,-1
1433,100,718,131,32,42,0,-1,-1,-1,-1
1434,5,1262,152,25,34,0,-1,-1,-1,-1
1434,96,663,145,36,39,0,-1,-1,-1,-1
1434,98,0,233,30,42,0,-1,-1,-1,-1
1434,100,719,131,31,41,0,-1,-1,-1,-1
1435,5,1263,153,24,33,0,-1,-1,-1,-1
1435,96,663,145,36,39,0,-1,-1,-1,-1
1435,98,0,234,29,41,0,-1,-1,-1,-1
1435,100,719,131,31,41,0,-1,-1,-1,-1
1436,5,1263,153,25,33,0,-1,-1,-1,-1
1436,96,663,145,36,40,0,-1,-1,-1,-1
1436,98,0,234,29,41,0,-1,-1,-1,-1
1436,100,719,132,31,40,0,-1,-1,-1,-1
1437,5,1264,153,24,34,0,-1,-1,-1,-1
1437,96,664,145,36,39,0,-1,-1,-1,-1
1437,98,0,234,29,41,0,-1,-1,-1,-1
1437,100,719,132,31,40,0,-1,-1,-1,-1
1438,5,1264,153,25,33,0,-1,-1,-1,-1
1438,96,665,146,35,38,0,-1,-1,-1,-1
1438,98,0,234,28,41,0,-1,-1,-1,-1
1438,100,719,132,31,40,0,-1,-1,-1,-1
1439,5,1265,153,24,33,0,-1,-1,-1,-1
1439,96,665,146,35,38,0,-1,-1,-1,-1
1439,98,0,234,28,41,0,-1,-1,-1,-1
1439,100,719,132,32,40,0,-1,-1,-1,-1
1440,5,1266,153,25,34,0,-1,-1,-1,-1
1440,96,665,146,36,38,0,-1,-1,-1,-1
1440,98,0,234,28,41,0,-1,-1,-1,-1
1440,100,719,132,32,41,0,-1,-1,-1,-1
1441,5,1267,153,24,34,0,-1,-1,-1,-1
1441,96,666,146,35,38,0,-1,-1,-1,-1
1441,98,0,234,28,41,0,-1,-1,-1,-1
1441,100,719,132,32,41,0,-1,-1,-1,-1
1442,5,1267,153,24,34,0,-1,-1,-1,-1
1442,96,666,145,35,39,0,-1,-1,-1,-1
1442,98,0,234,28,41,0,-1,-1,-1,-1
1442,100,719,132,32,41,0,-1,-1,-1,-1
1443,5,1268,153,24,34,0,-1,-1,-1,-1
1443,96,666,145,35,39,0,-1,-1,-1,-1
1443,98,0,234,27,42,0,-1,-1,-1,-1
1443,100,719,132,32,41,0,-1,-1,-1,-1
1444,5,1268,153,24,34,0,-1,-1,-1,-1
1444,96,666,145,35,39,0,-1,-1,-1,-1
1444,98,0,234,27,42,0,-1,-1,-1,-1
1444,100,719,132,32,41,0,-1,-1,-1,-1
1445,5,1268,153,25,34,0,-1,-1,-1,-1
1445,96,666,145,35,39,0,-1,-1,-1,-1
1445,98,0,234,27,42,0,-1,-1,-1,-1
1445,100,719,133,32,40,0,-1,-1,-1,-1
1446,5,1269,153,25,34,0,-1,-1,-1,-1
1446,96,667,145,34,39,0,-1,-1,-1,-1
1446,98,0,234,27,42,0,-1,-1,-1,-1
1446,100,719,133,32,40,0,-1,-1,-1,-1
1447,5,1269,153,25,34,0,-1,-1,-1,-1
1447,96,667,146,34,38,0,-1,-1,-1,-1
1447,98,0,234,27,42,0,-1,-1,-1,-1
1447,100,719,133,32,40,0,-1,-1,-1,-1
1448,5,1269,154,25,33,0,-1,-1,-1,-1
1448,96,667,146,35,38,0,-1,-1,-1,-1
1448,98,0,233,26,43,0,-1,-1,-1,-1
1448,100,719,133,32,40,0,-1,-1,-1,-1
1449,5,1269,153,26,34,0,-1,-1,-1,-1
1449,96,668,146,34,38,0,-1,-1,-1,-1
1449,98,0,234,26,41,0,-1,-1,-1,-1
1449,100,719,133,32,41,0,-1,-1,-1,-1
1450,5,1270,153,25,34,0,-1,-1,-1,-1
1450,96,668,146,34,38,0,-1,-1,-1,-1
1450,98,0,234,26,41,0,-1,-1,-1,-1
1450,100,719,133,32,41,0,-1,-1,-1,-1
1451,5,1270,154,25,33,0,-1,-1,-1,-1
1451,96,669,146,34,38,0,-1,-1,-1,-1
1451,98,0,234,25,42,0,-1,-1,-1,-1
1451,100,719,133,32,41,0,-1,-1,-1,-1
1452,5,1270,154,26,34,0,-1,-1,-1,-1
1452,96,670,146,34,38,0,-1,-1,-1,-1
1452,98,0,234,24,42,0,-1,-1,-1,-1
1452,100,719,134,32,40,0,-1,-1,-1,-1
1453,5,1270,154,26,34,0,-1,-1,-1,-1
1453,96,670,146,34,38,0,-1,-1,-1,-1
1453,98,0,234,24,42,0,-1,-1,-1,-1
1453,100,719,134,32,40,0,-1,-1,-1,-1
1454,5,1270,154,26,34,0,-1,-1,-1,-1
1454,96,671,146,33,38,0,-1,-1,-1,-1
1454,98,0,235,23,42,0,-1,-1,-1,-1
1454,100,719,134,32,40,0,-1,-1,-1,-1
1455,5,1270,154,26,34,0,-1,-1,-1,-1
1455,96,671,146,34,38,0,-1,-1,-1,-1
1455,98,0,235,23,42,0,-1,-1,-1,-1
1455,100,719,134,32,40,0,-1,-1,-1,-1
1456,5,1270,154,26,34,0,-1,-1,-1,-1
1456,96,672,147,34,37,0,-1,-1,-1,-1
1456,98,0,236,23,41,0,-1,-1,-1,-1
1456,100,719,134,32,40,0,-1,-1,-1,-1
1457,5,1270,154,26,34,0,-1,-1,-1,-1
1457,96,672,146,34,38,0,-1,-1,-1,-1
1457,98,0,236,22,41,0,-1,-1,-1,-1
1457,100,719,134,31,40,0,-1,-1,-1,-1
1458,5,1270,154,26,34,0,-1,-1,-1,-1
1458,96,673,147,34,38,0,-1,-1,-1,-1
1458,98,0,236,22,42,0,-1,-1,-1,-1
1458,100,719,134,31,40,0,-1,-1,-1,-1
1459,5,1270,154,26,34,0,-1,-1,-1,-1
1459,96,673,147,34,38,0,-1,-1,-1,-1
1459,98,0,236,22,42,0,-1,-1,-1,-1
1459,100,719,134,31,40,0,-1,-1,-1,-1
1460,5,1270,154,26,34,0,-1,-1,-1,-1
1460,96,674,147,33,38,0,-1,-1,-1,-1
1460,98,0,237,21,41,0,-1,-1,-1,-1
1460,100,719,135,31,39,0,-1,-1,-1,-1
1461,5,1270,154,26,34,0,-1,-1,-1,-1
1461,96,674,147,34,38,0,-1,-1,-1,-1
1461,98,0,237,21,41,0,-1,-1,-1,-1
1461,100,719,134,31,40,0,-1,-1,-1,-1
1462,5,1270,154,26,34,0,-1,-1,-1,-1
1462,96,674,147,34,38,0,-1,-1,-1,-1
1462,98,0,237,21,41,0,-1,-1,-1,-1
1462,100,719,134,32,40,0,-1,-1,-1,-1
1463,5,1269,153,26,35,0,-1,-1,-1,-1
1463,96,674,146,34,39,0,-1,-1,-1,-1
1463,98,0,237,21,41,0,-1,-1,-1,-1
1463,100,719,134,32,40,0,-1,-1,-1,-1
1464,5,1268,154,26,34,0,-1,-1,-1,-1
1464,96,674,147,34,38,0,-1,-1,-1,-1
1464,98,0,237,21,41,0,-1,-1,-1,-1
1464,100,719,135,31,39,0,-1,-1,-1,-1
1465,5,1267,154,26,34,0,-1,-1,-1,-1
1465,96,674,147,33,38,0,-1,-1,-1,-1
1465,98,0,237,21,41,0,-1,-1,-1,-1
1465,100,719,135,31,39,0,-1,-1,-1,-1
1466,5,1266,154,26,34,0,-1,-1,-1,-1
1466,96,674,147,33,38,0,-1,-1,-1,-1
1466,98,0,237,20,41,0,-1,-1,-1,-1
1466,100,719,135,31,39,0,-1,-1,-1,-1
1467,5,1264,153,26,34,0,-1,-1,-1,-1
1467,96,674,148,33,37,0,-1,-1,-1,-1
1467,98,0,238,20,40,0,-1,-1,-1,-1
1467,100,719,136,31,38,0,-1,-1,-1,-1
1468,5,1263,152,26,35,0,-1,-1,-1,-1
1468,96,674,148,33,37,0,-1,-1,-1,-1
1468,98,0,238,20,40,0,-1,-1,-1,-1
1468,100,719,137,31,37,0,-1,-1,-1,-1
1469,5,1261,152,27,35,0,-1,-1,-1,-1
1469,96,673,148,33,37,0,-1,-1,-1,-1
1469,98,0,237,20,41,0,-1,-1,-1,-1
1469,100,719,136,31,38,0,-1,-1,-1,-1
1470,5,1258,151,27,35,0,-1,-1,-1,-1
1470,96,673,147,33,38,0,-1,-1,-1,-1
1470,98,0,238,20,40,0,-1,-1,-1,-1
1470,100,719,136,31,38,0,-1,-1,-1,-1
1471,5,1257,150,27,36,0,-1,-1,-1,-1
1471,96,673,147,33,37,0,-1,-1,-1,-1
1471,98,0,238,20,40,0,-1,-1,-1,-1
1471,100,719,136,31,38,0,-1,-1,-1,-1
1472,5,1256,151,26,35,0,-1,-1,-1,-1
1472,96,672,147,34,37,0,-1,-1,-1,-1
1472,98,0,238,20,40,0,-1,-1,-1,-1
1472,100,719,136,31,38,0,-1,-1,-1,-1
1473,5,1254,151,26,35,0,-1,-1,-1,-1
1473,96,672,147,34,37,0,-1,-1,-1,-1
1473,98,0,238,21,40,0,-1,-1,-1,-1
1473,100,719,136,31,38,0,-1,-1,-1,-1
1474,5,1253,151,26,35,0,-1,-1,-1,-1
1474,96,672,147,33,37,0,-1,-1,-1,-1
1474,98,0,237,21,41,0,-1,-1,-1,-1
1474,100,719,136,32,38,0,-1,-1,-1,-1
1475,5,1253,151,26,35,0,-1,-1,-1,-1
1475,96,671,147,35,38,0,-1,-1,-1,-1
1475,98,0,237,21,41,0,-1,-1,-1,-1
1475,100,719,135,32,40,0,-1,-1,-1,-1
1476,5,1253,151,24,34,0,-1,-1,-1,-1
1476,96,671,147,35,38,0,-1,-1,-1,-1
1476,98,0,238,21,40,0,-1,-1,-1,-1
1476,100,718,135,33,40,0,-1,-1,-1,-1
1477,5,1253,152,24,33,0,-1,-1,-1,-1
1477,96,671,147,35,38,0,-1,-1,-1,-1
1477,98,0,238,21,40,0,-1,-1,-1,-1
1477,100,718,135,33,40,0,-1,-1,-1,-1
1478,5,1252,151,25,34,0,-1,-1,-1,-1
1478,96,671,146,35,39,0,-1,-1,-1,-1
1478,98,0,238,21,40,0,-1,-1,-1,-1
1478,100,718,135,33,40,0,-1,-1,-1,-1
1479,5,1252,151,25,34,0,-1,-1,-1,-1
1479,96,671,146,34,39,0,-1,-1,-1,-1
1479,98,0,238,22,40,0,-1,-1,-1,-1
1479,100,719,135,32,40,0,-1,-1,-1,-1
1480,5,1252,151,25,34,0,-1,-1,-1,-1
1480,96,670,146,35,39,0,-1,-1,-1,-1
1480,98,0,238,22,40,0,-1,-1,-1,-1
1480,100,719,135,32,40,0,-1,-1,-1,-1
1481,5,1252,151,25,34,0,-1,-1,-1,-1
1481,96,670,146,35,39,0,-1,-1,-1,-1
1481,98,0,238,22,40,0,-1,-1,-1,-1
1481,100,719,135,32,40,0,-1,-1,-1,-1
1482,5,1252,150,26,35,0,-1,-1,-1,-1
1482,96,670,146,35,39,0,-1,-1,-1,-1
1482,98,0,238,22,40,0,-1,-1,-1,-1
1482,100,719,135,32,40,0,-1,-1,-1,-1
1483,5,1252,150,26,36,0,-1,-1,-1,-1
1483,96,670,146,35,39,0,-1,-1,-1,-1
1483,98,0,238,22,40,0,-1,-1,-1,-1
1483,100,719,135,32,40,0,-1,-1,-1,-1
1484,5,1252,150,26,36,0,-1,-1,-1,-1
1484,96,670,146,35,39,0,-1,-1,-1,-1
1484,98,0,237,22,41,0,-1,-1,-1,-1
1484,100,719,135,32,40,0,-1,-1,-1,-1
1485,5,1252,150,25,36,0,-1,-1,-1,-1
1485,96,670,146,35,39,0,-1,-1,-1,-1
1485,98,0,237,22,41,0,-1,-1,-1,-1
1485,100,719,135,32,40,0,-1,-1,-1,-1
1486,5,1252,150,26,36,0,-1,-1,-1,-1
1486,96,670,147,35,38,0,-1,-1,-1,-1
1486,98,0,237,22,41,0,-1,-1,-1,-1
1486,100,719,135,32,40,0,-1,-1,-1,-1
1487,5,1252,149,26,37,0,-1,-1,-1,-1
1487,96,670,147,35,38,0,-1,-1,-1,-1
1487,98,0,237,22,41,0,-1,-1,-1,-1
1487,100,719,136,32,39,0,-1,-1,-1,-1
1488,5,1252,149,26,37,0,-1,-1,-1,-1
1488,96,670,147,35,38,0,-1,-1,-1,-1
1488,98,0,237,22,41,0,-1,-1,-1,-1
1488,100,719,136,32,39,0,-1,-1,-1,-1
1489,5,1252,149,27,37,0,-1,-1,-1,-1
1489,96,670,147,35,38,0,-1,-1,-1,-1
1489,98,0,237,22,41,0,-1,-1,-1,-1
1489,100,719,136,32,39,0,-1,-1,-1,-1
1490,5,1252,149,27,37,0,-1,-1,-1,-1
1490,96,670,147,35,37,0,-1,-1,-1,-1
1490,98,0,237,22,41,0,-1,-1,-1,-1
1490,100,719,136,32,39,0,-1,-1,-1,-1
1491,5,1252,149,27,37,0,-1,-1,-1,-1
1491,96,670,147,35,37,0,-1,-1,-1,-1
1491,98,0,237,22,41,0,-1,-1,-1,-1
1491,100,719,136,32,39,0,-1,-1,-1,-1
1492,5,1252,149,27,37,0,-1,-1,-1,-1
1492,96,670,147,35,37,0,-1,-1,-1,-1
1492,98,0,237,22,41,0,-1,-1,-1,-1
1492,100,719,136,32,39,0,-1,-1,-1,-1
1493,5,1252,149,27,37,0,-1,-1,-1,-1
1493,96,671,147,34,37,0,-1,-1,-1,-1
1493,98,0,237,22,41,0,-1,-1,-1,-1
1493,100,719,136,32,39,0,-1,-1,-1,-1
1494,5,1252,148,27,38,0,-1,-1,-1,-1
1494,96,671,147,34,37,0,-1,-1,-1,-1
1494,98,0,237,22,40,0,-1,-1,-1,-1
1494,100,719,136,32,39,0,-1,-1,-1,-1
1495,5,1252,149,27,37,0,-1,-1,-1,-1
1495,96,671,147,34,37,0,-1,-1,-1,-1
1495,98,0,237,22,40,0,-1,-1,-1,-1
1495,100,719,136,32,39,0,-1,-1,-1,-1
1496,5,1252,149,27,37,0,-1,-1,-1,-1
1496,96,672,147,34,38,0,-1,-1,-1,-1
1496,98,0,237,22,40,0,-1,-1,-1,-1
1496,100,719,136,32,39,0,-1,-1,-1,-1
1497,5,1252,150,27,37,0,-1,-1,-1,-1
1497,96,673,148,34,37,0,-1,-1,-1,-1
1497,98,0,237,22,41,0,-1,-1,-1,-1
1497,100,719,136,32,39,0,-1,-1,-1,-1
1498,5,1253,150,26,37,0,-1,-1,-1,-1
1498,96,673,148,34,37,0,-1,-1,-1,-1
1498,98,0,237,21,41,0,-1,-1,-1,-1
1498,100,719,136,32,39,0,-1,-1,-1,-1
1499,5,1253,150,27,37,0,-1,-1,-1,-1
1499,96,674,148,35,37,0,-1,-1,-1,-1
1499,98,0,238,20,40,0,-1,-1,-1,-1
1499,100,719,136,32,39,0,-1,-1,-1,-1
1500,5,1254,149,28,39,0,-1,-1,-1,-1
1500,96,677,148,33,36,0,-1,-1,-1,-1
1500,98,0,239,18,39,0,-1,-1,-1,-1
1500,100,720,137,31,38,0,-1,-1,-1,-1
1501,5,1254,148,29,40,0,-1,-1,-1,-1
1501,96,678,149,32,35,0,-1,-1,-1,-1
1501,98,0,239,17,39,0,-1,-1,-1,-1
1501,100,720,137,31,38,0,-1,-1,-1,-1
1502,5,1254,149,28,38,0,-1,-1,-1,-1
1502,96,680,149,32,35,0,-1,-1,-1,-1
1502,98,0,239,15,38,0,-1,-1,-1,-1
1502,100,719,137,32,38,0,-1,-1,-1,-1
1503,5,1254,149,28,38,0,-1,-1,-1,-1
1503,96,683,149,31,35,0,-1,-1,-1,-1
1503,100,720,137,31,38,0,-1,-1,-1,-1
1504,5,1254,149,27,38,0,-1,-1,-1,-1
1504,96,684,149,31,35,0,-1,-1,-1,-1
1504,100,720,137,31,38,0,-1,-1,-1,-1
1505,5,1255,149,27,38,0,-1,-1,-1,-1
1505,96,686,149,30,35,0,-1,-1,-1,-1
1505,100,720,137,31,38,0,-1,-1,-1,-1
1506,5,1257,150,27,37,0,-1,-1,-1,-1
1506,96,687,149,30,35,0,-1,-1,-1,-1
1506,100,720,136,32,39,0,-1,-1,-1,-1
1507,5,1258,150,26,37,0,-1,-1,-1,-1
1507,96,688,149,30,35,0,-1,-1,-1,-1
1507,100,720,136,32,40,0,-1,-1,-1,-1
1508,5,1260,150,27,38,0,-1,-1,-1,-1
1508,96,689,149,30,35,0,-1,-1,-1,-1
1508,100,720,136,32,39,0,-1,-1,-1,-1
1509,5,1263,151,27,38,0,-1,-1,-1,-1
1509,96,690,149,29,35,0,-1,-1,-1,-1
1509,100,721,136,32,39,0,-1,-1,-1,-1
1510,5,1264,151,27,39,0,-1,-1,-1,-1
1510,96,691,150,28,34,0,-1,-1,-1,-1
1510,100,721,136,32,39,0,-1,-1,-1,-1
1511,5,1265,151,28,39,0,-1,-1,-1,-1
1511,96,692,149,28,35,0,-1,-1,-1,-1
1511,100,721,135,32,40,0,-1,-1,-1,-1
1512,5,1267,151,28,39,0,-1,-1,-1,-1
1512,96,693,149,29,36,0,-1,-1,-1,-1
1512,100,722,135,32,40,0,-1,-1,-1,-1
1513,5,1267,151,29,39,0,-1,-1,-1,-1
1513,96,694,149,28,36,0,-1,-1,-1,-1
1513,100,722,135,32,39,0,-1,-1,-1,-1
1514,5,1269,152,27,38,0,-1,-1,-1,-1
1514,96,695,149,28,36,0,-1,-1,-1,-1
1514,100,722,135,32,39,0,-1,-1,-1,-1
1515,5,1269,152,27,37,0,-1,-1,-1,-1
1515,96,697,148,28,37,0,-1,-1,-1,-1
1515,100,722,135,32,39,0,-1,-1,-1,-1
1516,5,1270,152,26,37,0,-1,-1,-1,-1
1516,96,699,148,27,36,0,-1,-1,-1,-1
1516,100,723,135,31,39,0,-1,-1,-1,-1
1517,5,1270,152,26,37,0,-1,-1,-1,-1
1517,96,701,148,26,36,0,-1,-1,-1,-1
1517,100,723,135,31,39,0,-1,-1,-1,-1
1518,5,1270,152,27,37,0,-1,-1,-1,-1
1518,96,702,147,26,35,0,-1,-1,-1,-1
1518,100,724,134,31,40,0,-1,-1,-1,-1
1519,5,1270,152,27,36,0,-1,-1,-1,-1
1519,96,703,146,25,36,0,-1,-1,-1,-1
1519,100,724,134,31,39,0,-1,-1,-1,-1
1520,5,1270,152,26,36,0,-1,-1,-1,-1
1520,96,704,146,24,35,0,-1,-1,-1,-1
1520,100,725,134,30,39,0,-1,-1,-1,-1
1521,5,1270,152,26,36,0,-1,-1,-1,-1
1521,96,705,145,24,35,0,-1,-1,-1,-1
1521,100,725,133,30,40,0,-1,-1,-1,-1
1522,5,1269,152,27,36,0,-1,-1,-1,-1
1522,96,706,145,23,35,0,-1,-1,-1,-1
1522,100,725,133,30,40,0,-1,-1,-1,-1
1523,5,1269,152,27,36,0,-1,-1,-1,-1
1523,96,708,145,23,35,0,-1,-1,-1,-1
1523,100,725,133,30,39,0,-1,-1,-1,-1
1524,5,1269,152,27,36,0,-1,-1,-1,-1
1524,96,710,147,23,34,0,-1,-1,-1,-1
1524,100,726,133,29,39,0,-1,-1,-1,-1
1525,5,1269,152,27,36,0,-1,-1,-1,-1
1525,96,711,148,22,33,0,-1,-1,-1,-1
1525,100,726,133,29,39,0,-1,-1,-1,-1
1526,5,1269,152,27,36,0,-1,-1,-1,-1
1526,100,727,133,29,39,0,-1,-1,-1,-1
1527,5,1268,152,27,36,0,-1,-1,-1,-1
1527,100,728,133,29,39,0,-1,-1,-1,-1
1528,5,1268,152,27,36,0,-1,-1,-1,-1
1528,100,728,133,29,39,0,-1,-1,-1,-1
1529,5,1267,152,27,36,0,-1,-1,-1,-1
1529,100,729,133,28,39,0,-1,-1,-1,-1
1530,5,1267,152,27,36,0,-1,-1,-1,-1
1530,100,729,132,29,41,0,-1,-1,-1,-1
1531,5,1267,152,27,36,0,-1,-1,-1,-1
1531,100,729,132,29,41,0,-1,-1,-1,-1
1532,5,1266,152,28,37,0,-1,-1,-1,-1
1532,100,730,132,28,41,0,-1,-1,-1,-1
1533,5,1266,153,27,36,0,-1,-1,-1,-1
1533,100,731,132,27,40,0,-1,-1,-1,-1
1534,5,1265,153,28,36,0,-1,-1,-1,-1
1534,100,731,132,27,40,0,-1,-1,-1,-1
1535,5,1265,153,28,36,0,-1,-1,-1,-1
1535,100,732,132,26,39,0,-1,-1,-1,-1
1536,5,1264,153,28,36,0,-1,-1,-1,-1
1536,100,732,133,27,38,0,-1,-1,-1,-1
1537,5,1264,153,28,36,0,-1,-1,-1,-1
1537,100,732,133,27,38,0,-1,-1,-1,-1
1538,5,1263,152,29,37,0,-1,-1,-1,-1
1538,100,733,133,26,38,0,-1,-1,-1,-1
1539,5,1263,152,28,37,0,-1,-1,-1,-1
1539,100,734,133,25,37,0,-1,-1,-1,-1
1540,5,1263,152,28,37,0,-1,-1,-1,-1
1540,100,734,133,25,37,0,-1,-1,-1,-1
1541,5,1262,152,28,37,0,-1,-1,-1,-1
1541,100,734,133,25,37,0,-1,-1,-1,-1
1542,5,1262,152,28,37,0,-1,-1,-1,-1
1542,100,734,134,24,36,0,-1,-1,-1,-1
1543,5,1262,152,27,37,0,-1,-1,-1,-1
1543,100,734,134,24,36,0,-1,-1,-1,-1
1544,5,1260,152,28,37,0,-1,-1,-1,-1
1544,100,732,134,26,38,0,-1,-1,-1,-1
1545,5,1259,151,28,37,0,-1,-1,-1,-1
1545,100,731,134,25,38,0,-1,-1,-1,-1
1546,5,1258,150,29,38,0,-1,-1,-1,-1
1546,100,730,134,26,38,0,-1,-1,-1,-1
1547,5,1256,150,29,38,0,-1,-1,-1,-1
1547,100,730,134,26,38,0,-1,-1,-1,-1
1548,5,1254,150,29,38,0,-1,-1,-1,-1
1548,100,729,134,25,38,0,-1,-1,-1,-1
1549,5,1253,150,28,38,0,-1,-1,-1,-1
1549,100,728,134,25,38,0,-1,-1,-1,-1
1550,5,1252,151,27,37,0,-1,-1,-1,-1
1550,100,726,134,26,40,0,-1,-1,-1,-1
1551,5,1251,151,26,37,0,-1,-1,-1,-1
1551,100,722,133,28,42,0,-1,-1,-1,-1
1552,5,1250,152,26,36,0,-1,-1,-1,-1
1552,100,721,133,28,43,0,-1,-1,-1,-1
1553,5,1250,152,26,36,0,-1,-1,-1,-1
1553,100,720,133,27,42,0,-1,-1,-1,-1
1554,5,1250,151,26,37,0,-1,-1,-1,-1
1554,100,718,132,28,44,0,-1,-1,-1,-1
1555,5,1250,151,26,37,0,-1,-1,-1,-1
1555,100,717,132,28,44,0,-1,-1,-1,-1
1556,5,1250,151,25,38,0,-1,-1,-1,-1
1556,100,717,132,26,43,0,-1,-1,-1,-1
1557,5,1251,152,25,37,0,-1,-1,-1,-1
1557,100,715,133,26,42,0,-1,-1,-1,-1
1558,5,1251,152,26,37,0,-1,-1,-1,-1
1558,100,714,133,26,42,0,-1,-1,-1,-1
1559,5,1253,153,25,37,0,-1,-1,-1,-1
1559,100,713,133,25,43,0,-1,-1,-1,-1
1560,5,1256,154,24,36,0,-1,-1,-1,-1
1560,100,712,139,22,39,0,-1,-1,-1,-1
1561,5,1257,154,25,36,0,-1,-1,-1,-1
1561,100,711,141,22,37,0,-1,-1,-1,-1
1562,5,1260,155,24,35,0,-1,-1,-1,-1
1562,100,711,142,21,36,0,-1,-1,-1,-1
1563,5,1264,156,24,34,0,-1,-1,-1,-1
1563,100,710,142,21,37,0,-1,-1,-1,-1
1564,5,1265,156,25,34,0,-1,-1,-1,-1
1564,100,710,143,20,36,0,-1,-1,-1,-1
1565,5,1268,156,25,34,0,-1,-1,-1,-1
1565,100,709,143,21,36,0,-1,-1,-1,-1
1566,5,1271,156,25,35,0,-1,-1,-1,-1
1566,100,709,143,20,36,0,-1,-1,-1,-1
1567,5,1272,156,25,35,0,-1,-1,-1,-1
1567,100,709,143,20,36,0,-1,-1,-1,-1
1568,5,1273,156,26,35,0,-1,-1,-1,-1
1568,100,708,143,20,36,0,-1,-1,-1,-1
1569,5,1273,156,27,36,0,-1,-1,-1,-1
1569,100,708,143,19,36,0,-1,-1,-1,-1
1570,5,1273,156,28,36,0,-1,-1,-1,-1
1570,100,707,143,20,36,0,-1,-1,-1,-1
1570,135,783,166,27,36,0,-1,-1,-1,-1
1571,5,1274,156,27,36,0,-1,-1,-1,-1
1571,100,708,144,19,35,0,-1,-1,-1,-1
1571,135,782,164,27,37,0,-1,-1,-1,-1
1572,5,1275,157,27,35,0,-1,-1,-1,-1
1572,100,708,144,19,35,0,-1,-1,-1,-1
1572,135,780,162,29,40,0,-1,-1,-1,-1
1573,5,1276,157,26,36,0,-1,-1,-1,-1
1573,100,708,145,19,34,0,-1,-1,-1,-1
1573,135,779,162,30,40,0,-1,-1,-1,-1
1574,5,1276,157,27,36,0,-1,-1,-1,-1
1574,100,708,145,19,33,0,-1,-1,-1,-1
1574,135,778,160,30,42,0,-1,-1,-1,-1
1575,5,1277,157,26,35,0,-1,-1,-1,-1
1575,100,708,145,19,33,0,-1,-1,-1,-1
1575,135,777,160,31,42,0,-1,-1,-1,-1
1576,5,1277,157,26,35,0,-1,-1,-1,-1
1576,100,708,145,19,33,0,-1,-1,-1,-1
1576,135,777,160,31,42,0,-1,-1,-1,-1
1577,5,1277,157,26,35,0,-1,-1,-1,-1
1577,100,708,145,19,33,0,-1,-1,-1,-1
1577,135,776,160,31,43,0,-1,-1,-1,-1
1578,5,1278,157,26,35,0,-1,-1,-1,-1
1578,100,708,145,19,33,0,-1,-1,-1,-1
1578,135,775,161,31,42,0,-1,-1,-1,-1
1579,5,1278,157,26,35,0,-1,-1,-1,-1
1579,100,708,145,19,33,0,-1,-1,-1,-1
1579,135,775,162,31,41,0,-1,-1,-1,-1
1580,5,1278,156,26,36,0,-1,-1,-1,-1
1580,100,709,145,19,34,0,-1,-1,-1,-1
1580,135,774,163,31,40,0,-1,-1,-1,-1
1581,5,1278,156,27,36,0,-1,-1,-1,-1
1581,100,709,144,20,35,0,-1,-1,-1,-1
1581,135,773,164,31,41,0,-1,-1,-1,-1
1582,5,1278,156,27,36,0,-1,-1,-1,-1
1582,100,710,144,19,35,0,-1,-1,-1,-1
1582,135,772,164,32,41,0,-1,-1,-1,-1
1583,5,1278,156,27,36,0,-1,-1,-1,-1
1583,100,710,144,19,35,0,-1,-1,-1,-1
1583,135,770,164,34,43,0,-1,-1,-1,-1
1584,5,1278,156,27,36,0,-1,-1,-1,-1
1584,100,710,144,19,35,0,-1,-1,-1,-1
1584,135,769,165,34,43,0,-1,-1,-1,-1
1585,5,1278,156,27,36,0,-1,-1,-1,-1
1585,100,711,145,18,34,0,-1,-1,-1,-1
1585,135,768,165,35,43,0,-1,-1,-1,-1
1586,5,1277,156,27,36,0,-1,-1,-1,-1
1586,100,711,145,18,34,0,-1,-1,-1,-1
1586,135,767,165,35,44,0,-1,-1,-1,-1
1587,5,1277,156,27,36,0,-1,-1,-1,-1
1587,100,711,145,18,34,0,-1,-1,-1,-1
1587,135,766,167,34,43,0,-1,-1,-1,-1
1588,5,1277,156,27,35,0,-1,-1,-1,-1
1588,100,711,145,18,34,0,-1,-1,-1,-1
1588,135,766,168,34,42,0,-1,-1,-1,-1
1589,5,1277,156,26,35,0,-1,-1,-1,-1
1589,100,712,145,17,33,0,-1,-1,-1,-1
1589,135,764,167,35,44,0,-1,-1,-1,-1
1590,5,1277,156,26,35,0,-1,-1,-1,-1
1590,100,712,145,18,33,0,-1,-1,-1,-1
1590,135,761,166,36,45,0,-1,-1,-1,-1
1591,5,1277,156,26,35,0,-1,-1,-1,-1
1591,100,712,145,18,33,0,-1,-1,-1,-1
1591,135,760,165,37,46,0,-1,-1,-1,-1
1592,5,1276,156,27,35,0,-1,-1,-1,-1
1592,100,712,145,18,33,0,-1,-1,-1,-1
1592,135,758,164,37,46,0,-1,-1,-1,-1
1593,5,1276,155,27,36,0,-1,-1,-1,-1
1593,100,712,145,18,34,0,-1,-1,-1,-1
1593,135,754,162,39,48,0,-1,-1,-1,-1
1594,5,1276,155,27,36,0,-1,-1,-1,-1
1594,100,712,145,18,34,0,-1,-1,-1,-1
1594,135,752,161,40,49,0,-1,-1,-1,-1
1595,5,1276,155,27,36,0,-1,-1,-1,-1
1595,100,712,145,18,33,0,-1,-1,-1,-1
1595,135,750,161,38,49,0,-1,-1,-1,-1
1596,5,1276,155,27,36,0,-1,-1,-1,-1
1596,100,712,145,18,33,0,-1,-1,-1,-1
1596,135,745,160,40,49,0,-1,-1,-1,-1
1597,5,1276,155,27,36,0,-1,-1,-1,-1
1597,100,712,145,18,33,0,-1,-1,-1,-1
1597,135,744,159,40,50,0,-1,-1,-1,-1
1598,5,1276,155,27,36,0,-1,-1,-1,-1
1598,100,712,145,17,33,0,-1,-1,-1,-1
1598,135,740,158,41,51,0,-1,-1,-1,-1
1599,5,1276,156,27,35,0,-1,-1,-1,-1
1599,100,712,145,17,33,0,-1,-1,-1,-1
1599,135,736,161,40,49,0,-1,-1,-1,-1
1600,5,1276,156,27,35,0,-1,-1,-1,-1
1600,100,713,145,16,33,0,-1,-1,-1,-1
1600,135,735,161,40,50,0,-1,-1,-1,-1
1601,5,1276,156,27,35,0,-1,-1,-1,-1
1601,100,713,146,17,33,0,-1,-1,-1,-1
1601,135,730,163,40,50,0,-1,-1,-1,-1
1602,5,1276,156,27,35,0,-1,-1,-1,-1
1602,135,724,167,40,49,0,-1,-1,-1,-1
1603,5,1276,156,27,35,0,-1,-1,-1,-1
1603,135,722,169,39,48,0,-1,-1,-1,-1
1604,5,1276,156,27,35,0,-1,-1,-1,-1
1604,135,716,173,39,48,0,-1,-1,-1,-1
1605,5,1276,156,27,35,0,-1,-1,-1,-1
1605,135,708,177,40,47,0,-1,-1,-1,-1
1606,5,1276,156,27,35,0,-1,-1,-1,-1
1606,135,705,178,40,48,0,-1,-1,-1,-1
1607,5,1276,155,27,36,0,-1,-1,-1,-1
1607,135,697,181,41,49,0,-1,-1,-1,-1
1608,5,1275,155,27,35,0,-1,-1,-1,-1
1608,135,687,183,42,50,0,-1,-1,-1,-1
1609,5,1274,155,27,35,0,-1,-1,-1,-1
1609,135,684,183,42,51,0,-1,-1,-1,-1
1610,5,1272,154,28,36,0,-1,-1,-1,-1
1610,135,675,184,44,52,0,-1,-1,-1,-1
1611,5,1269,152,28,37,0,-1,-1,-1,-1
1611,135,666,186,45,52,0,-1,-1,-1,-1
1612,5,1267,151,29,38,0,-1,-1,-1,-1
1612,135,663,186,45,53,0,-1,-1,-1,-1
1613,5,1265,150,30,39,0,-1,-1,-1,-1
1613,135,658,188,44,51,0,-1,-1,-1,-1
1614,5,1263,150,29,38,0,-1,-1,-1,-1
1614,135,653,188,45,52,0,-1,-1,-1,-1
1615,5,1262,151,29,37,0,-1,-1,-1,-1
1615,135,652,188,44,52,0,-1,-1,-1,-1
1616,5,1261,152,27,36,0,-1,-1,-1,-1
1616,135,648,189,45,52,0,-1,-1,-1,-1
1617,5,1260,153,26,35,0,-1,-1,-1,-1
1617,135,646,190,45,53,0,-1,-1,-1,-1
1618,5,1259,153,26,35,0,-1,-1,-1,-1
1618,135,645,190,46,53,0,-1,-1,-1,-1
1619,5,1258,153,26,35,0,-1,-1,-1,-1
1619,135,644,192,46,54,0,-1,-1,-1,-1
1620,5,1257,153,25,35,0,-1,-1,-1,-1
1620,135,643,195,47,55,0,-1,-1,-1,-1
1621,5,1256,153,26,35,0,-1,-1,-1,-1
1621,135,643,197,47,54,0,-1,-1,-1,-1
1622,5,1256,152,25,36,0,-1,-1,-1,-1
1622,135,643,199,48,56,0,-1,-1,-1,-1
1623,5,1255,152,25,36,0,-1,-1,-1,-1
1623,135,646,203,48,57,0,-1,-1,-1,-1
1624,5,1255,152,24,35,0,-1,-1,-1,-1
1624,135,647,205,48,56,0,-1,-1,-1,-1
1625,5,1255,152,24,36,0,-1,-1,-1,-1
1625,135,650,208,48,56,0,-1,-1,-1,-1
1626,5,1253,152,25,36,0,-1,-1,-1,-1
1626,135,653,210,49,56,0,-1,-1,-1,-1
1627,5,1253,152,24,36,0,-1,-1,-1,-1
1627,135,655,211,48,56,0,-1,-1,-1,-1
1628,5,1252,151,25,37,0,-1,-1,-1,-1
1628,135,657,210,50,58,0,-1,-1,-1,-1
1629,5,1250,150,26,37,0,-1,-1,-1,-1
1629,135,658,209,52,60,0,-1,-1,-1,-1
1630,5,1249,149,26,38,0,-1,-1,-1,-1
1630,135,659,209,52,60,0,-1,-1,-1,-1
1631,5,1248,148,26,38,0,-1,-1,-1,-1
1631,135,660,208,52,61,0,-1,-1,-1,-1
1632,5,1247,146,27,40,0,-1,-1,-1,-1
1632,135,661,209,53,61,0,-1,-1,-1,-1
1633,5,1246,145,29,41,0,-1,-1,-1,-1
1633,135,661,209,53,61,0,-1,-1,-1,-1
1634,5,1245,144,29,42,0,-1,-1,-1,-1
1634,135,661,210,55,62,0,-1,-1,-1,-1
1635,5,1242,141,31,44,0,-1,-1,-1,-1
1635,135,662,211,56,66,0,-1,-1,-1,-1
1636,5,1241,139,34,46,0,-1,-1,-1,-1
1636,135,662,212,57,67,0,-1,-1,-1,-1
1637,5,1239,138,34,47,0,-1,-1,-1,-1
1637,135,663,215,58,69,0,-1,-1,-1,-1
1638,5,1236,138,35,46,0,-1,-1,-1,-1
1638,135,663,221,59,69,0,-1,-1,-1,-1
1639,5,1235,137,36,47,0,-1,-1,-1,-1
1639,135,663,223,60,70,0,-1,-1,-1,-1
1640,5,1232,139,34,45,0,-1,-1,-1,-1
1640,135,663,228,59,70,0,-1,-1,-1,-1
1641,135,660,233,61,72,0,-1,-1,-1,-1
1642,135,659,234,61,73,0,-1,-1,-1,-1
1643,135,657,237,61,73,0,-1,-1,-1,-1
1644,135,655,237,62,75,0,-1,-1,-1,-1
1645,135,654,237,63,76,0,-1,-1,-1,-1
1646,135,653,237,65,78,0,-1,-1,-1,-1
1647,135,655,237,66,78,0,-1,-1,-1,-1
1648,135,656,237,66,78,0,-1,-1,-1,-1
1649,135,659,237,67,80,0,-1,-1,-1,-1
1650,135,663,239,69,83,0,-1,-1,-1,-1
1651,135,665,240,70,84,0,-1,-1,-1,-1
1652,135,669,243,72,87,0,-1,-1,-1,-1
1653,135,676,251,73,87,0,-1,-1,-1,-1
1654,135,679,254,73,87,0,-1,-1,-1,-1
1655,135,686,259,74,90,0,-1,-1,-1,-1
1656,135,696,265,76,92,0,-1,-1,-1,-1
1657,135,700,268,76,92,0,-1,-1,-1,-1
1658,135,710,273,77,92,0,-1,-1,-1,-1
1659,135,723,276,77,93,0,-1,-1,-1,-1
1660,135,727,277,78,93,0,-1,-1,-1,-1
1661,135,736,276,81,97,0,-1,-1,-1,-1
1662,135,746,276,84,100,0,-1,-1,-1,-1
1663,135,750,276,85,101,0,-1,-1,-1,-1
1664,135,756,276,88,104,0,-1,-1,-1,-1
1665,135,763,277,91,110,0,-1,-1,-1,-1
1666,135,766,278,92,111,0,-1,-1,-1,-1
1667,135,772,285,93,112,0,-1,-1,-1,-1
1668,135,777,292,97,117,0,-1,-1,-1,-1
1669,135,779,294,99,120,0,-1,-1,-1,-1
1670,135,785,305,100,122,0,-1,-1,-1,-1
1671,135,790,318,102,125,0,-1,-1,-1,-1
1672,135,792,323,103,126,0,-1,-1,-1,-1
1673,135,796,335,103,127,0,-1,-1,-1,-1
1674,135,799,346,106,131,0,-1,-1,-1,-1
1675,135,800,350,107,132,0,-1,-1,-1,-1
1676,135,801,355,111,137,0,-1,-1,-1,-1
1677,135,803,357,118,146,0,-1,-1,-1,-1
1678,135,804,358,120,149,0,-1,-1,-1,-1
1679,135,810,364,122,151,0,-1,-1,-1,-1
1680,135,821,374,123,152,0,-1,-1,-1,-1
1681,135,825,377,124,152,0,-1,-1,-1,-1
1682,135,833,373,135,168,0,-1,-1,-1,-1
1683,135,845,368,152,192,0,-1,-1,-1,-1
1684,135,850,366,157,202,0,-1,-1,-1,-1
1685,135,869,379,160,208,0,-1,-1,-1,-1
1686,135,914,403,139,180,0,-1,-1,-1,-1
1687,135,932,414,131,166,0,-1,-1,-1,-1
