733,1,792,0,25,14,1,1,1
734,1,794,0,25,16,1,1,1
735,1,796,0,25,17,1,1,1
736,1,798,0,25,19,1,1,1
737,1,800,0,25,21,1,1,1
738,1,802,0,25,23,1,1,1
739,1,802,0,25,23,1,1,1
740,1,806,0,25,21,1,1,1
741,1,806,0,25,21,1,1,1
742,1,806,0,25,23,1,1,1
743,1,806,0,25,25,1,1,1
744,1,806,0,25,25,1,1,1
745,1,804,0,25,26,1,1,1
746,1,804,0,25,26,1,1,1
747,1,794,1,25,21,1,1,1
748,1,794,1,25,21,1,1,1
749,1,791,0,25,21,1,1,1
750,1,787,0,25,20,1,1,1
751,1,784,0,25,19,1,1,1
752,1,781,0,25,19,1,1,1
753,1,778,0,25,18,1,1,1
754,1,778,0,25,18,1,1,1
755,1,774,0,25,17,1,1,1
756,1,770,0,25,16,1,1,1
757,1,765,0,25,15,1,1,1
758,1,765,0,25,15,1,1,1
759,1,763,0,25,15,1,1,1
760,1,760,0,25,14,1,1,1
761,1,757,0,25,14,1,1,1
762,1,754,0,25,14,1,1,1
763,1,754,0,25,14,1,1,1
764,1,752,1,25,14,1,1,1
765,1,751,1,25,13,1,1,1
766,1,751,1,25,13,1,1,1
767,1,755,0,25,13,1,1,1
768,1,755,0,25,13,1,1,1
769,1,757,0,25,13,1,1,1
770,1,759,0,25,13,1,1,1
771,1,761,0,25,13,1,1,1
772,1,763,0,25,13,1,1,1
773,1,765,0,25,13,1,1,1
774,1,765,0,25,13,1,1,1
775,1,769,0,25,13,1,1,1
776,1,773,0,25,13,1,1,1
777,1,776,0,25,13,1,1,1
778,1,780,0,25,13,1,1,1
779,1,783,0,25,13,1,1,1
780,1,787,0,25,13,1,1,1
781,1,790,1,25,13,1,1,1
782,1,794,1,25,13,1,1,1
783,1,797,1,25,13,1,1,1
784,1,801,1,25,13,1,1,1
785,1,804,1,25,13,1,1,1
786,1,808,1,25,13,1,1,1
787,1,811,1,25,13,1,1,1
788,1,815,1,25,13,1,1,1
789,1,815,1,25,13,1,1,1
790,1,816,1,24,13,1,1,1
791,1,816,0,23,13,1,1,1
792,1,817,0,22,13,1,1,1
793,1,818,0,21,13,1,1,1
794,1,819,0,21,14,1,1,1
795,1,820,0,20,14,1,1,1
796,1,820,0,20,14,1,1,1
797,1,820,0,20,14,1,1,1
798,1,819,0,21,14,1,1,1
799,1,819,0,21,14,1,1,1
800,1,819,0,21,15,1,1,1
801,1,819,0,22,15,1,1,1
802,1,818,0,22,15,1,1,1
803,1,818,0,22,15,1,1,1
804,1,817,0,22,17,1,1,1
805,1,816,0,23,18,1,1,1
806,1,815,0,23,20,1,1,1
807,1,815,0,23,20,1,1,1
808,1,814,0,23,19,1,1,1
809,1,812,0,23,19,1,1,1
810,1,812,0,23,19,1,1,1
811,1,813,0,23,19,1,1,1
812,1,813,0,23,20,1,1,1
813,1,813,0,23,20,1,1,1
814,1,816,0,23,21,1,1,1
815,1,818,0,23,22,1,1,1
816,1,821,0,23,22,1,1,1
817,1,821,0,23,22,1,1,1
818,1,824,0,23,23,1,1,1
819,1,827,0,23,24,1,1,1
820,1,830,0,22,24,1,1,1
821,1,830,0,22,24,1,1,1
822,1,840,3,22,25,1,1,1
823,1,849,5,22,26,1,1,1
824,1,849,5,22,26,1,1,1
825,1,856,7,21,26,1,1,1
826,1,863,9,21,27,1,1,1
827,1,863,9,21,27,1,1,1
828,1,868,9,20,28,1,1,1
829,1,873,10,20,28,1,1,1
830,1,877,10,20,29,1,1,1
831,1,882,11,19,30,1,1,1
832,1,887,11,19,30,1,1,1
833,1,891,11,19,31,1,1,1
834,1,891,11,19,31,1,1,1
835,1,893,12,19,31,1,1,1
836,1,895,13,19,31,1,1,1
837,1,896,14,19,31,1,1,1
838,1,898,15,19,31,1,1,1
839,1,899,16,19,31,1,1,1
840,1,901,17,19,31,1,1,1
841,1,902,18,19,31,1,1,1
842,1,902,18,19,31,1,1,1
843,1,902,18,19,31,1,1,1
844,1,902,18,19,31,1,1,1
845,1,902,18,19,31,1,1,1
846,1,903,20,19,31,1,1,1
876,2,781,1,26,13,1,1,1
877,2,784,1,26,13,1,1,1
878,2,786,1,26,14,1,1,1
879,2,789,1,26,14,1,1,1
880,2,792,1,26,15,1,1,1
881,2,794,1,26,15,1,1,1
882,2,797,1,26,15,1,1,1
883,2,799,0,26,16,1,1,1
884,2,799,0,26,16,1,1,1
885,2,801,0,26,16,1,1,1
886,2,803,0,26,17,1,1,1
887,2,805,0,26,17,1,1,1
888,2,805,0,26,17,1,1,1
889,2,805,0,26,17,1,1,1
890,2,805,0,26,17,1,1,1
891,2,805,0,26,17,1,1,1
892,2,805,0,26,17,1,1,1
893,2,805,0,26,17,1,1,1
894,2,805,0,26,17,1,1,1
895,2,805,0,26,17,1,1,1
896,2,805,0,26,17,1,1,1
897,2,805,0,26,17,1,1,1
898,2,805,0,26,17,1,1,1
899,2,805,0,26,17,1,1,1
900,2,805,0,26,17,1,1,1
901,2,805,0,26,17,1,1,1
902,2,805,0,26,17,1,1,1
903,2,805,0,26,17,1,1,1
904,2,805,0,26,17,1,1,1
905,2,805,0,26,17,1,1,1
906,2,805,0,26,17,1,1,1
907,2,805,0,26,17,1,1,1
908,2,805,0,26,17,1,1,1
909,2,805,0,26,17,1,1,1
910,2,805,0,26,17,1,1,1
911,2,805,0,26,17,1,1,1
912,2,805,0,26,17,1,1,1
913,2,805,0,26,17,1,1,1
914,2,805,0,26,17,1,1,1
915,2,805,0,26,17,1,1,1
916,2,805,0,26,17,1,1,1
917,2,805,0,26,17,1,1,1
918,2,805,0,26,17,1,1,1
919,2,805,0,26,17,1,1,1
920,2,805,0,26,17,1,1,1
921,2,805,0,26,17,1,1,1
922,2,805,0,26,17,1,1,1
923,2,805,0,26,17,1,1,1
924,2,805,0,26,17,1,1,1
925,2,805,0,26,17,1,1,1
926,2,805,0,26,17,1,1,1
927,2,805,0,26,17,1,1,1
928,2,801,0,26,17,1,1,1
1069,2,801,0,19,17,1,1,1
1070,2,797,0,19,17,1,1,1
1071,2,793,0,19,17,1,1,1
1072,2,788,0,19,17,1,1,1
1073,2,784,0,19,17,1,1,1
1074,2,784,0,19,17,1,1,1
1075,2,781,0,19,17,1,1,1
1076,2,779,1,19,17,1,1,1
1077,2,776,1,19,17,1,1,1
1078,2,776,1,19,17,1,1,1
1079,2,776,1,19,17,1,1,1
1080,2,776,0,19,17,1,1,1
1081,2,775,0,19,17,1,1,1
1082,2,775,0,19,17,1,1,1
1083,2,777,0,19,17,1,1,1
1084,2,779,1,19,17,1,1,1
1085,2,781,1,19,17,1,1,1
1086,2,782,1,19,17,1,1,1
1087,2,782,1,19,17,1,1,1
1088,2,782,1,19,17,1,1,1
1089,2,782,1,19,17,1,1,1
1090,2,782,1,19,17,1,1,1
1091,2,782,1,19,17,1,1,1
1092,2,782,1,19,17,1,1,1
1093,2,782,1,19,17,1,1,1
1094,2,782,1,19,17,1,1,1
1095,2,782,1,19,17,1,1,1
1096,2,782,1,19,17,1,1,1
1097,2,782,1,19,17,1,1,1
1098,2,805,0,19,17,1,1,1
1112,2,807,0,16,17,1,1,1
1113,2,808,0,17,17,1,1,1
1114,2,809,0,17,17,1,1,1
1115,2,810,0,17,17,1,1,1
1116,2,811,0,17,17,1,1,1
1117,2,811,0,17,17,1,1,1
1118,2,810,0,17,17,1,1,1
1119,2,809,1,18,17,1,1,1
1120,2,808,1,18,17,1,1,1
1121,2,807,1,18,17,1,1,1
1122,2,807,1,18,17,1,1,1
1123,2,807,1,18,17,1,1,1
1124,2,806,1,19,17,1,1,1
1125,2,806,1,19,17,1,1,1
1126,2,806,1,19,17,1,1,1
1127,2,806,1,19,17,1,1,1
1128,2,804,0,19,17,1,1,1
1129,2,801,0,20,17,1,1,1
1130,2,799,0,20,17,1,1,1
1131,2,799,0,20,17,1,1,1
1132,2,795,0,20,17,1,1,1
1133,2,791,0,20,17,1,1,1
1134,2,787,1,20,17,1,1,1
1135,2,787,1,20,17,1,1,1
1136,2,783,1,20,17,1,1,1
1137,2,780,1,20,17,1,1,1
1138,2,780,1,20,17,1,1,1
1139,2,778,1,20,17,1,1,1
1140,2,777,0,20,17,1,1,1
1141,2,775,0,20,17,1,1,1
1142,2,773,0,20,17,1,1,1
1143,2,772,0,20,17,1,1,1
1144,2,770,0,20,17,1,1,1
1145,2,770,0,20,17,1,1,1
1146,2,770,0,20,17,1,1,1
1147,2,770,0,20,17,1,1,1
1148,2,770,0,20,17,1,1,1
1149,2,770,0,20,17,1,1,1
1150,2,770,0,20,17,1,1,1
1151,2,770,0,20,17,1,1,1
1152,2,770,0,20,17,1,1,1
1153,2,771,0,20,17,1,1,1
1154,2,772,0,20,17,1,1,1
1155,2,774,0,20,17,1,1,1
1156,2,775,0,20,17,1,1,1
1157,2,776,0,20,17,1,1,1
1158,2,776,0,20,17,1,1,1
1159,2,777,0,20,17,1,1,1
1160,2,779,0,20,17,1,1,1
1161,2,780,1,20,17,1,1,1
1162,2,781,1,20,17,1,1,1
1163,2,781,1,20,17,1,1,1
1164,2,780,1,20,17,1,1,1
1165,2,780,1,20,17,1,1,1
1166,2,779,1,20,17,1,1,1
1167,2,778,0,20,17,1,1,1
1168,2,778,0,20,17,1,1,1
1169,2,777,0,20,17,1,1,1
1170,2,777,0,20,17,1,1,1
1171,2,777,0,20,17,1,1,1
1172,2,777,0,20,17,1,1,1
1173,2,778,0,20,17,1,1,1
1174,2,778,0,20,17,1,1,1
1175,2,779,0,20,17,1,1,1
1176,2,779,0,20,17,1,1,1
1177,2,779,0,20,17,1,1,1
1178,2,780,0,20,17,1,1,1
1179,2,780,0,20,17,1,1,1
1180,2,780,0,20,17,1,1,1
1181,2,779,0,20,17,1,1,1
1182,2,779,0,20,17,1,1,1
1183,2,778,0,20,17,1,1,1
1184,2,778,0,20,16,1,1,1
1185,2,778,0,20,16,1,1,1
1186,2,777,0,20,16,1,1,1
1187,2,777,0,20,16,1,1,1
1188,2,777,0,20,16,1,1,1
1189,2,776,0,20,15,1,1,1
1190,2,776,0,20,15,1,1,1
1191,2,776,0,20,15,1,1,1
1192,2,775,0,20,15,1,1,1
1193,2,775,0,20,15,1,1,1
1194,2,775,0,20,14,1,1,1
1195,2,774,0,20,14,1,1,1
1196,2,774,0,20,14,1,1,1
1197,2,774,0,20,14,1,1,1
1198,2,774,0,20,14,1,1,1
1199,2,774,0,20,14,1,1,1
1200,2,774,0,20,14,1,1,1
1201,2,775,0,20,14,1,1,1
1202,2,775,0,20,14,1,1,1
1203,2,775,0,20,14,1,1,1
1204,2,775,0,20,14,1,1,1
1205,2,775,0,20,14,1,1,1
1206,2,775,0,20,14,1,1,1
1207,2,776,0,20,14,1,1,1
1208,2,776,0,20,14,1,1,1
1209,2,776,0,20,14,1,1,1
1210,2,776,0,20,14,1,1,1
1211,2,776,0,20,14,1,1,1
1212,2,776,0,20,14,1,1,1
1213,2,777,1,20,14,1,1,1
1214,2,777,1,20,14,1,1,1
1215,2,777,1,20,14,1,1,1
1216,2,777,1,20,14,1,1,1
1217,2,777,1,20,14,1,1,1
1218,1,852,0,19,27,1,1,1
1218,2,777,1,20,14,1,1,1
1219,1,852,0,19,27,1,1,1
1219,2,777,1,20,14,1,1,1
1220,1,852,0,19,27,1,1,1
1220,2,777,1,20,14,1,1,1
1221,1,852,0,19,27,1,1,1
1221,2,777,1,20,14,1,1,1
1222,1,848,0,19,27,1,1,1
1222,2,777,0,20,15,1,1,1
1223,2,777,0,20,15,1,1,1
1224,2,777,0,20,15,1,1,1
1225,2,777,0,20,16,1,1,1
1226,2,777,0,20,16,1,1,1
1227,2,777,0,20,16,1,1,1
1228,2,777,0,20,16,1,1,1
1229,2,777,0,20,17,1,1,1
1230,2,777,0,20,17,1,1,1
1231,2,777,0,20,17,1,1,1
1232,2,777,0,20,18,1,1,1
1233,2,777,0,20,18,1,1,1
1234,2,777,0,20,18,1,1,1
1235,2,777,0,20,18,1,1,1
1236,2,777,0,20,19,1,1,1
1237,2,777,0,20,19,1,1,1
1238,2,777,0,20,19,1,1,1
1239,2,777,0,20,19,1,1,1
1240,2,777,0,20,20,1,1,1
1241,2,776,0,20,20,1,1,1
1242,2,776,0,20,21,1,1,1
1243,2,776,0,20,21,1,1,1
1244,2,776,0,20,21,1,1,1
1245,2,775,0,20,22,1,1,1
1246,2,775,0,20,22,1,1,1
1247,2,775,0,21,22,1,1,1
1248,2,775,0,21,23,1,1,1
1249,2,774,0,21,23,1,1,1
1250,2,774,0,21,24,1,1,1
1251,2,774,0,21,24,1,1,1
1252,2,774,0,21,24,1,1,1
1253,2,773,0,21,25,1,1,1
1254,2,773,0,21,25,1,1,1
1255,2,773,0,21,26,1,1,1
1256,2,773,0,21,26,1,1,1
1257,2,773,0,21,26,1,1,1
1258,2,772,1,21,26,1,1,1
1259,2,771,1,21,26,1,1,1
1260,2,770,1,21,26,1,1,1
1261,2,770,1,21,26,1,1,1
1262,2,769,1,21,27,1,1,1
1263,2,768,1,21,27,1,1,1
1264,2,768,1,21,27,1,1,1
1265,2,767,2,21,27,1,1,1
1266,2,766,2,21,27,1,1,1
1267,2,766,2,21,27,1,1,1
1268,2,763,1,21,27,1,1,1
1269,2,759,1,21,27,1,1,1
1270,2,756,1,21,26,1,1,1
1271,2,752,1,21,26,1,1,1
1272,2,749,0,21,26,1,1,1
1273,2,749,0,21,26,1,1,1
1274,2,745,0,21,23,1,1,1
1275,2,742,0,21,21,1,1,1
1276,2,739,0,21,19,1,1,1
1277,2,735,0,21,16,1,1,1
1278,2,735,0,21,16,1,1,1
1279,2,735,0,21,16,1,1,1
1280,2,735,0,21,16,1,1,1
1281,2,735,0,21,16,1,1,1
1282,2,735,0,21,16,1,1,1
1283,2,726,0,21,15,1,1,1
1346,2,715,1,21,16,1,1,1
1347,2,717,0,21,16,1,1,1
1348,2,717,0,21,16,1,1,1
1349,2,716,0,21,16,1,1,1
1350,2,714,0,21,16,1,1,1
1351,2,712,0,21,16,1,1,1
1352,2,710,0,21,16,1,1,1
1353,2,708,0,21,16,1,1,1
1354,2,706,0,21,16,1,1,1
1355,2,704,0,21,16,1,1,1
1356,2,702,0,21,16,1,1,1
1357,2,700,0,21,16,1,1,1
1358,2,698,0,21,16,1,1,1
1359,2,698,0,21,16,1,1,1
1360,2,697,0,22,16,1,1,1
1361,2,695,0,22,16,1,1,1
1362,2,693,0,23,16,1,1,1
1363,2,692,0,23,16,1,1,1
1364,2,690,0,24,16,1,1,1
1365,2,690,0,24,16,1,1,1
1366,2,689,0,23,16,1,1,1
1367,2,688,0,23,16,1,1,1
1368,2,687,0,23,16,1,1,1
1369,2,687,0,23,16,1,1,1
1370,2,690,0,22,16,1,1,1
1371,2,693,0,21,16,1,1,1
1372,2,693,0,21,16,1,1,1
1373,2,695,0,21,16,1,1,1
1374,2,696,0,21,16,1,1,1
1375,2,698,0,21,16,1,1,1
1376,2,698,0,21,16,1,1,1
1377,2,702,0,21,16,1,1,1
1378,2,707,0,21,16,1,1,1
1379,2,707,0,21,16,1,1,1
1380,2,709,0,21,16,1,1,1
1381,2,711,0,21,16,1,1,1
1382,2,713,0,21,16,1,1,1
1383,2,715,0,21,16,1,1,1
1384,2,715,0,21,16,1,1,1
1385,2,715,0,21,16,1,1,1
1386,2,715,0,21,16,1,1,1
1387,2,715,0,21,16,1,1,1
1388,2,715,0,21,16,1,1,1
1389,2,715,0,21,16,1,1,1
1390,2,715,0,21,17,1,1,1
1391,2,714,0,21,17,1,1,1
1392,2,714,0,21,17,1,1,1
1393,2,713,0,21,17,1,1,1
1394,2,713,0,21,17,1,1,1
1395,2,712,0,21,18,1,1,1
1396,2,712,0,21,18,1,1,1
1397,2,711,0,21,18,1,1,1
1398,2,711,0,21,18,1,1,1
1399,2,710,0,21,19,1,1,1
1400,1,779,21,19,27,1,1,1
1400,2,710,0,21,19,1,1,1
1401,1,783,22,19,27,1,1,1
1401,2,711,0,21,18,1,1,1
1402,1,787,22,19,27,1,1,1
1402,2,711,0,21,18,1,1,1
1403,1,790,23,19,27,1,1,1
1403,2,712,0,21,18,1,1,1
1404,1,794,23,19,27,1,1,1
1404,2,712,0,21,18,1,1,1
1405,1,798,24,19,27,1,1,1
1405,2,713,0,21,18,1,1,1
1406,1,801,24,19,27,1,1,1
1406,2,713,0,21,17,1,1,1
1407,1,801,24,19,27,1,1,1
1407,2,714,0,21,17,1,1,1
1408,1,819,21,19,27,1,1,1
1408,2,714,0,21,17,1,1,1
1409,1,819,21,19,27,1,1,1
1409,2,714,0,21,17,1,1,1
1410,1,828,19,19,27,1,1,1
1410,2,714,0,21,18,1,1,1
1411,1,836,16,19,27,1,1,1
1411,2,714,0,21,19,1,1,1
1412,1,845,14,19,27,1,1,1
1412,2,714,0,21,20,1,1,1
1413,1,845,14,19,27,1,1,1
1413,2,714,0,21,20,1,1,1
1414,1,845,14,19,27,1,1,1
1414,2,711,0,21,22,1,1,1
1415,1,845,14,19,27,1,1,1
1415,2,709,1,21,23,1,1,1
1416,1,845,14,19,27,1,1,1
1416,2,709,1,21,23,1,1,1
1417,1,845,14,19,27,1,1,1
1417,2,699,0,21,25,1,1,1
1418,1,866,11,19,27,1,1,1
1418,2,699,0,21,25,1,1,1
1419,2,696,0,21,24,1,1,1
1420,2,693,0,21,24,1,1,1
1421,2,690,0,21,23,1,1,1
1422,2,687,0,21,23,1,1,1
1423,2,684,0,21,23,1,1,1
1424,2,684,0,21,23,1,1,1
1425,2,683,0,21,23,1,1,1
1426,2,682,0,21,23,1,1,1
1427,2,682,0,21,24,1,1,1
1428,2,682,0,21,24,1,1,1
1429,2,684,0,21,22,1,1,1
1430,2,686,0,21,21,1,1,1
1431,2,689,0,21,20,1,1,1
1432,2,689,0,21,20,1,1,1
1433,2,689,0,21,20,1,1,1
1434,2,692,0,21,20,1,1,1
1559,3,837,0,27,18,1,1,1
1560,3,843,0,27,18,1,1,1
1561,3,848,0,27,18,1,1,1
1562,3,853,1,27,18,1,1,1
1563,3,853,1,27,18,1,1,1
1564,3,855,1,27,19,1,1,1
1565,3,857,1,27,19,1,1,1
1566,3,860,0,27,19,1,1,1
1567,3,862,0,27,19,1,1,1
1568,3,862,0,27,19,1,1,1
1569,3,863,0,27,20,1,1,1
1570,3,863,0,27,20,1,1,1
1571,3,864,0,27,20,1,1,1
1572,3,865,0,27,20,1,1,1
1573,3,866,0,27,21,1,1,1
1574,3,867,0,27,21,1,1,1
1575,3,867,0,27,21,1,1,1
1576,3,867,0,27,21,1,1,1
1577,3,868,0,27,22,1,1,1
1578,3,869,0,26,22,1,1,1
1579,3,869,0,26,23,1,1,1
1580,3,870,0,26,24,1,1,1
1581,3,870,0,25,24,1,1,1
1582,3,871,0,25,25,1,1,1
1583,3,871,0,25,25,1,1,1
1584,3,871,0,26,25,1,1,1
1585,3,872,0,27,26,1,1,1
1586,3,872,0,28,27,1,1,1
1587,3,873,0,29,27,1,1,1
1588,3,873,0,30,28,1,1,1
1589,3,874,0,31,28,1,1,1
1590,3,874,0,32,29,1,1,1
1591,3,875,0,33,29,1,1,1
1592,3,875,0,33,29,1,1,1
1593,3,878,2,32,29,1,1,1
1594,3,882,3,32,29,1,1,1
1595,3,886,4,31,29,1,1,1
1596,3,889,5,30,29,1,1,1
1597,3,893,6,29,29,1,1,1
1597,4,716,0,27,19,1,1,1
1598,3,893,6,29,29,1,1,1
1598,4,715,0,27,21,1,1,1
1598,5,828,0,25,15,1,1,1
1599,3,896,5,28,29,1,1,1
1599,4,713,0,27,23,1,1,1
1599,5,828,0,25,15,1,1,1
1600,3,898,5,27,29,1,1,1
1600,4,711,0,27,25,1,1,1
1600,5,829,0,25,16,1,1,1
1601,3,898,5,27,29,1,1,1
1601,4,711,0,27,25,1,1,1
1601,5,829,0,25,16,1,1,1
1602,3,899,4,26,29,1,1,1
1602,4,709,1,27,25,1,1,1
1602,5,830,0,25,16,1,1,1
1603,3,900,4,26,29,1,1,1
1603,4,706,2,27,25,1,1,1
1603,5,830,0,25,17,1,1,1
1604,3,901,4,25,29,1,1,1
1604,4,703,3,27,25,1,1,1
1604,5,831,0,25,17,1,1,1
1605,3,901,4,24,29,1,1,1
1605,4,700,3,27,25,1,1,1
1605,5,831,0,25,17,1,1,1
1606,3,902,4,24,29,1,1,1
1606,4,697,4,27,25,1,1,1
1606,5,831,0,25,17,1,1,1
1607,3,903,4,23,29,1,1,1
1607,4,697,4,27,25,1,1,1
1607,5,831,0,25,18,1,1,1
1608,3,904,4,22,29,1,1,1
1608,4,696,5,28,26,1,1,1
1608,5,830,0,25,18,1,1,1
1609,3,904,4,21,29,1,1,1
1609,4,695,6,28,26,1,1,1
1609,5,829,0,25,18,1,1,1
1610,3,905,4,21,29,1,1,1
1610,4,694,6,29,27,1,1,1
1610,5,828,0,25,19,1,1,1
1611,3,906,4,20,29,1,1,1
1611,4,693,7,29,28,1,1,1
1611,5,827,0,25,19,1,1,1
1612,3,906,4,20,29,1,1,1
1612,4,692,8,29,29,1,1,1
1612,5,826,0,25,19,1,1,1
1613,3,905,3,20,29,1,1,1
1613,4,691,8,30,30,1,1,1
1613,5,825,0,25,19,1,1,1
1614,1,830,16,19,41,1,1,1
1614,3,905,3,20,29,1,1,1
1614,4,691,8,30,30,1,1,1
1614,5,825,0,25,19,1,1,1
1615,1,833,16,20,41,1,1,1
1615,3,905,2,21,29,1,1,1
1615,4,693,11,30,30,1,1,1
1615,5,823,0,25,20,1,1,1
1616,1,837,16,21,41,1,1,1
1616,3,904,2,21,29,1,1,1
1616,4,695,14,31,31,1,1,1
1616,5,821,0,25,20,1,1,1
1617,1,840,15,22,41,1,1,1
1617,3,904,1,21,29,1,1,1
1617,4,697,17,31,32,1,1,1
1617,5,819,0,25,20,1,1,1
1618,1,843,15,23,41,1,1,1
1618,3,903,1,21,29,1,1,1
1618,4,699,20,32,33,1,1,1
1618,5,817,0,25,21,1,1,1
1619,1,846,15,23,41,1,1,1
1619,3,903,1,21,29,1,1,1
1619,4,699,20,32,33,1,1,1
1619,5,815,0,25,21,1,1,1
1620,1,846,15,23,41,1,1,1
1620,3,904,1,22,29,1,1,1
1620,4,707,28,31,32,1,1,1
1620,5,813,0,25,21,1,1,1
1621,1,846,15,23,41,1,1,1
1621,3,904,1,22,29,1,1,1
1621,4,707,28,31,32,1,1,1
1621,5,813,0,25,21,1,1,1
1622,1,846,15,23,41,1,1,1
1622,3,904,1,23,29,1,1,1
1622,4,714,29,32,33,1,1,1
1622,5,811,0,25,22,1,1,1
1623,1,846,15,23,41,1,1,1
1623,3,904,1,23,29,1,1,1
1623,4,722,29,32,33,1,1,1
1623,5,809,0,25,22,1,1,1
1624,1,843,17,23,38,1,1,1
1624,3,904,1,24,29,1,1,1
1624,4,729,30,33,34,1,1,1
1624,5,807,0,25,23,1,1,1
1625,3,904,1,24,29,1,1,1
1625,4,729,30,33,34,1,1,1
1625,5,807,0,25,23,1,1,1
1626,3,904,1,25,29,1,1,1
1626,4,733,33,34,34,1,1,1
1626,5,806,0,25,23,1,1,1
1627,3,905,1,26,29,1,1,1
1627,4,736,36,34,33,1,1,1
1627,5,806,0,25,23,1,1,1
1628,3,905,1,26,29,1,1,1
1628,4,740,39,34,32,1,1,1
1628,5,806,0,25,24,1,1,1
1629,3,905,1,27,29,1,1,1
1629,4,743,42,35,31,1,1,1
1629,5,806,0,25,24,1,1,1
1630,3,905,1,27,29,1,1,1
1630,4,743,42,35,31,1,1,1
1630,5,806,0,25,25,1,1,1
1631,3,905,1,28,29,1,1,1
1631,4,744,45,36,33,1,1,1
1631,5,806,0,25,25,1,1,1
1632,2,637,0,25,17,1,1,1
1632,3,905,1,28,29,1,1,1
1632,4,745,48,37,35,1,1,1
1632,5,806,0,26,25,1,1,1
1633,2,637,0,25,17,1,1,1
1633,3,905,1,29,29,1,1,1
1633,4,746,51,38,36,1,1,1
1633,5,806,0,26,26,1,1,1
1634,2,636,0,25,17,1,1,1
1634,3,906,1,30,29,1,1,1
1634,4,747,54,39,38,1,1,1
1634,5,805,0,26,26,1,1,1
1635,2,636,0,25,17,1,1,1
1635,3,906,1,30,29,1,1,1
1635,4,748,56,39,40,1,1,1
1635,5,805,0,26,27,1,1,1
1636,2,635,0,25,17,1,1,1
1636,3,906,1,31,29,1,1,1
1636,4,749,59,40,42,1,1,1
1636,5,805,0,26,27,1,1,1
1637,2,635,0,25,17,1,1,1
1637,3,906,1,31,29,1,1,1
1637,4,749,59,40,42,1,1,1
1637,5,805,0,26,27,1,1,1
1638,2,634,0,25,17,1,1,1
1638,3,906,1,30,29,1,1,1
1638,4,752,61,41,42,1,1,1
1638,5,803,1,26,27,1,1,1
1639,2,634,0,25,17,1,1,1
1639,3,906,1,30,29,1,1,1
1639,4,755,64,41,43,1,1,1
1639,5,801,1,26,27,1,1,1
1639,6,744,0,24,15,1,1,1
1640,2,633,0,25,17,1,1,1
1640,3,907,1,30,29,1,1,1
1640,4,758,66,41,43,1,1,1
1640,5,799,1,26,28,1,1,1
1640,6,745,1,23,15,1,1,1
1641,2,633,0,25,17,1,1,1
1641,3,907,1,30,29,1,1,1
1641,4,761,68,41,44,1,1,1
1641,5,797,1,26,28,1,1,1
1641,6,746,1,23,16,1,1,1
1642,2,632,0,25,17,1,1,1
1642,3,907,1,30,29,1,1,1
1642,4,764,70,42,44,1,1,1
1642,5,795,1,26,28,1,1,1
1642,6,748,1,22,16,1,1,1
1643,2,632,0,25,17,1,1,1
1643,3,907,1,29,29,1,1,1
1643,4,767,72,42,45,1,1,1
1643,5,794,1,26,28,1,1,1
1643,6,749,1,22,16,1,1,1
1644,2,631,0,25,17,1,1,1
1644,3,908,1,29,29,1,1,1
1644,4,770,74,42,45,1,1,1
1644,5,792,1,26,28,1,1,1
1644,6,750,1,21,17,1,1,1
1645,2,631,0,25,17,1,1,1
1645,3,908,1,29,29,1,1,1
1645,4,770,74,42,45,1,1,1
1645,5,790,1,26,28,1,1,1
1645,6,751,1,21,17,1,1,1
1646,2,630,0,25,17,1,1,1
1646,3,908,1,29,29,1,1,1
1646,4,775,81,42,46,1,1,1
1646,5,788,1,26,29,1,1,1
1646,6,752,1,20,17,1,1,1
1647,2,630,0,25,17,1,1,1
1647,3,908,1,28,29,1,1,1
1647,4,780,87,43,46,1,1,1
1647,5,786,1,26,29,1,1,1
1647,6,754,1,20,17,1,1,1
1648,2,629,0,25,17,1,1,1
1648,3,909,1,28,29,1,1,1
1648,4,786,93,43,47,1,1,1
1648,5,784,1,26,29,1,1,1
1648,6,755,2,19,18,1,1,1
1649,2,629,0,25,17,1,1,1
1649,3,909,1,28,29,1,1,1
1649,4,791,99,43,47,1,1,1
1649,5,782,1,26,29,1,1,1
1649,6,756,2,19,18,1,1,1
1650,2,628,0,25,17,1,1,1
1650,3,909,1,28,29,1,1,1
1650,4,797,106,43,48,1,1,1
1650,5,780,2,26,29,1,1,1
1650,6,756,2,19,18,1,1,1
1651,2,628,0,25,17,1,1,1
1651,3,909,1,27,29,1,1,1
1651,4,802,112,44,48,1,1,1
1651,5,778,2,26,29,1,1,1
1651,6,756,2,19,18,1,1,1
1652,2,627,0,25,17,1,1,1
1652,3,909,1,27,29,1,1,1
1652,4,807,118,44,49,1,1,1
1652,5,776,2,26,29,1,1,1
1652,6,756,2,19,18,1,1,1
1653,2,627,0,25,17,1,1,1
1653,3,909,1,27,29,1,1,1
1653,4,807,118,44,49,1,1,1
1653,5,776,2,26,29,1,1,1
1653,6,755,0,17,19,1,1,1
1654,2,627,0,25,17,1,1,1
1654,3,910,1,27,30,1,1,1
1654,4,815,123,46,50,1,1,1
1654,5,776,2,26,29,1,1,1
1655,2,627,0,25,17,1,1,1
1655,3,910,1,27,30,1,1,1
1655,4,822,128,48,51,1,1,1
1655,5,775,3,26,29,1,1,1
1656,2,627,0,25,17,1,1,1
1656,3,910,1,27,30,1,1,1
1656,4,829,132,51,52,1,1,1
1656,5,774,3,26,29,1,1,1
1657,2,627,0,25,17,1,1,1
1657,3,910,1,27,30,1,1,1
1657,4,836,137,53,53,1,1,1
1657,5,773,4,26,29,1,1,1
1658,2,627,0,25,16,1,1,1
1658,3,910,1,27,30,1,1,1
1658,4,836,137,53,53,1,1,1
1658,5,773,4,26,29,1,1,1
1659,3,911,1,27,30,1,1,1
1659,4,837,145,55,54,1,1,1
1659,5,775,5,26,29,1,1,1
1660,3,911,1,27,30,1,1,1
1660,4,838,153,57,55,1,1,1
1660,5,776,6,26,29,1,1,1
1661,3,911,1,27,30,1,1,1
1661,4,838,161,59,56,1,1,1
1661,5,777,7,26,29,1,1,1
1662,3,911,1,27,30,1,1,1
1662,4,839,168,61,57,1,1,1
1662,5,779,8,26,29,1,1,1
1663,3,911,1,27,30,1,1,1
1663,4,840,176,63,58,1,1,1
1663,5,780,9,26,29,1,1,1
1664,3,911,1,27,30,1,1,1
1664,4,841,184,66,59,1,1,1
1664,5,781,10,26,29,1,1,1
1665,3,912,1,27,31,1,1,1
1665,4,841,184,66,59,1,1,1
1665,5,781,10,26,29,1,1,1
1666,3,912,1,27,31,1,1,1
1666,4,841,193,66,61,1,1,1
1666,5,785,11,26,32,1,1,1
1667,3,912,1,27,31,1,1,1
1667,4,840,201,67,62,1,1,1
1667,5,790,12,27,35,1,1,1
1668,3,912,1,27,31,1,1,1
1668,4,840,210,68,63,1,1,1
1668,5,790,12,27,35,1,1,1
1669,3,912,1,27,31,1,1,1
1669,4,840,218,69,64,1,1,1
1669,5,792,12,27,34,1,1,1
1670,3,913,1,27,31,1,1,1
1670,4,839,227,70,65,1,1,1
1670,5,794,13,28,34,1,1,1
1671,3,913,1,27,31,1,1,1
1671,4,839,235,71,66,1,1,1
1671,5,796,14,28,34,1,1,1
1672,3,913,1,27,31,1,1,1
1672,4,839,235,71,66,1,1,1
1672,5,796,14,28,34,1,1,1
1673,3,913,1,27,31,1,1,1
1673,4,845,252,72,68,1,1,1
1673,5,798,16,28,34,1,1,1
1674,3,913,1,27,31,1,1,1
1674,4,851,269,73,69,1,1,1
1674,5,801,17,29,35,1,1,1
1675,3,913,1,27,31,1,1,1
1675,4,857,285,75,70,1,1,1
1675,5,804,19,29,36,1,1,1
1676,3,913,1,27,31,1,1,1
1676,4,857,285,75,70,1,1,1
1676,5,804,19,29,36,1,1,1
1677,3,914,1,27,32,1,1,1
1677,4,867,302,76,71,1,1,1
1677,5,805,20,30,37,1,1,1
1678,3,914,2,27,32,1,1,1
1678,4,877,319,77,73,1,1,1
1678,5,805,20,30,38,1,1,1
1679,3,914,2,27,32,1,1,1
1679,4,887,336,78,74,1,1,1
1679,5,806,20,30,38,1,1,1
1680,3,914,3,27,32,1,1,1
1680,4,896,353,79,75,1,1,1
1680,5,806,21,31,39,1,1,1
1681,3,914,3,27,32,1,1,1
1681,4,896,353,79,75,1,1,1
1681,5,806,21,31,39,1,1,1
1682,3,914,3,27,32,1,1,1
1682,4,923,373,81,79,1,1,1
1682,5,808,22,31,40,1,1,1
1683,3,914,4,27,32,1,1,1
1683,4,949,392,84,82,1,1,1
1683,5,809,24,32,40,1,1,1
1684,3,914,4,27,32,1,1,1
1684,4,949,392,84,82,1,1,1
1684,5,811,25,33,40,1,1,1
1685,3,914,5,27,32,1,1,1
1685,4,979,415,81,79,1,1,1
1685,5,812,26,33,41,1,1,1
1686,3,914,5,27,32,1,1,1
1686,4,979,415,81,79,1,1,1
1686,5,814,28,34,41,1,1,1
1687,3,914,6,27,32,1,1,1
1687,4,987,426,80,73,1,1,1
1687,5,815,29,35,42,1,1,1
1688,3,914,7,27,32,1,1,1
1688,5,816,30,35,42,1,1,1
1689,3,914,7,27,32,1,1,1
1689,5,816,30,35,42,1,1,1
1690,3,914,6,27,32,1,1,1
1690,5,819,35,36,43,1,1,1
1691,3,915,6,27,32,1,1,1
1691,5,822,39,36,43,1,1,1
1692,3,915,6,27,32,1,1,1
1692,5,822,39,36,43,1,1,1
1693,3,915,6,27,32,1,1,1
1693,5,830,43,37,44,1,1,1
1694,3,915,6,27,32,1,1,1
1694,5,838,47,37,44,1,1,1
1695,1,981,39,23,38,1,1,1
1695,3,915,6,27,32,1,1,1
1695,5,838,47,37,44,1,1,1
1696,1,985,41,24,38,1,1,1
1696,3,915,6,27,32,1,1,1
1696,5,843,47,38,45,1,1,1
1697,1,988,43,25,38,1,1,1
1697,3,916,6,27,32,1,1,1
1697,5,843,47,38,45,1,1,1
1698,1,992,45,25,38,1,1,1
1698,3,916,6,27,32,1,1,1
1698,5,846,48,38,46,1,1,1
1699,1,995,47,26,38,1,1,1
1699,3,916,5,27,32,1,1,1
1699,5,849,48,38,47,1,1,1
1700,1,999,49,27,38,1,1,1
1700,3,916,5,27,32,1,1,1
1700,5,852,48,37,48,1,1,1
1701,1,999,49,27,38,1,1,1
1701,3,916,5,27,32,1,1,1
1701,5,852,48,37,48,1,1,1
1701,6,795,0,21,19,1,1,1
1702,1,1003,52,27,38,1,1,1
1702,3,916,5,27,32,1,1,1
1702,5,851,50,37,49,1,1,1
1702,6,795,0,21,19,1,1,1
1703,1,1008,55,28,38,1,1,1
1703,3,916,5,27,32,1,1,1
1703,5,850,51,37,50,1,1,1
1703,6,795,0,21,19,1,1,1
1704,1,1013,59,29,39,1,1,1
1704,3,917,5,27,32,1,1,1
1704,5,850,51,37,50,1,1,1
1704,6,791,0,21,16,1,1,1
1705,1,1018,62,29,39,1,1,1
1705,3,917,5,27,32,1,1,1
1705,5,850,53,38,51,1,1,1
1706,1,1023,65,30,39,1,1,1
1706,3,917,5,27,32,1,1,1
1706,5,850,55,39,52,1,1,1
1707,1,1028,68,30,39,1,1,1
1707,3,917,5,27,32,1,1,1
1707,5,850,57,40,53,1,1,1
1708,1,1033,71,31,39,1,1,1
1708,3,917,5,27,32,1,1,1
1708,5,850,59,40,54,1,1,1
1709,1,1033,71,31,39,1,1,1
1709,3,917,4,27,32,1,1,1
1709,5,851,61,41,55,1,1,1
1710,1,1036,72,32,39,1,1,1
1710,3,918,4,27,32,1,1,1
1710,5,851,63,42,55,1,1,1
1711,1,1039,72,32,39,1,1,1
1711,3,918,4,27,32,1,1,1
1711,5,851,65,43,56,1,1,1
1712,1,1043,73,33,39,1,1,1
1712,3,918,4,27,32,1,1,1
1712,5,851,66,44,57,1,1,1
1713,1,1043,73,33,39,1,1,1
1713,3,918,4,27,32,1,1,1
1713,5,851,66,44,57,1,1,1
1714,1,1044,74,33,39,1,1,1
1714,3,918,4,27,32,1,1,1
1714,5,853,71,43,56,1,1,1
1715,1,1046,75,33,39,1,1,1
1715,3,918,4,27,32,1,1,1
1715,5,855,75,41,55,1,1,1
1716,1,1046,75,33,39,1,1,1
1716,3,918,5,27,32,1,1,1
1716,5,855,75,41,55,1,1,1
1717,1,1045,74,32,39,1,1,1
1717,3,918,5,27,32,1,1,1
1717,5,857,78,42,57,1,1,1
1718,1,1045,72,32,39,1,1,1
1718,3,918,5,27,32,1,1,1
1718,5,859,81,44,59,1,1,1
1719,1,1045,71,32,40,1,1,1
1719,3,918,5,27,32,1,1,1
1719,5,860,85,45,60,1,1,1
1720,1,1044,69,32,40,1,1,1
1720,3,918,5,27,32,1,1,1
1720,5,862,88,46,62,1,1,1
1721,1,1044,69,32,40,1,1,1
1721,3,918,5,27,32,1,1,1
1721,5,862,88,46,62,1,1,1
1722,1,1043,68,31,40,1,1,1
1722,3,918,5,27,32,1,1,1
1722,5,867,91,46,63,1,1,1
1723,1,1041,67,31,40,1,1,1
1723,3,917,5,27,32,1,1,1
1723,5,872,93,47,64,1,1,1
1724,1,1040,65,31,40,1,1,1
1724,3,917,4,27,32,1,1,1
1724,5,876,95,47,65,1,1,1
1725,1,1038,64,31,40,1,1,1
1725,3,917,4,27,32,1,1,1
1725,5,881,98,47,66,1,1,1
1726,1,1037,62,30,40,1,1,1
1726,3,917,4,27,32,1,1,1
1726,5,881,98,47,66,1,1,1
1727,1,1035,61,30,40,1,1,1
1727,3,916,3,27,32,1,1,1
1727,5,884,100,48,67,1,1,1
1728,1,1034,60,30,40,1,1,1
1728,3,915,3,27,32,1,1,1
1728,5,887,103,48,68,1,1,1
1729,1,1032,58,30,40,1,1,1
1729,3,913,2,27,32,1,1,1
1729,5,890,105,48,69,1,1,1
1730,1,1031,57,30,40,1,1,1
1730,3,912,2,27,32,1,1,1
1730,5,893,107,49,70,1,1,1
1731,1,1031,57,30,40,1,1,1
1731,3,912,2,27,32,1,1,1
1731,5,893,107,49,70,1,1,1
1732,1,1029,57,30,40,1,1,1
1732,3,910,2,26,32,1,1,1
1732,5,893,115,50,71,1,1,1
1733,1,1027,57,30,40,1,1,1
1733,3,909,2,24,32,1,1,1
1733,5,893,122,52,72,1,1,1
1734,1,1026,57,30,40,1,1,1
1734,3,907,2,23,32,1,1,1
1734,5,893,130,53,72,1,1,1
1735,1,1026,57,30,40,1,1,1
1735,3,907,2,23,32,1,1,1
1735,5,893,130,53,72,1,1,1
1736,1,1026,57,30,40,1,1,1
1736,3,908,2,22,32,1,1,1
1736,5,892,133,55,73,1,1,1
1737,1,1027,58,30,40,1,1,1
1737,3,908,2,20,32,1,1,1
1737,5,890,136,56,74,1,1,1
1738,1,1028,59,30,40,1,1,1
1738,3,909,2,19,32,1,1,1
1738,5,889,138,58,75,1,1,1
1739,1,1028,59,30,40,1,1,1
1739,3,909,2,19,32,1,1,1
1739,5,889,138,58,75,1,1,1
1740,1,1029,59,30,40,1,1,1
1740,3,909,2,20,32,1,1,1
1740,5,889,142,58,75,1,1,1
1741,1,1030,59,30,40,1,1,1
1741,3,908,2,21,32,1,1,1
1741,5,889,145,58,76,1,1,1
1742,1,1030,59,30,40,1,1,1
1742,3,908,2,22,32,1,1,1
1742,5,890,148,58,77,1,1,1
1743,1,1031,60,30,40,1,1,1
1743,3,908,2,22,32,1,1,1
1743,5,890,151,59,77,1,1,1
1744,1,1032,60,30,40,1,1,1
1744,3,907,2,23,32,1,1,1
1744,5,890,151,59,77,1,1,1
1745,1,1033,60,30,40,1,1,1
1745,3,907,2,24,32,1,1,1
1745,5,890,154,61,78,1,1,1
1746,1,1034,60,30,40,1,1,1
1746,3,907,2,25,32,1,1,1
1746,5,891,157,64,79,1,1,1
1747,1,1035,60,30,40,1,1,1
1747,3,906,2,26,32,1,1,1
1747,5,891,161,66,79,1,1,1
1748,1,1035,61,30,40,1,1,1
1748,3,906,2,27,32,1,1,1
1748,5,891,164,69,80,1,1,1
1749,1,1035,61,30,40,1,1,1
1749,3,906,2,27,32,1,1,1
1749,5,891,164,69,80,1,1,1
1750,1,1035,62,30,40,1,1,1
1750,3,907,2,27,32,1,1,1
1750,5,898,168,68,80,1,1,1
1751,1,1034,62,30,40,1,1,1
1751,3,908,1,27,32,1,1,1
1751,5,905,173,67,81,1,1,1
1752,1,1034,63,30,40,1,1,1
1752,3,909,1,27,32,1,1,1
1752,5,911,177,66,81,1,1,1
1753,1,1033,64,30,40,1,1,1
1753,3,910,1,27,32,1,1,1
1753,5,918,181,65,81,1,1,1
1754,1,1032,65,30,40,1,1,1
1754,3,911,1,27,32,1,1,1
1754,5,924,186,64,82,1,1,1
1755,1,1032,66,30,40,1,1,1
1755,3,911,1,27,32,1,1,1
1755,5,924,186,64,82,1,1,1
1756,1,1031,67,30,40,1,1,1
1756,3,911,1,27,32,1,1,1
1756,5,928,188,65,82,1,1,1
1757,1,1031,68,30,40,1,1,1
1757,3,911,1,27,32,1,1,1
1757,5,932,189,66,82,1,1,1
1758,1,1030,69,30,40,1,1,1
1758,3,911,1,27,32,1,1,1
1758,5,935,191,67,83,1,1,1
1759,1,1029,70,30,40,1,1,1
1759,3,911,1,27,32,1,1,1
1759,5,939,193,68,83,1,1,1
1760,1,1029,71,30,40,1,1,1
1760,3,911,1,27,32,1,1,1
1760,5,943,194,68,83,1,1,1
1761,1,1028,71,30,40,1,1,1
1761,3,911,0,27,32,1,1,1
1761,5,947,196,69,83,1,1,1
1762,1,1028,71,30,40,1,1,1
1762,3,911,0,27,32,1,1,1
1762,5,947,196,69,83,1,1,1
1763,1,1028,71,29,40,1,1,1
1763,3,911,0,27,32,1,1,1
1763,5,949,198,69,83,1,1,1
1764,1,1028,71,29,40,1,1,1
1764,3,911,0,27,32,1,1,1
1764,5,952,199,69,83,1,1,1
1765,1,1028,71,29,40,1,1,1
1765,3,911,0,27,32,1,1,1
1765,5,954,201,69,83,1,1,1
1766,1,1028,71,29,40,1,1,1
1766,3,911,0,27,33,1,1,1
1766,5,957,203,69,83,1,1,1
1767,1,1028,71,29,40,1,1,1
1767,3,911,0,27,33,1,1,1
1767,5,959,204,69,83,1,1,1
1768,1,1028,71,29,40,1,1,1
1768,3,911,0,27,33,1,1,1
1768,5,962,206,69,83,1,1,1
1769,1,1028,71,29,40,1,1,1
1769,3,911,0,27,33,1,1,1
1769,5,962,206,69,83,1,1,1
1770,1,1028,71,29,40,1,1,1
1770,3,911,0,27,33,1,1,1
1770,5,961,206,69,83,1,1,1
1771,1,1028,71,29,40,1,1,1
1771,3,911,0,27,33,1,1,1
1771,5,961,207,69,83,1,1,1
1772,1,1028,71,29,40,1,1,1
1772,3,911,0,27,33,1,1,1
1772,5,960,207,69,83,1,1,1
1773,1,1028,71,28,40,1,1,1
1773,3,911,0,27,34,1,1,1
1773,5,960,207,69,83,1,1,1
1774,1,1028,71,28,40,1,1,1
1774,3,911,0,27,34,1,1,1
1774,5,960,207,69,83,1,1,1
1775,1,1028,71,28,40,1,1,1
1775,3,911,0,27,34,1,1,1
1775,5,959,208,69,83,1,1,1
1776,1,1028,71,28,40,1,1,1
1776,3,911,0,27,34,1,1,1
1776,5,959,208,69,83,1,1,1
1777,1,1028,71,28,40,1,1,1
1777,3,911,0,27,34,1,1,1
1777,5,959,208,69,83,1,1,1
1778,1,1028,71,28,40,1,1,1
1778,3,911,0,27,34,1,1,1
1778,5,959,208,69,83,1,1,1
1779,1,1028,71,28,40,1,1,1
1779,3,911,0,27,34,1,1,1
1779,5,959,208,69,83,1,1,1
1780,1,1028,71,28,40,1,1,1
1780,3,911,0,28,34,1,1,1
1780,5,959,208,69,83,1,1,1
1781,1,1028,71,28,40,1,1,1
1781,3,910,0,28,34,1,1,1
1781,5,959,208,69,83,1,1,1
1782,1,1028,71,28,40,1,1,1
1782,3,910,0,28,34,1,1,1
1782,5,958,208,69,83,1,1,1
1783,1,1028,71,27,40,1,1,1
1783,3,910,0,28,34,1,1,1
1783,5,958,208,69,83,1,1,1
1784,1,1028,71,27,40,1,1,1
1784,3,910,0,28,34,1,1,1
1784,5,958,209,69,83,1,1,1
1785,1,1028,71,27,40,1,1,1
1785,3,910,0,29,34,1,1,1
1785,5,958,209,69,83,1,1,1
1786,1,1028,71,27,40,1,1,1
1786,3,910,0,29,34,1,1,1
1786,5,958,209,69,83,1,1,1
1787,1,1028,71,27,39,1,1,1
1787,3,910,0,29,34,1,1,1
1787,5,958,209,69,83,1,1,1
1788,1,1028,71,27,39,1,1,1
1788,3,910,0,29,34,1,1,1
1788,5,958,209,69,83,1,1,1
1789,1,1028,71,27,39,1,1,1
1789,3,909,0,29,34,1,1,1
1789,5,958,209,69,83,1,1,1
1790,1,1028,71,27,39,1,1,1
1790,3,909,0,28,34,1,1,1
1790,5,958,209,69,83,1,1,1
1791,1,1028,71,27,39,1,1,1
1791,3,908,0,28,34,1,1,1
1791,5,958,209,69,83,1,1,1
1792,1,1028,71,27,39,1,1,1
1792,3,908,0,27,34,1,1,1
1792,5,958,209,69,83,1,1,1
1793,1,1028,71,26,39,1,1,1
1793,3,907,0,27,34,1,1,1
1793,5,958,209,69,83,1,1,1
1794,1,1028,71,26,39,1,1,1
1794,3,906,0,26,34,1,1,1
1794,5,958,209,69,83,1,1,1
1795,1,1028,71,26,39,1,1,1
1795,3,906,0,26,34,1,1,1
1795,5,957,209,69,83,1,1,1
1796,1,1028,71,26,39,1,1,1
1796,3,905,0,25,34,1,1,1
1796,5,956,209,69,83,1,1,1
1797,1,1028,71,26,39,1,1,1
1797,3,905,0,25,34,1,1,1
1797,5,955,209,69,83,1,1,1
1798,1,1028,71,26,39,1,1,1
1798,3,904,0,24,34,1,1,1
1798,5,954,208,69,83,1,1,1
1799,1,1028,71,26,39,1,1,1
1799,3,903,0,24,34,1,1,1
1799,5,953,208,69,83,1,1,1
1800,1,1028,71,26,39,1,1,1
1800,3,903,0,24,34,1,1,1
1800,5,953,208,69,83,1,1,1
1801,1,1028,71,26,39,1,1,1
1801,3,903,0,23,34,1,1,1
1801,5,949,206,67,83,1,1,1
1802,1,1028,71,26,39,1,1,1
1802,3,903,0,23,34,1,1,1
1802,5,946,203,66,83,1,1,1
1803,1,1027,71,27,39,1,1,1
1803,3,903,0,23,34,1,1,1
1803,5,943,200,64,83,1,1,1
1804,1,1027,71,27,39,1,1,1
1804,3,903,0,23,34,1,1,1
1804,5,943,200,64,83,1,1,1
1805,1,1027,71,27,39,1,1,1
1805,3,903,0,23,34,1,1,1
1805,5,935,196,62,83,1,1,1
1806,1,1026,71,28,39,1,1,1
1806,3,903,0,23,34,1,1,1
1806,5,928,192,61,83,1,1,1
1807,1,1026,71,28,39,1,1,1
1807,3,903,0,23,34,1,1,1
1807,5,921,187,59,83,1,1,1
1808,1,1026,71,28,39,1,1,1
1808,3,903,0,23,34,1,1,1
1808,5,914,183,58,83,1,1,1
1809,1,1026,71,28,39,1,1,1
1809,3,903,0,23,34,1,1,1
1809,5,914,183,58,83,1,1,1
1810,1,1025,71,29,39,1,1,1
1810,3,903,0,23,34,1,1,1
1810,5,907,179,57,83,1,1,1
1811,1,1025,71,29,39,1,1,1
1811,3,903,0,23,34,1,1,1
1811,5,901,176,56,83,1,1,1
1812,1,1025,71,29,39,1,1,1
1812,3,903,0,23,34,1,1,1
1812,5,895,172,55,83,1,1,1
1813,1,1024,71,30,39,1,1,1
1813,3,903,0,23,34,1,1,1
1813,5,889,169,55,83,1,1,1
1814,1,1024,71,30,39,1,1,1
1814,3,903,0,23,34,1,1,1
1814,5,889,169,55,83,1,1,1
1815,1,1024,71,30,39,1,1,1
1815,3,903,0,23,34,1,1,1
1815,5,887,165,49,83,1,1,1
1816,1,1024,71,30,39,1,1,1
1816,3,903,0,23,34,1,1,1
1816,5,884,161,44,83,1,1,1
1817,1,1023,71,31,39,1,1,1
1817,3,903,0,23,34,1,1,1
1817,5,882,158,39,83,1,1,1
1818,1,1023,71,31,39,1,1,1
1818,3,903,0,23,34,1,1,1
1818,5,882,158,39,83,1,1,1
1819,1,1023,71,31,39,1,1,1
1819,3,903,0,23,34,1,1,1
1819,5,882,158,39,83,1,1,1
1820,1,1023,71,31,39,1,1,1
1820,3,903,0,23,34,1,1,1
1820,5,882,158,39,83,1,1,1
1821,1,1023,71,31,39,1,1,1
1821,3,903,0,22,34,1,1,1
1821,5,882,158,39,83,1,1,1
1822,1,1023,71,31,39,1,1,1
1822,3,903,0,22,34,1,1,1
1822,5,882,158,39,83,1,1,1
1823,1,1023,71,31,39,1,1,1
1823,3,903,0,22,34,1,1,1
1823,5,875,155,38,74,1,1,1
1824,1,1023,71,31,39,1,1,1
1824,3,903,0,22,34,1,1,1
1825,1,1023,71,31,39,1,1,1
1825,3,903,0,22,34,1,1,1
1826,1,1023,71,31,39,1,1,1
1826,3,903,0,22,34,1,1,1
1827,1,1023,71,31,38,1,1,1
1827,3,903,0,22,34,1,1,1
1828,1,1023,71,31,38,1,1,1
1828,3,903,0,22,34,1,1,1
1829,1,1023,71,31,38,1,1,1
1829,3,902,0,22,34,1,1,1
1830,1,1023,71,31,38,1,1,1
1830,3,902,0,22,34,1,1,1
1831,1,1023,71,31,38,1,1,1
1831,3,902,0,22,34,1,1,1
1832,1,1023,71,31,38,1,1,1
1832,3,902,0,22,34,1,1,1
1833,1,1023,71,31,38,1,1,1
1833,3,902,0,22,34,1,1,1
1834,1,1023,71,31,38,1,1,1
1834,3,902,0,22,34,1,1,1
1835,1,1023,71,31,38,1,1,1
1835,3,902,0,22,34,1,1,1
1836,1,1023,71,31,38,1,1,1
1836,3,902,0,22,34,1,1,1
1837,1,1023,71,31,38,1,1,1
1837,3,902,0,22,34,1,1,1
1838,1,1023,71,31,38,1,1,1
1838,3,902,0,22,34,1,1,1
1839,1,1023,71,31,38,1,1,1
1839,3,902,0,22,34,1,1,1
1840,1,1023,71,31,38,1,1,1
1840,3,902,0,22,34,1,1,1
1841,1,1023,71,31,38,1,1,1
1841,3,902,0,22,34,1,1,1
1842,1,1023,71,31,37,1,1,1
1842,3,902,0,21,34,1,1,1
1843,1,1023,71,31,37,1,1,1
1843,3,902,0,21,34,1,1,1
1844,1,1023,71,31,37,1,1,1
1844,3,902,0,21,34,1,1,1
1845,1,1023,71,31,37,1,1,1
1845,3,902,0,21,34,1,1,1
1846,1,1023,71,31,37,1,1,1
1846,3,902,0,21,34,1,1,1
1847,1,1023,71,31,37,1,1,1
1847,3,902,0,21,34,1,1,1
1848,1,1023,71,31,37,1,1,1
1848,3,902,0,21,34,1,1,1
1849,1,1023,71,31,37,1,1,1
1849,3,902,0,21,34,1,1,1
1850,1,1023,71,31,37,1,1,1
1850,3,902,0,21,34,1,1,1
1851,1,1023,71,31,37,1,1,1
1851,3,902,0,21,34,1,1,1
1852,1,1023,71,31,37,1,1,1
1852,3,902,0,21,34,1,1,1
1853,1,1023,71,31,37,1,1,1
1853,3,902,0,21,34,1,1,1
1854,1,1023,71,31,37,1,1,1
1854,3,902,0,21,34,1,1,1
1855,1,1023,71,31,37,1,1,1
1855,3,902,0,21,34,1,1,1
1856,1,1023,71,31,37,1,1,1
1856,3,902,0,21,34,1,1,1
1857,1,1023,71,31,37,1,1,1
1857,3,901,0,21,34,1,1,1
1858,1,1023,71,31,37,1,1,1
1858,3,901,0,21,34,1,1,1
1859,1,1023,71,31,37,1,1,1
1859,3,901,0,21,34,1,1,1
1860,1,1023,71,31,37,1,1,1
1860,3,901,0,21,34,1,1,1
1861,1,1023,71,31,37,1,1,1
1861,3,901,0,21,34,1,1,1
1862,1,1023,71,31,37,1,1,1
1862,3,901,0,21,34,1,1,1
1863,1,1023,71,31,37,1,1,1
1863,3,901,0,20,34,1,1,1
1864,1,1023,71,31,37,1,1,1
1864,3,901,0,20,34,1,1,1
1865,1,1022,71,31,37,1,1,1
1865,3,901,1,21,34,1,1,1
1866,1,1022,71,31,37,1,1,1
1866,3,900,1,22,34,1,1,1
1867,1,1022,71,31,37,1,1,1
1867,3,900,1,22,34,1,1,1
1868,1,1022,71,31,37,1,1,1
1868,3,900,1,23,34,1,1,1
1869,1,1022,71,31,37,1,1,1
1869,3,899,2,24,34,1,1,1
1870,1,1022,71,31,37,1,1,1
1870,3,899,2,24,34,1,1,1
1871,1,1022,71,31,37,1,1,1
1871,3,901,1,24,34,1,1,1
1872,1,1022,71,31,37,1,1,1
1872,3,903,1,25,34,1,1,1
1873,1,1022,71,31,37,1,1,1
1873,3,904,1,25,34,1,1,1
1874,1,1022,71,31,37,1,1,1
1874,3,906,1,26,34,1,1,1
1875,1,1022,71,31,37,1,1,1
1875,3,908,1,27,34,1,1,1
1876,1,1021,71,31,37,1,1,1
1876,3,909,0,27,34,1,1,1
1877,1,1021,71,31,37,1,1,1
1877,3,909,0,27,34,1,1,1
1878,1,1021,71,31,37,1,1,1
1878,3,910,0,27,34,1,1,1
1879,1,1021,71,31,37,1,1,1
1879,3,910,0,27,34,1,1,1
1880,1,1021,71,31,37,1,1,1
1880,3,910,1,27,34,1,1,1
1881,1,1021,71,31,37,1,1,1
1881,3,910,1,26,34,1,1,1
1882,1,1021,71,31,37,1,1,1
1882,3,910,1,26,34,1,1,1
1883,1,1021,71,31,37,1,1,1
1883,3,910,1,26,34,1,1,1
1884,1,1021,71,31,37,1,1,1
1884,3,910,1,26,34,1,1,1
1885,1,1021,71,31,37,1,1,1
1885,3,910,1,26,34,1,1,1
1886,1,1021,71,31,37,1,1,1
1886,3,910,1,26,34,1,1,1
1887,1,1021,70,31,37,1,1,1
1887,3,910,1,25,34,1,1,1
1888,1,1020,70,31,37,1,1,1
1888,3,910,1,25,34,1,1,1
1889,1,1020,70,31,37,1,1,1
1889,3,910,1,25,34,1,1,1
1890,1,1020,70,31,37,1,1,1
1890,3,910,1,25,34,1,1,1
1891,1,1020,70,31,37,1,1,1
1891,3,910,1,25,34,1,1,1
1892,1,1020,70,31,37,1,1,1
1892,3,910,1,24,34,1,1,1
1893,1,1020,70,31,37,1,1,1
1893,3,910,1,24,34,1,1,1
1894,1,1020,70,31,37,1,1,1
1894,3,910,1,24,34,1,1,1
1895,1,1020,70,31,37,1,1,1
1895,3,910,1,24,34,1,1,1
1896,1,1020,70,31,37,1,1,1
1896,3,909,1,24,34,1,1,1
1897,1,1020,70,31,37,1,1,1
1897,3,909,1,24,34,1,1,1
1898,1,1020,70,31,37,1,1,1
1898,3,909,2,23,34,1,1,1
1899,1,1020,70,31,37,1,1,1
1899,3,909,2,23,34,1,1,1
1900,1,1021,70,31,37,1,1,1
1900,3,907,1,23,34,1,1,1
1901,1,1021,70,31,37,1,1,1
1901,3,905,1,23,34,1,1,1
1902,1,1021,70,31,37,1,1,1
1902,3,903,1,23,34,1,1,1
1903,1,1022,70,31,37,1,1,1
1903,3,901,1,23,34,1,1,1
1904,1,1022,70,31,37,1,1,1
1904,3,901,1,23,34,1,1,1
1905,1,1022,70,31,37,1,1,1
1905,3,901,1,22,34,1,1,1
1906,1,1023,70,31,37,1,1,1
1906,3,901,1,22,34,1,1,1
1907,1,1023,69,31,37,1,1,1
1907,3,901,1,22,34,1,1,1
1908,1,1023,69,31,37,1,1,1
1908,3,902,1,22,34,1,1,1
1909,1,1024,69,31,37,1,1,1
1909,3,902,1,22,34,1,1,1
1910,1,1024,69,31,37,1,1,1
1910,3,902,1,21,34,1,1,1
1911,1,1024,69,31,37,1,1,1
1911,3,902,1,21,34,1,1,1
1912,1,1025,69,31,37,1,1,1
1912,3,902,1,21,34,1,1,1
1913,1,1025,69,31,37,1,1,1
1913,3,902,1,21,34,1,1,1
1914,1,1025,69,31,37,1,1,1
1914,3,902,1,21,34,1,1,1
1915,1,1025,69,31,37,1,1,1
1915,3,902,1,21,34,1,1,1
1916,1,1025,70,31,37,1,1,1
1916,3,902,1,21,34,1,1,1
1917,1,1025,70,31,37,1,1,1
1917,3,901,1,21,34,1,1,1
1918,1,1025,70,31,37,1,1,1
1918,3,901,1,21,34,1,1,1
1919,1,1025,70,31,37,1,1,1
1919,3,901,1,21,34,1,1,1
1920,1,1025,70,31,37,1,1,1
1920,3,901,1,21,34,1,1,1
1921,1,1025,71,31,37,1,1,1
1921,3,901,1,21,34,1,1,1
1922,1,1025,71,31,37,1,1,1
1922,3,900,1,21,34,1,1,1
1923,1,1025,71,31,37,1,1,1
1923,3,900,1,21,34,1,1,1
1924,1,1025,71,31,37,1,1,1
1924,3,900,1,21,34,1,1,1
1925,1,1025,71,31,37,1,1,1
1925,3,900,1,21,34,1,1,1
1926,1,1025,72,31,37,1,1,1
1926,3,899,1,21,34,1,1,1
1927,1,1025,72,31,37,1,1,1
1927,3,899,1,21,34,1,1,1
1928,1,1025,72,31,37,1,1,1
1928,3,899,1,21,34,1,1,1
1929,1,1025,72,31,37,1,1,1
1929,3,899,1,21,34,1,1,1
1930,1,1025,72,31,37,1,1,1
1930,3,899,1,21,34,1,1,1
1931,1,1025,73,31,37,1,1,1
1931,3,898,1,21,34,1,1,1
1932,1,1025,73,31,37,1,1,1
1932,3,898,1,21,34,1,1,1
1933,1,1025,73,31,37,1,1,1
1933,3,898,1,21,34,1,1,1
1934,1,1025,73,31,37,1,1,1
1934,3,898,1,21,34,1,1,1
1935,1,1025,73,31,37,1,1,1
1935,3,898,1,21,34,1,1,1
1936,1,1025,74,31,37,1,1,1
1936,3,897,1,21,34,1,1,1
1937,1,1025,74,31,37,1,1,1
1937,3,897,1,21,34,1,1,1
1938,1,1025,74,31,37,1,1,1
1938,3,897,1,21,34,1,1,1
1939,1,1025,74,31,37,1,1,1
1939,3,897,1,21,34,1,1,1
1940,1,1025,74,31,36,1,1,1
1940,3,896,1,21,34,1,1,1
1941,1,1025,74,31,36,1,1,1
1941,3,896,1,21,34,1,1,1
1942,1,1025,75,31,36,1,1,1
1942,3,896,1,21,34,1,1,1
1943,1,1025,75,31,36,1,1,1
1943,3,896,1,21,34,1,1,1
1944,1,1025,75,31,36,1,1,1
1944,3,896,1,21,34,1,1,1
1945,1,1025,75,31,36,1,1,1
1945,3,895,1,21,34,1,1,1
1946,1,1025,75,31,36,1,1,1
1946,3,895,0,21,34,1,1,1
1947,1,1025,76,31,35,1,1,1
1947,3,895,0,21,34,1,1,1
1948,1,1025,76,31,35,1,1,1
1948,3,895,0,21,34,1,1,1
1949,1,1025,76,31,35,1,1,1
1949,3,895,0,21,34,1,1,1
1950,1,1025,76,31,35,1,1,1
1950,3,894,0,21,34,1,1,1
1951,1,1025,76,31,35,1,1,1
1951,3,894,0,21,34,1,1,1
1952,1,1025,76,31,35,1,1,1
1952,3,894,0,21,34,1,1,1
1953,1,1025,77,31,35,1,1,1
1953,3,894,0,21,34,1,1,1
1954,1,1025,77,31,34,1,1,1
1954,3,893,0,21,34,1,1,1
1955,1,1025,77,31,34,1,1,1
1955,3,893,0,21,34,1,1,1
1956,1,1025,77,31,34,1,1,1
1956,3,893,0,21,34,1,1,1
1957,1,1025,77,31,34,1,1,1
1957,3,892,0,21,34,1,1,1
1958,1,1025,78,31,34,1,1,1
1958,3,892,0,21,34,1,1,1
1959,1,1025,78,31,34,1,1,1
1959,3,891,0,21,34,1,1,1
1960,1,1025,78,31,34,1,1,1
1960,3,891,0,21,34,1,1,1
1961,1,1025,78,31,34,1,1,1
1961,3,890,0,21,33,1,1,1
1962,1,1025,78,31,33,1,1,1
1962,3,890,0,21,33,1,1,1
1963,1,1025,78,31,33,1,1,1
1963,3,890,0,21,33,1,1,1
1964,1,1025,79,31,33,1,1,1
1964,3,889,0,21,33,1,1,1
1965,1,1025,79,31,33,1,1,1
1965,3,889,0,21,33,1,1,1
1966,1,1025,79,30,33,1,1,1
1966,3,889,0,21,33,1,1,1
1967,1,1026,79,29,34,1,1,1
1967,3,889,0,21,33,1,1,1
1968,1,1027,79,28,34,1,1,1
1968,3,889,0,21,33,1,1,1
1969,1,1028,79,27,34,1,1,1
1969,3,889,0,21,33,1,1,1
1970,1,1029,79,26,35,1,1,1
1970,3,889,0,21,33,1,1,1
1971,1,1029,79,25,35,1,1,1
1971,3,889,0,21,33,1,1,1
1972,1,1030,79,24,35,1,1,1
1972,3,889,0,21,33,1,1,1
1973,1,1031,79,23,36,1,1,1
1973,3,889,0,21,33,1,1,1
1974,1,1031,79,23,36,1,1,1
1974,3,889,0,21,33,1,1,1
1975,1,1031,79,23,36,1,1,1
1975,3,889,0,21,33,1,1,1
1976,1,1030,79,23,36,1,1,1
1976,3,889,0,21,33,1,1,1
1977,1,1030,79,23,36,1,1,1
1977,3,889,0,21,33,1,1,1
1978,1,1030,79,23,37,1,1,1
1978,3,889,0,21,33,1,1,1
1979,1,1029,79,24,37,1,1,1
1979,3,889,0,21,33,1,1,1
1980,1,1029,79,24,37,1,1,1
1980,3,889,0,21,33,1,1,1
1981,1,1029,79,24,38,1,1,1
1981,3,889,0,21,33,1,1,1
1982,1,1028,79,24,38,1,1,1
1982,3,889,0,21,33,1,1,1
1983,1,1028,79,24,38,1,1,1
1983,3,889,0,21,33,1,1,1
1984,1,1028,79,24,38,1,1,1
1984,3,889,0,21,33,1,1,1
1985,1,1027,78,24,39,1,1,1
1985,3,889,0,21,33,1,1,1
1986,1,1026,77,23,39,1,1,1
1986,3,889,0,21,33,1,1,1
1987,1,1025,77,23,39,1,1,1
1987,3,889,0,21,33,1,1,1
1988,1,1025,76,23,40,1,1,1
1988,3,889,0,21,33,1,1,1
1989,1,1024,75,22,40,1,1,1
1989,3,889,0,21,33,1,1,1
1990,1,1023,75,22,40,1,1,1
1990,3,889,0,21,33,1,1,1
1991,1,1022,74,21,41,1,1,1
1991,3,889,0,21,33,1,1,1
1992,1,1022,74,21,41,1,1,1
1992,3,884,3,21,33,1,1,1
1993,1,1019,71,21,41,1,1,1
1994,1,1017,68,21,41,1,1,1
1995,1,1014,66,20,41,1,1,1
1996,1,1012,63,20,42,1,1,1
1997,1,1009,60,19,42,1,1,1
1998,1,1007,57,19,42,1,1,1
1999,1,1004,55,19,43,1,1,1
2000,1,1004,55,19,43,1,1,1
2001,1,1002,54,19,43,1,1,1
2002,1,1000,54,19,43,1,1,1
2003,1,997,54,19,43,1,1,1
2004,1,995,54,19,43,1,1,1
2005,1,995,54,19,43,1,1,1
2006,1,995,53,19,43,1,1,1
2007,1,994,53,19,43,1,1,1
2008,1,994,53,19,43,1,1,1
2009,1,993,53,19,43,1,1,1
2010,1,993,53,19,43,1,1,1
2011,1,993,53,19,43,1,1,1
2012,1,993,53,19,43,1,1,1
2013,1,994,53,19,43,1,1,1
2014,1,994,53,19,43,1,1,1
2015,1,994,53,19,43,1,1,1
2016,1,994,53,19,43,1,1,1
2017,1,994,53,19,43,1,1,1
2018,1,995,53,19,43,1,1,1
2019,1,995,53,19,43,1,1,1
2020,1,995,54,19,42,1,1,1
2021,1,996,55,19,41,1,1,1
2022,1,996,55,19,41,1,1,1
2023,1,997,56,19,40,1,1,1
2024,1,997,56,19,40,1,1,1
2025,1,998,57,19,39,1,1,1
2026,1,998,57,19,39,1,1,1
2027,1,998,59,19,40,1,1,1
2028,1,999,61,19,40,1,1,1
2029,1,999,62,19,41,1,1,1
2030,1,1000,64,19,41,1,1,1
2031,1,1000,66,19,42,1,1,1
2032,1,1001,68,19,43,1,1,1
2033,1,1001,68,19,43,1,1,1
2034,1,1001,68,19,43,1,1,1
2035,1,1001,69,19,43,1,1,1
2036,1,1001,69,19,43,1,1,1
2037,1,1001,70,19,43,1,1,1
2038,1,1002,70,19,43,1,1,1
2039,1,1002,70,19,43,1,1,1
2040,1,1002,71,19,43,1,1,1
2041,1,1002,71,19,43,1,1,1
2042,1,1003,72,19,43,1,1,1
2043,1,1003,72,19,43,1,1,1
2044,1,1003,73,19,43,1,1,1
2045,1,1003,73,19,43,1,1,1
2046,1,1003,73,19,43,1,1,1
2047,1,1003,73,19,43,1,1,1
2048,1,1003,73,19,43,1,1,1
2049,1,1003,73,19,43,1,1,1
2050,1,1003,73,19,43,1,1,1
2051,1,1003,73,19,43,1,1,1
2052,1,1003,73,19,43,1,1,1
2053,1,1003,73,19,43,1,1,1
2054,1,1003,73,19,43,1,1,1
2055,1,1004,73,19,43,1,1,1
2056,1,1004,73,19,43,1,1,1
2057,1,1004,73,19,43,1,1,1
2058,1,1004,73,19,43,1,1,1
2059,1,1004,73,19,43,1,1,1
2060,1,1004,73,19,43,1,1,1
2061,1,1004,73,19,43,1,1,1
2062,1,1004,73,19,43,1,1,1
2063,1,1004,73,19,43,1,1,1
2064,1,1004,73,19,43,1,1,1
2065,1,1004,73,19,43,1,1,1
2066,1,1004,73,19,43,1,1,1
2067,1,1004,73,19,43,1,1,1
2068,1,1004,73,19,43,1,1,1
2069,1,1004,73,19,43,1,1,1
2070,1,1004,73,19,43,1,1,1
2071,1,1004,73,19,43,1,1,1
2072,1,1005,73,19,43,1,1,1
2073,1,1005,73,19,43,1,1,1
2074,1,1005,73,19,43,1,1,1
2075,1,1005,73,19,43,1,1,1
2076,1,1005,73,19,43,1,1,1
2077,1,1005,73,19,43,1,1,1
2078,1,1005,73,19,43,1,1,1
2079,1,1005,73,19,43,1,1,1
2080,1,1005,73,19,43,1,1,1
2080,3,884,3,21,29,1,1,1
2081,1,1005,73,19,43,1,1,1
2081,3,885,3,21,30,1,1,1
2082,1,1005,73,19,43,1,1,1
2082,3,885,3,22,30,1,1,1
2083,1,1005,73,19,43,1,1,1
2083,3,886,4,22,31,1,1,1
2084,1,1005,73,19,43,1,1,1
2084,3,886,4,22,31,1,1,1
2085,1,1005,73,19,43,1,1,1
2085,3,887,4,23,32,1,1,1
2086,1,1005,73,19,43,1,1,1
2086,3,887,4,23,32,1,1,1
2087,1,1005,73,19,43,1,1,1
2087,3,885,4,23,32,1,1,1
2088,1,1005,73,19,43,1,1,1
2088,3,884,4,23,32,1,1,1
2089,1,1005,73,19,43,1,1,1
2089,3,883,5,24,33,1,1,1
2090,1,1006,73,19,43,1,1,1
2090,3,882,5,24,33,1,1,1
2091,1,1006,73,19,43,1,1,1
2091,3,881,5,24,34,1,1,1
2092,1,1006,73,19,43,1,1,1
2092,3,879,5,24,34,1,1,1
2093,1,1006,73,19,43,1,1,1
2093,3,878,5,25,34,1,1,1
2094,1,1006,73,19,43,1,1,1
2094,3,878,5,25,34,1,1,1
2095,1,1006,73,19,43,1,1,1
2095,3,876,6,25,34,1,1,1
2096,1,1006,73,19,43,1,1,1
2096,3,875,7,26,34,1,1,1
2097,1,1006,73,19,43,1,1,1
2097,3,873,8,26,33,1,1,1
2098,1,1006,73,19,43,1,1,1
2098,3,871,9,27,33,1,1,1
2099,1,1006,73,19,43,1,1,1
2099,3,869,10,27,33,1,1,1
2100,1,1006,73,19,43,1,1,1
2100,3,867,10,28,32,1,1,1
2101,1,1006,73,19,43,1,1,1
2101,3,866,11,28,32,1,1,1
2102,1,1006,73,19,43,1,1,1
2102,3,864,12,29,32,1,1,1
2103,1,1006,73,19,43,1,1,1
2103,2,638,0,25,20,1,1,1
2103,3,862,13,29,31,1,1,1
2104,1,1006,73,19,43,1,1,1
2104,2,639,0,24,20,1,1,1
2104,3,860,14,30,31,1,1,1
2105,1,1006,73,19,43,1,1,1
2105,2,639,0,24,21,1,1,1
2105,3,858,15,30,31,1,1,1
2106,1,1006,73,19,43,1,1,1
2106,2,639,0,24,21,1,1,1
2106,3,857,16,31,30,1,1,1
2107,1,1007,73,19,43,1,1,1
2107,2,639,0,23,22,1,1,1
2107,3,855,16,31,30,1,1,1
2108,1,1007,73,19,43,1,1,1
2108,2,639,0,23,22,1,1,1
2108,3,853,17,32,29,1,1,1
2109,1,1007,73,19,43,1,1,1
2109,2,640,0,23,23,1,1,1
2109,3,853,17,32,29,1,1,1
2110,1,1007,73,19,43,1,1,1
2110,2,640,0,22,23,1,1,1
2110,3,850,19,32,30,1,1,1
2111,1,1007,73,19,43,1,1,1
2111,2,640,0,22,24,1,1,1
2111,3,847,21,33,31,1,1,1
2112,1,1007,73,19,43,1,1,1
2112,2,640,0,22,24,1,1,1
2112,3,844,23,33,31,1,1,1
2113,1,1007,73,19,43,1,1,1
2113,2,640,0,22,24,1,1,1
2113,3,841,25,34,32,1,1,1
2114,1,1007,73,19,43,1,1,1
2114,2,640,0,21,24,1,1,1
2114,3,838,27,34,32,1,1,1
2115,1,1007,73,18,43,1,1,1
2115,2,641,0,21,24,1,1,1
2115,3,835,28,35,33,1,1,1
2116,1,1007,73,18,43,1,1,1
2116,2,641,0,20,23,1,1,1
2116,3,835,28,35,33,1,1,1
2117,1,1007,72,18,43,1,1,1
2117,2,641,0,20,23,1,1,1
2117,3,829,31,35,33,1,1,1
2118,1,1007,72,18,43,1,1,1
2118,2,641,0,20,23,1,1,1
2118,3,824,33,36,34,1,1,1
2119,1,1007,72,18,43,1,1,1
2119,2,641,0,19,22,1,1,1
2119,3,819,35,36,35,1,1,1
2120,1,1007,72,18,43,1,1,1
2120,2,642,0,19,22,1,1,1
2120,3,819,35,36,35,1,1,1
2121,1,1007,72,18,43,1,1,1
2121,2,642,0,19,22,1,1,1
2121,3,818,34,37,35,1,1,1
2122,1,1007,72,18,43,1,1,1
2122,2,642,0,19,22,1,1,1
2122,3,817,33,37,36,1,1,1
2123,1,1007,72,18,43,1,1,1
2123,2,641,0,19,22,1,1,1
2123,3,816,32,38,36,1,1,1
2124,1,1007,72,18,43,1,1,1
2124,2,641,0,19,21,1,1,1
2124,3,815,31,38,37,1,1,1
2125,1,1007,72,18,43,1,1,1
2125,2,640,0,20,21,1,1,1
2125,3,814,30,39,37,1,1,1
2126,1,1007,72,18,43,1,1,1
2126,2,640,0,20,21,1,1,1
2126,3,814,30,39,37,1,1,1
2127,1,1007,72,18,43,1,1,1
2127,2,640,0,20,21,1,1,1
2127,3,814,36,39,38,1,1,1
2128,1,1007,72,18,43,1,1,1
2128,2,639,0,21,21,1,1,1
2128,3,814,42,40,38,1,1,1
2129,1,1007,72,18,43,1,1,1
2129,2,639,0,21,21,1,1,1
2129,3,815,48,40,39,1,1,1
2130,1,1007,72,18,43,1,1,1
2130,2,638,0,21,20,1,1,1
2130,3,815,48,40,39,1,1,1
2131,1,1007,72,18,43,1,1,1
2131,2,638,0,22,20,1,1,1
2131,3,813,51,40,39,1,1,1
2132,1,1007,72,18,43,1,1,1
2132,2,637,0,22,20,1,1,1
2132,3,812,53,40,39,1,1,1
2133,1,1007,72,18,43,1,1,1
2133,2,637,0,22,20,1,1,1
2133,3,810,55,40,39,1,1,1
2134,1,1007,72,18,43,1,1,1
2134,2,636,0,23,20,1,1,1
2134,3,808,57,40,39,1,1,1
2135,1,1007,72,18,43,1,1,1
2135,2,636,0,23,20,1,1,1
2135,3,808,57,40,39,1,1,1
2136,1,1007,72,18,43,1,1,1
2136,2,635,0,23,19,1,1,1
2136,3,808,57,40,39,1,1,1
2137,1,1007,72,18,43,1,1,1
2137,2,635,0,24,19,1,1,1
2137,3,808,57,40,39,1,1,1
2138,1,1007,72,18,43,1,1,1
2138,2,634,0,24,19,1,1,1
2138,3,808,57,40,39,1,1,1
2139,1,1007,72,19,43,1,1,1
2139,2,634,0,24,19,1,1,1
2139,3,808,57,40,39,1,1,1
2140,1,1006,72,19,43,1,1,1
2140,2,633,0,25,19,1,1,1
2140,3,808,57,40,39,1,1,1
2141,1,1006,72,20,43,1,1,1
2141,2,633,0,25,19,1,1,1
2141,3,795,38,32,45,1,1,1
2142,1,1006,72,20,43,1,1,1
2142,2,633,0,25,19,1,1,1
2143,1,1005,72,20,43,1,1,1
2143,2,633,0,25,19,1,1,1
2144,1,1005,72,21,43,1,1,1
2144,2,633,0,25,19,1,1,1
2145,1,1005,72,21,43,1,1,1
2145,2,633,0,25,19,1,1,1
2146,1,1005,72,22,43,1,1,1
2146,2,633,0,25,19,1,1,1
2147,1,1004,72,22,43,1,1,1
2147,2,633,0,25,19,1,1,1
2148,1,1004,72,23,43,1,1,1
2148,2,633,0,25,19,1,1,1
2149,1,1004,72,23,43,1,1,1
2149,2,633,0,25,19,1,1,1
2150,1,1003,72,24,43,1,1,1
2150,2,633,0,25,19,1,1,1
2151,1,1003,72,24,43,1,1,1
2151,2,638,0,20,19,1,1,1
2152,1,1003,72,25,43,1,1,1
2153,1,1003,72,25,43,1,1,1
2154,1,1002,72,26,43,1,1,1
2155,1,1002,72,26,43,1,1,1
2156,1,1002,72,27,43,1,1,1
2157,1,1001,72,27,43,1,1,1
2158,1,1001,72,28,43,1,1,1
2159,1,1001,72,28,43,1,1,1
2160,1,1000,71,27,43,1,1,1
2161,1,1000,70,27,43,1,1,1
2162,1,999,68,26,43,1,1,1
2163,1,998,67,26,43,1,1,1
2164,1,997,66,25,43,1,1,1
2165,1,996,65,25,43,1,1,1
2166,1,995,64,24,43,1,1,1
2167,1,995,63,24,43,1,1,1
2168,1,995,63,24,43,1,1,1
2169,1,994,62,24,43,1,1,1
2170,1,993,61,24,43,1,1,1
2171,1,992,60,24,43,1,1,1
2172,1,991,59,24,43,1,1,1
2173,1,990,58,24,43,1,1,1
2174,1,989,57,24,43,1,1,1
2175,1,989,57,24,43,1,1,1
2176,1,990,57,24,43,1,1,1
2177,1,990,57,24,43,1,1,1
2178,1,990,57,24,43,1,1,1
2179,1,990,56,24,43,1,1,1
2180,1,990,56,24,43,1,1,1
2181,1,991,56,24,43,1,1,1
2182,1,991,56,24,43,1,1,1
2183,1,991,56,24,43,1,1,1
2184,1,990,56,24,42,1,1,1
2185,1,989,55,24,42,1,1,1
2186,1,989,55,24,42,1,1,1
2187,1,988,55,24,42,1,1,1
2188,1,987,55,24,41,1,1,1
2189,1,986,54,24,41,1,1,1
2190,1,985,54,24,41,1,1,1
2191,1,985,54,24,41,1,1,1
2192,1,984,53,24,40,1,1,1
2193,1,984,53,24,40,1,1,1
2194,1,983,52,22,40,1,1,1
2195,1,982,51,21,40,1,1,1
2196,1,981,50,19,40,1,1,1
2197,1,981,49,18,40,1,1,1
2198,1,980,48,17,40,1,1,1
2199,1,979,47,15,40,1,1,1
2200,1,979,47,15,40,1,1,1
2201,1,979,47,15,40,1,1,1
2202,1,979,47,15,40,1,1,1
2203,1,979,47,15,40,1,1,1
2204,1,979,47,15,40,1,1,1
2205,1,979,47,15,40,1,1,1
2206,1,979,47,15,40,1,1,1
2207,1,973,43,15,40,1,1,1
2253,7,755,0,16,11,1,1,1
2254,7,757,0,17,12,1,1,1
2255,7,758,0,18,13,1,1,1
2256,7,760,0,18,13,1,1,1
2257,7,761,0,19,14,1,1,1
2258,7,763,0,20,14,1,1,1
2259,7,764,0,21,15,1,1,1
2260,7,766,0,21,15,1,1,1
2261,7,767,0,22,16,1,1,1
2262,7,769,0,23,16,1,1,1
2263,7,769,0,23,16,1,1,1
2264,7,777,0,24,21,1,1,1
2265,7,777,0,24,21,1,1,1
2266,7,780,0,25,23,1,1,1
2267,7,783,0,26,25,1,1,1
2268,7,783,0,26,25,1,1,1
2269,7,784,0,27,25,1,1,1
2270,7,784,0,27,26,1,1,1
2271,7,785,0,28,27,1,1,1
2272,7,785,0,28,27,1,1,1
2273,7,784,3,29,28,1,1,1
2274,7,784,6,29,29,1,1,1
2275,7,783,8,30,29,1,1,1
2276,7,783,8,30,29,1,1,1
2277,7,780,13,30,30,1,1,1
2278,7,776,18,31,31,1,1,1
2279,7,776,18,31,31,1,1,1
2280,7,776,18,31,32,1,1,1
2281,7,777,17,31,33,1,1,1
2282,1,923,28,15,40,1,1,1
2282,7,777,17,31,33,1,1,1
2283,1,925,28,16,40,1,1,1
2283,7,777,17,31,33,1,1,1
2284,1,927,28,16,39,1,1,1
2284,7,778,19,31,34,1,1,1
2285,1,929,28,16,39,1,1,1
2285,7,779,21,31,35,1,1,1
2286,1,932,29,17,38,1,1,1
2286,7,779,21,31,35,1,1,1
2287,1,934,29,17,38,1,1,1
2287,7,782,28,31,35,1,1,1
2288,1,936,29,18,37,1,1,1
2288,7,782,32,32,36,1,1,1
2289,1,938,29,18,37,1,1,1
2289,7,786,39,32,37,1,1,1
2290,1,940,29,19,36,1,1,1
2290,7,786,42,34,38,1,1,1
2291,1,940,29,19,36,1,1,1
2291,7,786,42,34,38,1,1,1
2292,1,942,29,20,36,1,1,1
2292,7,790,44,35,39,1,1,1
2293,1,944,29,21,35,1,1,1
2293,7,794,45,37,40,1,1,1
2294,1,945,29,22,35,1,1,1
2294,7,794,45,37,40,1,1,1
2295,1,947,29,24,34,1,1,1
2295,7,793,47,36,37,1,1,1
2296,1,949,29,25,34,1,1,1
2296,7,793,47,36,37,1,1,1
2297,1,950,29,26,33,1,1,1
2297,7,792,48,39,41,1,1,1
2298,1,950,29,26,33,1,1,1
2298,7,790,56,40,42,1,1,1
2299,1,950,30,26,33,1,1,1
2299,7,788,64,42,42,1,1,1
2300,1,951,30,25,33,1,1,1
2300,7,786,72,43,43,1,1,1
2301,1,951,30,25,33,1,1,1
2301,7,786,72,43,43,1,1,1
2302,1,951,30,25,32,1,1,1
2302,7,784,78,44,45,1,1,1
2303,1,952,30,24,32,1,1,1
2303,7,775,90,51,47,1,1,1
2304,1,952,30,24,32,1,1,1
2304,7,775,90,51,47,1,1,1
2305,1,952,31,24,32,1,1,1
2305,7,778,96,47,46,1,1,1
2306,1,953,31,23,32,1,1,1
2306,7,776,100,49,48,1,1,1
2307,1,953,31,23,32,1,1,1
2307,7,776,100,49,48,1,1,1
2308,1,953,31,23,31,1,1,1
2308,7,774,108,48,49,1,1,1
2309,1,954,31,22,31,1,1,1
2309,7,774,108,48,49,1,1,1
2310,1,954,31,22,31,1,1,1
2310,7,775,115,48,50,1,1,1
2311,1,954,32,22,31,1,1,1
2311,7,775,115,48,50,1,1,1
2312,1,955,32,21,31,1,1,1
2312,7,770,134,47,51,1,1,1
2313,1,955,32,21,31,1,1,1
2313,7,770,134,47,51,1,1,1
2314,1,955,32,21,31,1,1,1
2314,7,771,150,47,52,1,1,1
2315,1,955,32,21,31,1,1,1
2315,7,770,162,44,50,1,1,1
2316,1,956,32,21,31,1,1,1
2316,7,768,173,42,49,1,1,1
2317,1,956,32,21,31,1,1,1
2317,7,768,173,42,49,1,1,1
2318,1,956,32,21,31,1,1,1
2318,7,762,180,45,47,1,1,1
2319,1,956,32,21,31,1,1,1
2319,7,757,186,48,45,1,1,1
2320,1,957,32,21,31,1,1,1
2320,7,757,186,48,45,1,1,1
2321,1,957,32,21,31,1,1,1
2321,7,759,190,45,44,1,1,1
2322,1,957,33,21,31,1,1,1
2323,1,957,33,21,31,1,1,1
2324,1,958,33,21,31,1,1,1
2325,1,958,33,21,31,1,1,1
2326,1,958,33,21,31,1,1,1
2327,1,959,33,21,31,1,1,1
2328,1,959,33,21,31,1,1,1
2329,1,958,33,21,31,1,1,1
2330,1,958,33,21,32,1,1,1
2331,1,958,33,22,32,1,1,1
2332,1,958,33,22,33,1,1,1
2333,1,958,34,22,33,1,1,1
2334,1,958,34,22,33,1,1,1
2335,1,958,34,22,34,1,1,1
2336,1,958,34,23,34,1,1,1
2337,1,958,34,23,35,1,1,1
2338,1,958,34,23,35,1,1,1
2339,1,958,34,23,36,1,1,1
2340,1,957,34,23,36,1,1,1
2341,1,957,34,24,37,1,1,1
2342,1,957,34,24,37,1,1,1
2343,1,957,35,24,37,1,1,1
2344,1,957,35,24,37,1,1,1
2345,1,956,36,24,37,1,1,1
2346,1,956,36,24,37,1,1,1
2347,1,956,37,24,37,1,1,1
2348,1,956,37,24,37,1,1,1
2349,1,955,38,24,37,1,1,1
2350,1,955,38,24,37,1,1,1
2351,1,955,39,24,37,1,1,1
2352,1,954,39,24,37,1,1,1
2353,1,954,40,24,37,1,1,1
2354,1,954,41,24,37,1,1,1
2355,1,953,41,24,37,1,1,1
2356,1,953,42,24,37,1,1,1
2357,1,953,42,24,37,1,1,1
2358,1,953,43,24,37,1,1,1
2359,1,953,43,24,37,1,1,1
2360,1,952,42,24,37,1,1,1
2361,1,952,42,24,37,1,1,1
2362,1,952,42,24,37,1,1,1
2363,1,952,42,24,37,1,1,1
2364,1,952,41,24,37,1,1,1
2365,1,952,41,24,37,1,1,1
2366,1,952,41,24,37,1,1,1
2367,1,952,41,24,37,1,1,1
2368,1,951,40,24,37,1,1,1
2369,1,951,40,24,37,1,1,1
2370,1,951,40,24,37,1,1,1
2371,1,951,40,24,37,1,1,1
2372,1,951,40,24,37,1,1,1
2373,1,951,39,24,37,1,1,1
2374,1,951,39,24,37,1,1,1
2375,1,951,39,24,37,1,1,1
2376,1,951,39,24,37,1,1,1
2377,1,950,38,24,37,1,1,1
2378,1,950,38,24,37,1,1,1
2379,1,950,38,24,37,1,1,1
2380,1,950,38,24,37,1,1,1
2381,1,950,38,24,37,1,1,1
2382,1,950,38,24,36,1,1,1
2383,1,950,38,24,36,1,1,1
2384,1,950,38,24,36,1,1,1
2385,1,950,38,24,36,1,1,1
2386,1,950,37,24,36,1,1,1
2387,1,950,37,24,36,1,1,1
2388,1,950,37,24,36,1,1,1
2389,1,950,37,24,36,1,1,1
2390,1,950,37,24,36,1,1,1
2391,1,950,37,24,36,1,1,1
2392,1,950,37,24,35,1,1,1
2392,7,512,299,45,36,1,1,1
2393,1,950,37,24,35,1,1,1
2393,7,513,297,46,34,1,1,1
2394,1,950,37,24,35,1,1,1
2394,7,525,294,47,33,1,1,1
2395,1,950,37,24,35,1,1,1
2395,7,528,298,49,28,1,1,1
2396,1,950,37,24,35,1,1,1
2396,7,528,298,49,28,1,1,1
2397,1,950,37,24,35,1,1,1
2397,7,536,299,51,30,1,1,1
2398,1,950,37,24,35,1,1,1
2398,7,539,303,52,31,1,1,1
2399,1,950,37,24,35,1,1,1
2399,2,647,0,20,16,1,1,1
2399,7,545,314,53,32,1,1,1
2400,1,950,37,24,35,1,1,1
2400,2,650,0,20,17,1,1,1
2400,7,544,319,54,33,1,1,1
2401,1,950,36,24,35,1,1,1
2401,2,652,0,19,18,1,1,1
2401,7,548,320,55,33,1,1,1
2402,1,950,36,24,34,1,1,1
2402,2,654,0,19,19,1,1,1
2402,4,717,0,29,26,1,1,1
2402,7,550,340,56,34,1,1,1
2403,1,950,36,24,34,1,1,1
2403,2,654,0,19,19,1,1,1
2403,4,716,0,30,28,1,1,1
2404,1,950,36,24,34,1,1,1
2404,2,661,0,21,21,1,1,1
2404,4,715,0,31,30,1,1,1
2405,1,951,36,24,34,1,1,1
2405,2,661,0,21,21,1,1,1
2405,4,715,0,31,30,1,1,1
2406,1,951,36,24,34,1,1,1
2406,2,662,0,22,22,1,1,1
2406,4,715,0,31,31,1,1,1
2407,1,951,36,24,34,1,1,1
2407,2,663,0,24,23,1,1,1
2407,4,716,0,31,31,1,1,1
2408,1,951,36,24,34,1,1,1
2408,2,663,0,24,23,1,1,1
2408,4,716,0,31,32,1,1,1
2409,1,951,36,24,34,1,1,1
2409,2,664,0,23,23,1,1,1
2409,4,716,0,31,32,1,1,1
2410,1,951,36,24,34,1,1,1
2410,2,664,0,23,22,1,1,1
2410,4,717,0,31,33,1,1,1
2411,1,951,36,24,34,1,1,1
2411,2,665,0,22,22,1,1,1
2411,4,717,0,31,33,1,1,1
2412,1,951,36,24,34,1,1,1
2412,2,665,0,22,21,1,1,1
2412,4,721,1,32,38,1,1,1
2413,1,952,36,24,33,1,1,1
2413,2,666,0,21,20,1,1,1
2413,4,725,1,33,42,1,1,1
2414,1,953,36,24,33,1,1,1
2414,2,666,0,21,20,1,1,1
2414,4,725,1,33,42,1,1,1
2415,1,954,36,24,33,1,1,1
2415,2,667,0,20,19,1,1,1
2415,4,727,6,35,39,1,1,1
2416,1,955,35,24,33,1,1,1
2416,2,667,0,20,19,1,1,1
2416,4,727,6,35,39,1,1,1
2417,1,955,35,24,33,1,1,1
2417,2,667,0,20,19,1,1,1
2417,4,732,10,38,43,1,1,1
2418,1,955,35,24,34,1,1,1
2418,2,668,0,20,18,1,1,1
2418,4,740,14,38,43,1,1,1
2419,1,956,35,24,35,1,1,1
2419,2,668,0,20,18,1,1,1
2419,4,748,18,38,44,1,1,1
2420,1,956,35,24,36,1,1,1
2420,2,668,0,21,17,1,1,1
2420,4,748,18,38,44,1,1,1
2421,1,957,35,24,36,1,1,1
2421,2,669,0,21,17,1,1,1
2421,4,755,18,38,44,1,1,1
2422,1,957,35,25,37,1,1,1
2422,2,669,0,21,16,1,1,1
2422,4,762,19,38,45,1,1,1
2423,1,957,35,25,37,1,1,1
2423,2,669,0,21,16,1,1,1
2423,4,762,19,38,45,1,1,1
2424,1,958,35,25,37,1,1,1
2424,2,671,0,22,16,1,1,1
2424,4,773,22,40,46,1,1,1
2425,1,958,35,25,37,1,1,1
2425,2,672,0,22,17,1,1,1
2425,4,773,22,40,46,1,1,1
2426,1,958,35,25,37,1,1,1
2426,2,673,0,22,17,1,1,1
2426,4,775,25,41,48,1,1,1
2427,1,959,34,25,37,1,1,1
2427,2,675,0,22,17,1,1,1
2427,4,775,25,41,48,1,1,1
2428,1,959,34,26,37,1,1,1
2428,2,676,0,23,17,1,1,1
2428,4,776,30,42,49,1,1,1
2429,1,960,34,26,37,1,1,1
2429,2,677,0,23,17,1,1,1
2429,4,778,34,43,50,1,1,1
2430,1,960,34,26,37,1,1,1
2430,2,679,0,23,18,1,1,1
2430,4,778,34,43,50,1,1,1
2431,1,960,34,26,37,1,1,1
2431,2,679,0,23,18,1,1,1
2431,4,777,39,45,51,1,1,1
2432,1,959,34,26,37,1,1,1
2432,2,684,0,23,18,1,1,1
2432,4,776,45,46,52,1,1,1
2433,1,959,34,26,37,1,1,1
2433,2,688,0,24,18,1,1,1
2433,4,775,50,47,53,1,1,1
2434,1,959,34,26,37,1,1,1
2434,2,693,1,24,18,1,1,1
2434,4,775,55,48,54,1,1,1
2435,1,959,34,26,37,1,1,1
2435,2,693,1,24,18,1,1,1
2435,4,775,55,48,54,1,1,1
2436,1,958,34,26,37,1,1,1
2436,2,695,0,24,18,1,1,1
2436,4,775,57,50,56,1,1,1
2437,1,958,34,26,37,1,1,1
2437,2,696,0,25,19,1,1,1
2437,4,774,58,52,57,1,1,1
2438,1,958,34,26,37,1,1,1
2438,2,696,0,25,19,1,1,1
2438,4,774,58,52,57,1,1,1
2439,1,958,34,26,37,1,1,1
2439,2,698,0,25,19,1,1,1
2439,4,777,61,51,58,1,1,1
2440,1,957,34,26,37,1,1,1
2440,2,699,0,25,20,1,1,1
2440,4,780,64,51,60,1,1,1
2441,1,957,34,27,37,1,1,1
2441,2,701,0,25,20,1,1,1
2441,4,780,64,51,60,1,1,1
2442,1,957,34,27,37,1,1,1
2442,2,702,0,25,21,1,1,1
2442,4,786,75,55,63,1,1,1
2443,1,957,34,27,37,1,1,1
2443,2,704,0,25,21,1,1,1
2443,4,786,75,55,63,1,1,1
2444,1,957,34,27,37,1,1,1
2444,2,706,0,25,22,1,1,1
2444,4,799,92,59,66,1,1,1
2445,1,956,34,27,37,1,1,1
2445,2,707,0,25,22,1,1,1
2445,4,799,92,59,66,1,1,1
2446,1,956,34,27,37,1,1,1
2446,2,709,0,25,22,1,1,1
2446,4,801,100,61,69,1,1,1
2447,1,956,34,27,37,1,1,1
2447,2,711,0,26,23,1,1,1
2447,4,801,100,61,69,1,1,1
2448,1,956,34,27,37,1,1,1
2448,2,712,0,26,23,1,1,1
2448,4,818,117,63,71,1,1,1
2449,1,955,34,27,37,1,1,1
2449,2,712,0,26,23,1,1,1
2449,4,818,117,63,71,1,1,1
2450,1,955,34,27,37,1,1,1
2450,2,716,1,26,24,1,1,1
2450,4,829,125,65,75,1,1,1
2451,1,955,34,27,37,1,1,1
2451,2,720,0,26,25,1,1,1
2451,4,831,127,66,75,1,1,1
2452,1,955,34,27,37,1,1,1
2452,2,720,0,26,25,1,1,1
2452,4,838,128,66,75,1,1,1
2453,1,955,34,27,37,1,1,1
2453,2,728,0,25,26,1,1,1
2453,4,851,143,68,77,1,1,1
2454,1,955,34,27,37,1,1,1
2454,2,735,0,24,26,1,1,1
2454,4,864,158,69,80,1,1,1
2455,1,956,35,27,37,1,1,1
2455,2,735,0,24,26,1,1,1
2455,4,864,158,69,80,1,1,1
2456,1,956,35,27,37,1,1,1
2456,2,734,0,26,27,1,1,1
2456,4,862,156,71,81,1,1,1
2457,1,956,35,27,37,1,1,1
2457,2,743,0,27,28,1,1,1
2457,4,863,161,73,83,1,1,1
2458,1,956,35,27,37,1,1,1
2458,2,743,0,27,28,1,1,1
2458,4,872,176,75,85,1,1,1
2459,1,956,35,27,37,1,1,1
2459,2,752,0,28,29,1,1,1
2459,4,876,184,76,85,1,1,1
2460,1,957,35,27,37,1,1,1
2460,2,752,0,28,29,1,1,1
2460,4,884,204,78,86,1,1,1
2461,1,957,35,27,37,1,1,1
2461,2,750,0,28,30,1,1,1
2461,4,882,202,79,87,1,1,1
2462,1,957,35,27,37,1,1,1
2462,2,755,0,28,31,1,1,1
2462,4,884,212,81,88,1,1,1
2463,1,957,35,27,37,1,1,1
2463,2,759,0,28,32,1,1,1
2463,4,894,243,84,89,1,1,1
2464,1,957,35,27,37,1,1,1
2464,2,759,0,28,32,1,1,1
2464,4,894,243,84,89,1,1,1
2465,1,958,36,27,37,1,1,1
2465,2,760,1,28,32,1,1,1
2465,4,905,262,84,89,1,1,1
2466,1,958,36,27,37,1,1,1
2466,2,761,2,29,33,1,1,1
2466,4,915,280,84,89,1,1,1
2467,1,958,36,27,37,1,1,1
2467,2,761,3,29,33,1,1,1
2467,4,926,299,84,89,1,1,1
2468,1,958,36,27,37,1,1,1
2468,2,762,3,29,33,1,1,1
2468,4,936,318,84,89,1,1,1
2469,1,959,36,27,37,1,1,1
2469,2,763,4,29,34,1,1,1
2469,4,947,336,83,89,1,1,1
2470,1,959,36,27,37,1,1,1
2470,2,763,5,29,34,1,1,1
2470,4,957,355,83,89,1,1,1
2471,1,959,36,27,37,1,1,1
2471,2,764,6,30,34,1,1,1
2471,4,968,374,83,89,1,1,1
2472,1,960,36,27,37,1,1,1
2472,2,765,6,30,35,1,1,1
2472,4,978,392,83,89,1,1,1
2473,1,960,36,27,37,1,1,1
2473,2,765,7,30,35,1,1,1
2473,4,989,411,83,89,1,1,1
2474,1,960,36,27,37,1,1,1
2474,2,766,8,30,36,1,1,1
2474,4,999,430,83,89,1,1,1
2475,1,960,36,27,37,1,1,1
2475,2,767,9,30,36,1,1,1
2475,4,1010,449,83,89,1,1,1
2476,1,961,37,27,37,1,1,1
2476,2,767,9,31,36,1,1,1
2476,4,1020,467,83,89,1,1,1
2477,1,961,37,27,37,1,1,1
2477,2,768,10,31,37,1,1,1
2477,4,1020,467,83,89,1,1,1
2478,1,961,37,27,37,1,1,1
2478,2,768,10,31,37,1,1,1
2478,4,1045,514,84,83,1,1,1
2479,1,961,37,27,37,1,1,1
2479,2,769,10,31,37,1,1,1
2479,4,1058,537,85,76,1,1,1
2480,1,962,37,27,37,1,1,1
2480,2,770,11,31,37,1,1,1
2480,4,1091,579,85,76,1,1,1
2481,1,962,37,27,37,1,1,1
2481,2,770,11,31,38,1,1,1
2481,4,1092,579,86,75,1,1,1
2482,1,962,37,27,37,1,1,1
2482,2,771,12,31,38,1,1,1
2482,4,1092,579,86,75,1,1,1
2482,7,627,581,106,100,1,1,1
2483,1,962,37,27,37,1,1,1
2483,2,771,12,31,38,1,1,1
2483,4,1127,643,86,75,1,1,1
2483,7,645,570,107,121,1,1,1
2483,8,666,0,26,17,1,1,1
2484,1,963,37,27,37,1,1,1
2484,2,772,13,31,38,1,1,1
2484,7,654,569,108,125,1,1,1
2484,8,666,0,27,18,1,1,1
2485,1,963,37,27,37,1,1,1
2485,2,773,14,31,39,1,1,1
2485,7,672,576,109,128,1,1,1
2485,8,665,0,27,19,1,1,1
2486,1,963,37,27,37,1,1,1
2486,2,774,15,31,39,1,1,1
2486,7,672,575,110,130,1,1,1
2486,8,665,0,28,20,1,1,1
2487,1,963,37,27,37,1,1,1
2487,2,774,16,31,39,1,1,1
2487,7,678,576,111,140,1,1,1
2487,8,664,0,29,21,1,1,1
2488,1,964,37,27,37,1,1,1
2488,2,775,17,31,39,1,1,1
2488,7,695,590,112,127,1,1,1
2488,8,664,0,29,21,1,1,1
2489,1,964,37,27,37,1,1,1
2489,2,776,19,31,40,1,1,1
2489,7,704,601,111,116,1,1,1
2489,8,666,0,29,23,1,1,1
2490,1,964,37,27,37,1,1,1
2490,2,777,20,31,40,1,1,1
2490,7,723,612,109,105,1,1,1
2490,8,667,0,30,24,1,1,1
2491,1,965,37,27,37,1,1,1
2491,2,777,21,31,40,1,1,1
2491,7,722,623,108,94,1,1,1
2491,8,669,0,31,26,1,1,1
2492,1,965,37,27,37,1,1,1
2492,2,777,21,31,40,1,1,1
2492,7,728,634,106,83,1,1,1
2492,8,669,0,31,26,1,1,1
2493,1,964,37,27,37,1,1,1
2493,2,780,22,31,41,1,1,1
2493,8,672,2,31,27,1,1,1
2494,1,964,37,27,37,1,1,1
2494,2,783,23,31,42,1,1,1
2494,8,676,3,32,27,1,1,1
2495,1,964,37,27,37,1,1,1
2495,2,785,25,32,42,1,1,1
2495,8,676,3,32,27,1,1,1
2496,1,964,37,27,37,1,1,1
2496,2,788,26,32,43,1,1,1
2496,8,677,4,32,28,1,1,1
2497,1,963,37,27,37,1,1,1
2497,2,788,26,32,43,1,1,1
2497,8,678,4,32,29,1,1,1
2498,1,963,37,27,37,1,1,1
2498,2,795,26,33,44,1,1,1
2498,8,680,5,33,29,1,1,1
2499,1,963,37,27,37,1,1,1
2499,2,801,27,33,44,1,1,1
2499,8,681,5,33,30,1,1,1
2500,1,963,37,27,37,1,1,1
2500,2,801,27,33,44,1,1,1
2500,8,681,5,33,30,1,1,1
2501,1,962,37,27,37,1,1,1
2501,2,804,28,33,45,1,1,1
2501,8,680,5,33,31,1,1,1
2502,1,962,37,27,37,1,1,1
2502,2,806,29,34,45,1,1,1
2502,8,680,5,34,31,1,1,1
2503,1,962,37,27,37,1,1,1
2503,2,808,30,34,45,1,1,1
2503,8,680,5,34,32,1,1,1
2504,1,962,37,27,37,1,1,1
2504,2,810,32,34,46,1,1,1
2504,8,680,5,34,32,1,1,1
2505,1,961,37,27,37,1,1,1
2505,2,812,33,35,46,1,1,1
2505,8,678,7,35,33,1,1,1
2506,1,961,37,27,37,1,1,1
2506,2,814,34,35,46,1,1,1
2506,8,677,8,35,34,1,1,1
2507,1,961,37,27,37,1,1,1
2507,2,816,35,36,46,1,1,1
2507,8,676,10,35,34,1,1,1
2508,1,961,37,27,37,1,1,1
2508,2,816,35,36,46,1,1,1
2508,8,676,10,35,34,1,1,1
2509,1,960,37,27,37,1,1,1
2509,2,814,37,36,47,1,1,1
2509,8,676,12,35,35,1,1,1
2510,1,959,38,27,37,1,1,1
2510,2,812,38,37,47,1,1,1
2510,8,676,14,34,35,1,1,1
2511,1,958,38,27,37,1,1,1
2511,2,812,38,37,47,1,1,1
2511,8,676,15,33,36,1,1,1
2512,1,957,39,27,37,1,1,1
2512,2,809,40,38,48,1,1,1
2512,8,675,17,32,37,1,1,1
2513,1,956,39,27,37,1,1,1
2513,2,806,42,38,49,1,1,1
2513,8,675,19,32,37,1,1,1
2514,1,956,39,27,37,1,1,1
2514,2,806,42,38,49,1,1,1
2514,8,675,19,32,37,1,1,1
2515,1,954,39,27,37,1,1,1
2515,2,797,46,39,49,1,1,1
2515,8,677,20,33,38,1,1,1
2516,1,952,38,27,37,1,1,1
2516,2,794,46,40,50,1,1,1
2516,8,678,21,33,38,1,1,1
2517,1,950,38,27,37,1,1,1
2517,2,794,46,40,50,1,1,1
2517,8,679,21,34,39,1,1,1
2518,1,948,37,27,37,1,1,1
2518,2,784,49,40,50,1,1,1
2518,8,681,22,35,40,1,1,1
2519,1,948,37,27,37,1,1,1
2519,2,781,50,41,51,1,1,1
2519,8,681,22,35,40,1,1,1
2520,1,945,39,27,37,1,1,1
2520,2,770,50,41,51,1,1,1
2520,8,686,25,36,40,1,1,1
2521,1,941,41,27,37,1,1,1
2521,2,765,51,42,52,1,1,1
2521,8,684,26,37,41,1,1,1
2522,1,941,41,27,37,1,1,1
2522,2,765,51,42,52,1,1,1
2522,8,689,28,37,41,1,1,1
2523,1,935,43,27,37,1,1,1
2523,2,758,51,43,52,1,1,1
2523,8,692,32,38,41,1,1,1
2524,1,933,42,25,37,1,1,1
2524,2,757,52,43,53,1,1,1
2524,8,695,33,38,42,1,1,1
2525,1,931,42,23,37,1,1,1
2525,2,755,54,43,53,1,1,1
2525,8,699,35,38,42,1,1,1
2526,1,929,41,21,37,1,1,1
2526,2,753,55,43,54,1,1,1
2526,8,702,37,38,43,1,1,1
2527,1,929,41,21,37,1,1,1
2527,2,753,55,43,54,1,1,1
2527,8,702,37,38,43,1,1,1
2528,1,924,41,19,37,1,1,1
2528,2,752,59,43,57,1,1,1
2528,8,704,35,38,43,1,1,1
2529,1,920,40,16,37,1,1,1
2529,2,751,63,43,59,1,1,1
2529,8,706,34,38,44,1,1,1
2530,1,920,40,16,37,1,1,1
2530,2,751,63,43,59,1,1,1
2530,8,706,34,38,44,1,1,1
2531,1,918,40,16,37,1,1,1
2531,2,752,65,44,60,1,1,1
2531,8,706,36,38,44,1,1,1
2532,1,917,40,16,37,1,1,1
2532,2,753,68,45,61,1,1,1
2532,8,706,37,39,45,1,1,1
2533,1,917,40,16,37,1,1,1
2533,2,753,70,45,62,1,1,1
2533,8,706,39,39,45,1,1,1
2534,1,917,40,16,37,1,1,1
2534,2,754,73,46,63,1,1,1
2534,8,706,40,40,46,1,1,1
2535,1,917,40,16,37,1,1,1
2535,2,755,75,47,64,1,1,1
2535,8,706,42,40,46,1,1,1
2536,1,913,38,16,37,1,1,1
2536,2,755,78,48,65,1,1,1
2536,8,707,43,41,46,1,1,1
2537,2,756,80,49,65,1,1,1
2537,8,707,45,41,47,1,1,1
2538,2,757,83,50,66,1,1,1
2538,8,707,46,42,47,1,1,1
2539,2,757,83,50,66,1,1,1
2539,8,707,46,42,47,1,1,1
2540,2,755,86,51,67,1,1,1
2540,8,704,49,42,48,1,1,1
2541,2,753,89,52,68,1,1,1
2541,8,701,52,43,48,1,1,1
2542,2,751,92,53,69,1,1,1
2542,8,699,54,43,49,1,1,1
2543,2,749,95,54,70,1,1,1
2543,8,696,57,44,49,1,1,1
2544,2,749,95,54,70,1,1,1
2544,8,693,60,44,49,1,1,1
2545,2,746,100,55,71,1,1,1
2545,8,690,62,45,50,1,1,1
2546,2,743,105,56,72,1,1,1
2546,8,688,65,45,50,1,1,1
2547,2,741,110,57,73,1,1,1
2547,8,685,67,46,51,1,1,1
2548,2,738,114,58,74,1,1,1
2548,8,682,70,46,51,1,1,1
2549,2,738,114,58,74,1,1,1
2549,8,682,70,46,51,1,1,1
2550,2,735,121,60,77,1,1,1
2550,8,681,69,47,52,1,1,1
2551,2,732,128,63,80,1,1,1
2551,8,679,69,47,52,1,1,1
2552,2,732,128,63,80,1,1,1
2552,8,678,68,48,53,1,1,1
2553,2,728,146,65,84,1,1,1
2553,8,677,68,48,54,1,1,1
2554,2,728,146,65,84,1,1,1
2554,8,677,68,48,54,1,1,1
2555,2,727,151,66,87,1,1,1
2555,8,675,66,48,55,1,1,1
2556,2,726,156,66,90,1,1,1
2556,8,674,65,49,55,1,1,1
2557,2,726,156,66,90,1,1,1
2557,8,674,65,49,55,1,1,1
2558,2,728,166,70,93,1,1,1
2558,8,676,68,49,56,1,1,1
2559,2,729,177,74,96,1,1,1
2559,8,678,70,50,57,1,1,1
2560,2,729,177,74,96,1,1,1
2560,8,678,70,50,57,1,1,1
2561,2,730,182,77,101,1,1,1
2561,8,682,71,51,58,1,1,1
2562,2,730,182,77,101,1,1,1
2562,8,686,72,52,60,1,1,1
2563,2,738,204,80,107,1,1,1
2563,8,690,73,53,61,1,1,1
2564,2,738,204,80,107,1,1,1
2564,8,690,73,53,61,1,1,1
2565,2,742,224,81,110,1,1,1
2565,8,696,74,54,62,1,1,1
2566,2,743,220,82,113,1,1,1
2566,8,703,76,55,63,1,1,1
2567,2,743,231,84,115,1,1,1
2567,8,709,78,56,65,1,1,1
2568,2,752,255,85,118,1,1,1
2568,8,715,79,57,66,1,1,1
2569,2,757,269,87,115,1,1,1
2569,5,735,0,27,20,1,1,1
2569,8,715,79,57,66,1,1,1
2570,2,772,293,88,124,1,1,1
2570,5,736,0,27,21,1,1,1
2570,8,719,80,58,68,1,1,1
2571,2,769,287,90,122,1,1,1
2571,5,736,1,27,21,1,1,1
2571,8,719,80,58,68,1,1,1
2572,2,777,293,91,129,1,1,1
2572,5,736,1,27,22,1,1,1
2572,8,722,82,59,69,1,1,1
2573,2,790,316,92,127,1,1,1
2573,5,736,1,27,22,1,1,1
2573,8,725,84,60,71,1,1,1
2574,2,796,331,94,135,1,1,1
2574,5,738,1,28,23,1,1,1
2574,8,725,84,60,71,1,1,1
2575,2,810,350,95,137,1,1,1
2575,5,739,0,28,24,1,1,1
2575,8,727,92,61,72,1,1,1
2576,2,809,348,97,140,1,1,1
2576,5,739,0,28,24,1,1,1
2576,8,727,92,61,72,1,1,1
2577,2,817,363,98,142,1,1,1
2577,5,742,1,28,25,1,1,1
2577,8,729,91,61,73,1,1,1
2578,2,831,392,99,144,1,1,1
2578,5,745,1,28,26,1,1,1
2578,8,727,98,62,73,1,1,1
2579,2,835,409,101,146,1,1,1
2579,5,748,2,28,26,1,1,1
2579,8,726,105,63,72,1,1,1
2580,2,851,448,102,148,1,1,1
2580,5,748,2,28,26,1,1,1
2580,8,725,112,63,72,1,1,1
2581,2,847,445,104,149,1,1,1
2581,5,747,1,28,27,1,1,1
2581,8,725,112,63,72,1,1,1
2582,2,854,466,105,151,1,1,1
2582,5,750,0,28,28,1,1,1
2582,8,724,114,64,75,1,1,1
2583,2,867,508,106,153,1,1,1
2583,5,750,0,28,28,1,1,1
2583,8,723,123,64,79,1,1,1
2584,2,876,597,114,121,1,1,1
2584,5,753,1,29,29,1,1,1
2584,8,709,143,67,81,1,1,1
2585,2,876,597,114,121,1,1,1
2585,5,753,1,29,29,1,1,1
2585,8,709,143,67,81,1,1,1
2586,2,870,613,118,105,1,1,1
2586,5,753,1,29,30,1,1,1
2586,8,701,151,70,83,1,1,1
2587,2,877,637,118,81,1,1,1
2587,5,754,2,29,31,1,1,1
2587,8,692,158,72,84,1,1,1
2588,5,754,2,29,31,1,1,1
2588,8,692,158,72,84,1,1,1
2589,5,753,3,30,33,1,1,1
2589,8,674,174,75,87,1,1,1
2590,3,819,0,20,21,1,1,1
2590,5,753,3,30,33,1,1,1
2590,8,674,174,75,87,1,1,1
2591,3,818,0,20,21,1,1,1
2591,5,753,4,30,33,1,1,1
2591,8,669,178,77,88,1,1,1
2592,3,818,0,20,21,1,1,1
2592,5,753,5,30,33,1,1,1
2592,8,663,182,79,90,1,1,1
2593,3,818,0,20,21,1,1,1
2593,5,753,5,30,33,1,1,1
2593,8,663,182,79,90,1,1,1
2594,3,800,0,20,21,1,1,1
2594,5,752,6,30,34,1,1,1
2594,8,662,182,81,92,1,1,1
2595,5,751,6,31,35,1,1,1
2595,8,660,189,83,94,1,1,1
2596,5,750,6,31,35,1,1,1
2596,8,658,196,86,97,1,1,1
2597,5,750,7,31,36,1,1,1
2597,8,658,196,86,97,1,1,1
2598,5,750,7,31,36,1,1,1
2598,8,661,211,87,98,1,1,1
2599,5,750,7,31,37,1,1,1
2599,8,661,221,89,100,1,1,1
2600,5,751,7,32,37,1,1,1
2600,8,667,237,90,102,1,1,1
2601,5,751,8,32,38,1,1,1
2601,8,666,235,92,103,1,1,1
2602,5,751,8,32,38,1,1,1
2602,8,671,242,93,105,1,1,1
2603,5,754,13,32,39,1,1,1
2603,8,682,269,95,107,1,1,1
2604,5,756,17,33,40,1,1,1
2604,8,687,276,98,108,1,1,1
2605,1,842,2,16,35,1,1,1
2605,5,756,17,33,40,1,1,1
2605,8,707,294,100,110,1,1,1
2606,1,841,2,16,35,1,1,1
2606,5,757,15,33,39,1,1,1
2606,8,705,293,102,111,1,1,1
2607,1,840,2,16,34,1,1,1
2607,5,760,19,34,39,1,1,1
2607,8,712,304,104,113,1,1,1
2608,1,839,1,16,33,1,1,1
2608,5,763,22,34,39,1,1,1
2608,8,724,324,106,114,1,1,1
2609,1,838,1,16,32,1,1,1
2609,5,763,22,34,39,1,1,1
2609,8,731,333,109,116,1,1,1
2610,1,837,1,16,31,1,1,1
2610,5,769,25,32,40,1,1,1
2610,8,743,353,111,116,1,1,1
2611,1,835,1,16,30,1,1,1
2611,5,770,25,33,42,1,1,1
2611,8,742,350,113,116,1,1,1
2612,1,834,1,16,29,1,1,1
2612,5,772,25,34,43,1,1,1
2612,8,745,363,115,116,1,1,1
2613,1,833,1,16,28,1,1,1
2613,5,773,25,35,45,1,1,1
2613,8,757,389,117,116,1,1,1
2614,1,832,1,16,27,1,1,1
2614,5,775,25,36,46,1,1,1
2614,8,761,404,119,116,1,1,1
2615,1,831,1,16,26,1,1,1
2615,5,775,25,36,46,1,1,1
2615,8,770,442,122,116,1,1,1
2616,1,830,1,16,25,1,1,1
2616,5,775,26,35,46,1,1,1
2616,8,768,438,123,116,1,1,1
2617,1,829,1,16,24,1,1,1
2617,5,775,26,35,46,1,1,1
2617,8,772,456,124,116,1,1,1
2618,1,828,1,16,23,1,1,1
2618,5,776,28,35,46,1,1,1
2618,8,783,500,126,116,1,1,1
2619,1,826,1,16,22,1,1,1
2619,5,776,29,35,46,1,1,1
2619,8,783,517,127,116,1,1,1
2620,1,825,1,16,21,1,1,1
2620,5,777,31,35,46,1,1,1
2620,8,785,557,129,116,1,1,1
2621,1,824,0,16,20,1,1,1
2621,5,777,33,34,46,1,1,1
2621,8,785,558,130,116,1,1,1
2622,1,824,0,16,20,1,1,1
2622,5,777,33,34,46,1,1,1
2622,8,791,576,132,116,1,1,1
2623,1,821,0,16,20,1,1,1
2623,5,777,35,35,47,1,1,1
2623,8,796,627,135,91,1,1,1
2624,1,817,0,16,20,1,1,1
2624,5,776,37,36,47,1,1,1
2624,8,803,651,138,67,1,1,1
2625,1,814,0,16,20,1,1,1
2625,5,776,40,36,48,1,1,1
2626,1,810,0,16,21,1,1,1
2626,5,775,42,37,49,1,1,1
2627,1,807,0,16,21,1,1,1
2627,5,774,44,38,49,1,1,1
2628,1,804,0,16,21,1,1,1
2628,5,774,46,38,50,1,1,1
2629,1,800,0,16,21,1,1,1
2629,5,773,48,39,50,1,1,1
2630,1,800,0,16,21,1,1,1
2630,5,773,48,39,50,1,1,1
2631,1,799,0,16,22,1,1,1
2631,5,773,50,40,52,1,1,1
2632,1,799,0,16,22,1,1,1
2632,3,722,0,32,22,1,1,1
2632,5,773,50,40,52,1,1,1
2633,1,798,0,16,23,1,1,1
2633,3,720,1,32,26,1,1,1
2633,5,774,54,41,52,1,1,1
2634,1,797,0,16,23,1,1,1
2634,3,720,1,32,26,1,1,1
2634,5,776,58,42,53,1,1,1
2635,1,797,0,16,24,1,1,1
2635,3,718,2,32,27,1,1,1
2635,5,777,61,42,53,1,1,1
2636,1,796,0,16,24,1,1,1
2636,3,716,4,32,29,1,1,1
2636,5,778,65,43,54,1,1,1
2637,1,795,0,16,25,1,1,1
2637,3,714,5,33,30,1,1,1
2637,5,779,69,44,55,1,1,1
2638,1,795,0,16,25,1,1,1
2638,3,714,5,33,30,1,1,1
2638,5,779,69,44,55,1,1,1
2639,1,795,0,18,25,1,1,1
2639,3,712,4,33,32,1,1,1
2639,5,781,71,45,56,1,1,1
2640,1,795,0,20,26,1,1,1
2640,3,710,3,33,34,1,1,1
2640,5,783,74,45,57,1,1,1
2641,1,795,0,20,26,1,1,1
2641,3,710,3,33,34,1,1,1
2641,5,784,77,46,58,1,1,1
2642,1,794,0,22,24,1,1,1
2642,3,710,2,33,36,1,1,1
2642,5,786,79,47,60,1,1,1
2643,1,794,0,24,23,1,1,1
2643,3,711,0,33,38,1,1,1
2643,5,788,82,48,61,1,1,1
2644,1,794,0,24,23,1,1,1
2644,3,711,0,33,38,1,1,1
2644,5,788,82,48,61,1,1,1
2645,1,795,0,24,21,1,1,1
2645,3,713,2,34,39,1,1,1
2645,5,789,86,49,63,1,1,1
2646,1,796,0,24,20,1,1,1
2646,3,715,4,35,39,1,1,1
2646,5,789,86,49,63,1,1,1
2647,1,797,0,24,19,1,1,1
2647,3,718,6,36,40,1,1,1
2647,5,790,92,50,64,1,1,1
2648,1,798,0,24,18,1,1,1
2648,3,720,8,36,40,1,1,1
2648,5,792,98,51,65,1,1,1
2649,1,799,0,25,16,1,1,1
2649,3,722,9,37,41,1,1,1
2649,5,793,104,51,67,1,1,1
2650,1,800,0,25,15,1,1,1
2650,3,725,11,38,41,1,1,1
2650,5,794,110,52,68,1,1,1
2651,1,800,0,25,15,1,1,1
2651,3,725,11,38,41,1,1,1
2651,5,794,110,52,68,1,1,1
2652,1,801,0,25,15,1,1,1
2652,3,731,14,38,43,1,1,1
2652,5,793,118,54,70,1,1,1
2653,1,802,0,25,15,1,1,1
2653,3,737,16,39,44,1,1,1
2653,5,792,126,55,72,1,1,1
2654,1,803,0,25,16,1,1,1
2654,3,744,18,39,45,1,1,1
2654,5,792,126,55,72,1,1,1
2655,1,804,0,25,16,1,1,1
2655,3,744,18,39,45,1,1,1
2655,5,794,129,56,74,1,1,1
2656,1,805,0,25,16,1,1,1
2656,3,748,17,40,46,1,1,1
2656,5,796,133,57,75,1,1,1
2657,1,806,0,25,16,1,1,1
2657,3,753,15,40,47,1,1,1
2657,5,797,136,58,77,1,1,1
2658,1,807,0,25,16,1,1,1
2658,3,758,14,41,49,1,1,1
2658,5,799,140,60,79,1,1,1
2659,1,807,0,25,16,1,1,1
2659,3,758,14,41,49,1,1,1
2659,5,799,140,60,79,1,1,1
2660,1,807,0,25,16,1,1,1
2660,3,762,15,41,50,1,1,1
2660,5,804,151,61,81,1,1,1
2661,1,807,0,25,16,1,1,1
2661,3,765,17,42,51,1,1,1
2661,5,804,151,61,81,1,1,1
2662,1,806,0,25,16,1,1,1
2662,3,769,18,42,52,1,1,1
2662,5,807,155,62,83,1,1,1
2663,1,806,0,25,16,1,1,1
2663,3,769,18,42,52,1,1,1
2663,5,816,179,64,89,1,1,1
2664,1,806,0,25,15,1,1,1
2664,3,771,20,43,53,1,1,1
2664,5,816,179,64,89,1,1,1
2665,1,805,0,25,15,1,1,1
2665,3,772,22,43,55,1,1,1
2665,5,824,196,65,87,1,1,1
2666,1,805,0,25,15,1,1,1
2666,3,774,23,44,56,1,1,1
2666,5,824,192,66,88,1,1,1
2666,6,733,0,25,16,1,1,1
2667,1,805,0,25,15,1,1,1
2667,3,774,23,44,56,1,1,1
2667,5,828,198,67,89,1,1,1
2667,6,736,0,25,16,1,1,1
2668,1,799,0,25,16,1,1,1
2668,3,770,35,45,57,1,1,1
2668,5,835,216,72,93,1,1,1
2668,6,739,0,25,17,1,1,1
2669,1,794,0,25,17,1,1,1
2669,3,766,46,47,59,1,1,1
2669,5,835,216,72,93,1,1,1
2669,6,742,0,26,17,1,1,1
2670,1,794,0,25,17,1,1,1
2670,3,766,46,47,59,1,1,1
2670,5,842,230,72,95,1,1,1
2670,6,742,0,26,17,1,1,1
2671,1,789,0,25,17,1,1,1
2671,3,766,44,48,59,1,1,1
2671,5,843,234,72,97,1,1,1
2671,6,741,0,26,17,1,1,1
2672,1,784,0,25,16,1,1,1
2672,3,758,46,50,61,1,1,1
2672,5,845,237,74,99,1,1,1
2672,6,743,0,27,20,1,1,1
2673,1,779,0,25,15,1,1,1
2673,3,750,49,51,62,1,1,1
2673,5,848,260,76,102,1,1,1
2673,6,744,0,27,22,1,1,1
2674,1,779,0,25,15,1,1,1
2674,3,750,49,51,62,1,1,1
2674,5,848,260,76,102,1,1,1
2674,6,744,0,27,22,1,1,1
2675,1,779,0,25,15,1,1,1
2675,3,745,49,53,62,1,1,1
2675,5,846,279,81,103,1,1,1
2675,6,745,1,27,23,1,1,1
2676,1,779,0,25,15,1,1,1
2676,3,740,48,54,61,1,1,1
2676,5,845,298,85,104,1,1,1
2676,6,745,1,28,25,1,1,1
2677,1,765,0,25,15,1,1,1
2677,3,740,48,54,61,1,1,1
2677,5,845,298,85,104,1,1,1
2677,6,745,2,28,26,1,1,1
2678,3,738,50,56,63,1,1,1
2678,5,841,337,90,104,1,1,1
2678,6,745,2,28,27,1,1,1
2679,3,737,51,57,65,1,1,1
2679,5,836,375,94,103,1,1,1
2679,6,746,2,29,28,1,1,1
2680,3,735,53,58,67,1,1,1
2680,5,836,375,94,103,1,1,1
2680,6,746,3,29,29,1,1,1
2681,3,733,54,60,69,1,1,1
2681,5,836,374,97,102,1,1,1
2681,6,746,3,30,31,1,1,1
2682,3,733,54,60,69,1,1,1
2682,5,833,390,100,102,1,1,1
2682,6,746,3,30,31,1,1,1
2683,3,734,63,61,71,1,1,1
2683,5,835,438,105,98,1,1,1
2683,6,746,3,30,34,1,1,1
2684,3,735,72,63,73,1,1,1
2684,5,835,438,105,98,1,1,1
2684,6,746,4,30,35,1,1,1
2685,3,736,81,65,75,1,1,1
2685,5,839,469,108,97,1,1,1
2685,6,745,4,31,35,1,1,1
2686,3,736,81,65,75,1,1,1
2686,5,839,469,110,95,1,1,1
2686,6,745,4,31,35,1,1,1
2687,3,740,90,67,78,1,1,1
2687,5,850,531,115,92,1,1,1
2687,6,748,5,31,34,1,1,1
2688,3,744,100,68,80,1,1,1
2688,5,850,531,115,92,1,1,1
2688,6,751,7,32,34,1,1,1
2689,3,744,100,68,80,1,1,1
2689,5,853,551,117,91,1,1,1
2689,6,751,7,32,34,1,1,1
2690,3,751,113,70,77,1,1,1
2690,5,870,598,113,86,1,1,1
2690,6,754,9,32,37,1,1,1
2691,3,748,113,71,79,1,1,1
2691,5,870,598,113,86,1,1,1
2691,6,754,9,33,37,1,1,1
2692,3,753,113,73,82,1,1,1
2692,5,871,624,105,78,1,1,1
2692,6,754,9,33,37,1,1,1
2693,3,757,113,75,86,1,1,1
2693,6,761,19,33,37,1,1,1
2694,3,757,113,75,86,1,1,1
2694,6,761,19,33,37,1,1,1
2695,1,751,0,25,16,1,1,1
2695,3,756,118,77,88,1,1,1
2695,6,766,25,33,37,1,1,1
2696,1,750,0,25,17,1,1,1
2696,3,755,123,78,91,1,1,1
2696,6,769,27,34,38,1,1,1
2697,1,750,0,26,18,1,1,1
2697,3,753,129,80,94,1,1,1
2697,6,769,27,34,38,1,1,1
2698,1,749,0,26,19,1,1,1
2698,3,753,129,80,94,1,1,1
2698,6,776,28,34,38,1,1,1
2699,1,749,0,27,20,1,1,1
2699,3,745,156,85,95,1,1,1
2699,6,779,28,35,39,1,1,1
2700,1,748,0,27,20,1,1,1
2700,3,745,156,85,95,1,1,1
2700,6,782,28,35,40,1,1,1
2701,1,748,0,28,21,1,1,1
2701,3,740,167,90,95,1,1,1
2701,6,784,28,36,41,1,1,1
2702,1,748,0,28,21,1,1,1
2702,3,740,167,90,95,1,1,1
2702,6,784,28,36,41,1,1,1
2703,1,742,0,28,25,1,1,1
2703,3,723,192,93,103,1,1,1
2703,6,788,29,37,43,1,1,1
2704,1,742,0,28,25,1,1,1
2704,3,706,217,97,111,1,1,1
2704,6,788,29,37,43,1,1,1
2705,1,738,0,29,27,1,1,1
2705,3,706,217,97,111,1,1,1
2705,6,790,34,37,43,1,1,1
2706,1,735,0,30,30,1,1,1
2706,3,697,220,100,115,1,1,1
2706,6,791,35,38,45,1,1,1
2707,1,735,0,30,30,1,1,1
2707,3,688,223,103,119,1,1,1
2707,6,791,35,38,45,1,1,1
2708,1,729,1,30,32,1,1,1
2708,3,679,226,106,123,1,1,1
2708,6,794,44,39,47,1,1,1
2709,1,727,0,30,34,1,1,1
2709,3,679,226,106,123,1,1,1
2709,6,794,44,39,47,1,1,1
2710,1,727,0,31,33,1,1,1
2710,3,678,233,110,126,1,1,1
2710,6,793,48,39,48,1,1,1
2711,1,727,0,31,33,1,1,1
2711,3,676,239,114,128,1,1,1
2711,6,792,51,40,49,1,1,1
2712,1,727,0,32,33,1,1,1
2712,3,676,239,114,128,1,1,1
2712,6,791,54,40,50,1,1,1
2713,1,727,0,32,33,1,1,1
2713,3,675,268,116,129,1,1,1
2713,6,791,54,40,50,1,1,1
2714,1,730,0,32,35,1,1,1
2714,3,684,321,118,129,1,1,1
2714,6,791,56,41,51,1,1,1
2715,1,733,0,32,36,1,1,1
2715,3,684,321,118,129,1,1,1
2715,6,790,58,42,51,1,1,1
2716,1,733,0,32,36,1,1,1
2716,3,681,318,120,129,1,1,1
2716,6,790,60,43,52,1,1,1
2717,1,737,4,32,38,1,1,1
2717,3,688,342,121,129,1,1,1
2717,6,790,62,44,53,1,1,1
2718,1,742,7,32,40,1,1,1
2718,3,707,383,122,129,1,1,1
2718,6,790,63,45,53,1,1,1
2719,1,742,7,32,40,1,1,1
2719,3,716,402,123,129,1,1,1
2719,6,790,63,45,53,1,1,1
2720,1,750,11,32,40,1,1,1
2720,3,749,464,123,115,1,1,1
2720,6,792,69,46,54,1,1,1
2721,1,748,12,32,40,1,1,1
2721,3,752,480,123,101,1,1,1
2721,6,793,67,47,55,1,1,1
2722,1,753,13,32,40,1,1,1
2722,3,767,509,123,101,1,1,1
2722,6,794,82,49,56,1,1,1
2723,1,762,16,32,40,1,1,1
2723,3,795,551,123,101,1,1,1
2723,6,794,82,49,56,1,1,1
2724,1,772,16,32,40,1,1,1
2724,3,817,568,114,101,1,1,1
2724,6,795,85,50,56,1,1,1
2725,1,772,16,32,40,1,1,1
2725,6,801,94,51,57,1,1,1
2726,1,773,16,32,40,1,1,1
2726,6,800,98,52,58,1,1,1
2727,1,773,16,32,40,1,1,1
2727,6,800,98,52,58,1,1,1
2728,1,775,17,32,41,1,1,1
2728,6,806,103,53,60,1,1,1
2729,1,778,18,33,41,1,1,1
2729,6,813,108,54,62,1,1,1
2730,1,778,18,33,41,1,1,1
2730,6,813,108,54,62,1,1,1
2731,1,778,22,33,42,1,1,1
2731,6,815,111,55,64,1,1,1
2732,1,777,25,34,42,1,1,1
2732,6,818,114,56,66,1,1,1
2733,1,777,25,34,42,1,1,1
2733,6,818,114,56,66,1,1,1
2734,1,775,28,34,43,1,1,1
2734,6,819,116,57,67,1,1,1
2735,1,773,30,35,43,1,1,1
2735,6,820,126,58,68,1,1,1
2736,1,771,32,35,44,1,1,1
2736,6,820,130,59,70,1,1,1
2737,1,771,32,35,44,1,1,1
2737,6,820,130,59,70,1,1,1
2738,1,765,36,36,45,1,1,1
2738,6,822,147,61,73,1,1,1
2739,1,765,36,36,45,1,1,1
2739,6,822,147,61,73,1,1,1
2740,1,766,37,36,45,1,1,1
2740,6,821,161,61,74,1,1,1
2741,1,766,37,36,45,1,1,1
2741,6,821,161,62,75,1,1,1
2742,1,764,38,37,46,1,1,1
2742,6,814,170,65,78,1,1,1
2743,1,768,38,38,48,1,1,1
2743,6,808,179,68,80,1,1,1
2744,1,768,38,38,48,1,1,1
2744,6,802,188,71,83,1,1,1
2745,1,775,41,39,49,1,1,1
2745,6,802,188,71,83,1,1,1
2746,1,779,47,37,47,1,1,1
2746,6,795,191,76,87,1,1,1
2747,1,779,47,37,47,1,1,1
2747,6,795,191,76,87,1,1,1
2748,1,784,53,42,52,1,1,1
2748,6,789,206,75,88,1,1,1
2749,1,784,53,42,52,1,1,1
2749,6,789,206,75,88,1,1,1
2750,1,794,62,43,52,1,1,1
2750,6,790,216,79,93,1,1,1
2751,1,793,62,44,52,1,1,1
2751,6,790,216,79,93,1,1,1
2752,1,799,66,45,52,1,1,1
2752,6,792,219,81,96,1,1,1
2753,1,813,72,46,51,1,1,1
2753,6,792,239,82,99,1,1,1
2754,1,815,74,46,53,1,1,1
2754,6,795,247,84,104,1,1,1
2755,1,820,78,47,54,1,1,1
2755,6,798,269,86,109,1,1,1
2756,1,819,80,49,51,1,1,1
2756,6,798,268,88,110,1,1,1
2757,1,819,80,49,51,1,1,1
2757,6,804,279,90,110,1,1,1
2758,1,817,84,49,52,1,1,1
2758,6,811,307,92,112,1,1,1
2759,1,814,88,49,53,1,1,1
2759,6,817,320,95,114,1,1,1
2760,1,812,92,49,53,1,1,1
2760,6,828,345,98,115,1,1,1
2761,1,812,92,49,53,1,1,1
2761,6,829,346,100,116,1,1,1
2762,1,807,101,49,54,1,1,1
2762,6,833,355,103,118,1,1,1
2763,1,802,109,49,55,1,1,1
2763,6,842,385,106,120,1,1,1
2764,1,797,118,49,56,1,1,1
2764,6,850,395,108,122,1,1,1
2765,1,797,118,49,56,1,1,1
2765,6,863,427,111,124,1,1,1
2766,1,797,119,50,56,1,1,1
2766,6,861,426,114,120,1,1,1
2767,1,785,126,51,60,1,1,1
2767,6,870,446,114,120,1,1,1
2768,1,785,126,51,60,1,1,1
2768,6,893,509,114,120,1,1,1
2769,1,779,134,53,63,1,1,1
2769,6,893,509,114,120,1,1,1
2770,1,779,134,53,63,1,1,1
2770,6,905,558,114,120,1,1,1
2771,1,780,135,54,62,1,1,1
2771,6,909,584,114,120,1,1,1
2772,1,782,136,56,66,1,1,1
2772,6,909,584,114,120,1,1,1
2773,1,785,137,57,70,1,1,1
2773,6,917,652,116,65,1,1,1
2774,1,785,137,57,70,1,1,1
2775,1,788,146,57,69,1,1,1
2776,1,792,154,57,68,1,1,1
2777,1,792,154,57,68,1,1,1
2778,1,808,168,59,70,1,1,1
2779,1,824,182,61,72,1,1,1
2780,1,824,182,61,72,1,1,1
2781,1,822,182,62,73,1,1,1
2782,1,845,196,66,76,1,1,1
2783,1,845,196,66,76,1,1,1
2784,1,849,206,69,78,1,1,1
2785,1,849,206,69,78,1,1,1
2786,1,851,205,71,79,1,1,1
2787,1,849,220,73,81,1,1,1
2788,1,849,220,73,81,1,1,1
2789,1,847,243,75,83,1,1,1
2790,1,847,243,75,83,1,1,1
2791,1,847,242,75,87,1,1,1
2792,1,846,249,76,85,1,1,1
2793,1,836,281,77,83,1,1,1
2794,1,827,297,78,82,1,1,1
2795,1,812,320,79,80,1,1,1
2796,1,810,323,80,79,1,1,1
2797,1,805,332,82,77,1,1,1
2798,1,792,353,83,76,1,1,1
2799,1,789,361,84,74,1,1,1
2800,1,784,379,87,73,1,1,1
2801,1,781,382,91,72,1,1,1
2802,1,778,394,95,71,1,1,1
2803,1,777,415,99,70,1,1,1
2804,1,785,428,97,68,1,1,1
2805,1,793,465,95,66,1,1,1
2806,1,795,470,94,64,1,1,1
2807,1,797,486,92,62,1,1,1
3074,8,782,0,21,26,1,1,1
3075,8,778,0,21,25,1,1,1
3076,8,774,0,21,25,1,1,1
3077,8,771,0,21,24,1,1,1
3078,8,771,0,21,24,1,1,1
3079,8,769,0,21,23,1,1,1
3080,8,767,0,22,23,1,1,1
3081,8,765,0,22,22,1,1,1
3082,8,762,0,22,22,1,1,1
3083,8,762,0,22,22,1,1,1
3084,8,762,0,22,22,1,1,1
3085,8,762,0,22,22,1,1,1
3086,8,762,0,22,22,1,1,1
3087,8,762,0,22,22,1,1,1
3088,8,762,0,22,22,1,1,1
3089,8,762,0,22,22,1,1,1
3090,8,762,0,22,22,1,1,1
3091,8,762,0,22,22,1,1,1
3092,8,755,0,22,17,1,1,1
3130,1,801,10,22,41,1,1,1
3131,1,803,10,22,41,1,1,1
3132,1,804,10,22,41,1,1,1
3133,1,805,10,22,41,1,1,1
3134,1,806,10,22,41,1,1,1
3135,1,806,10,22,41,1,1,1
3136,1,806,10,22,41,1,1,1
3137,1,801,10,22,41,1,1,1
3153,1,863,21,18,34,1,1,1
3154,1,862,20,20,35,1,1,1
3155,1,861,20,22,35,1,1,1
3156,1,860,20,25,35,1,1,1
3157,1,860,20,25,35,1,1,1
3158,1,863,19,26,36,1,1,1
3159,1,865,19,26,36,1,1,1
3160,1,868,19,27,36,1,1,1
3161,1,870,18,28,36,1,1,1
3162,1,873,18,28,37,1,1,1
3163,1,875,18,29,37,1,1,1
3164,1,878,17,30,37,1,1,1
3165,1,880,17,31,37,1,1,1
3166,1,883,16,31,38,1,1,1
3167,1,885,16,32,38,1,1,1
3168,1,885,16,32,38,1,1,1
3169,1,889,18,32,38,1,1,1
3170,1,892,20,31,38,1,1,1
3171,1,896,21,31,38,1,1,1
3172,1,899,23,31,38,1,1,1
3173,1,903,25,31,38,1,1,1
3174,1,907,27,30,38,1,1,1
3175,1,907,27,30,38,1,1,1
3176,1,908,26,30,38,1,1,1
3177,1,909,27,30,38,1,1,1
3178,1,915,28,30,38,1,1,1
3179,1,921,29,29,38,1,1,1
3180,1,921,29,29,38,1,1,1
3181,1,921,30,29,38,1,1,1
3182,1,921,30,29,38,1,1,1
3183,1,926,30,28,38,1,1,1
3184,1,926,30,28,38,1,1,1
3185,1,931,32,28,38,1,1,1
3186,1,936,33,28,38,1,1,1
3187,1,940,34,28,38,1,1,1
3188,1,940,34,28,38,1,1,1
3189,1,944,36,31,38,1,1,1
3190,1,952,37,28,38,1,1,1
3191,1,953,39,28,38,1,1,1
3192,1,956,40,28,38,1,1,1
3193,1,967,41,28,38,1,1,1
3194,1,970,41,28,38,1,1,1
3195,1,980,41,28,38,1,1,1
3196,1,979,42,28,38,1,1,1
3197,1,989,42,28,38,1,1,1
3198,1,989,42,28,38,1,1,1
3199,1,990,42,28,38,1,1,1
3200,1,991,42,28,38,1,1,1
3201,1,992,42,28,38,1,1,1
3202,1,992,42,28,38,1,1,1
3203,1,993,41,28,38,1,1,1
3204,1,994,40,28,38,1,1,1
3205,1,994,40,28,38,1,1,1
3206,1,992,39,28,38,1,1,1
3207,1,989,38,28,38,1,1,1
3208,1,989,38,28,38,1,1,1
3209,1,987,37,28,38,1,1,1
3210,1,986,36,28,38,1,1,1
3211,1,984,35,28,38,1,1,1
3212,1,982,34,28,38,1,1,1
3213,1,981,33,28,38,1,1,1
3214,1,979,32,28,38,1,1,1
3215,1,979,32,28,38,1,1,1
3216,1,978,32,28,38,1,1,1
3217,1,978,32,28,38,1,1,1
3218,1,978,32,28,38,1,1,1
3219,1,978,32,28,38,1,1,1
3220,1,978,32,28,38,1,1,1
3221,1,978,32,28,38,1,1,1
3222,1,978,32,28,38,1,1,1
3223,1,981,33,28,38,1,1,1
3224,1,984,34,28,38,1,1,1
3225,1,986,36,28,38,1,1,1
3226,1,989,37,28,38,1,1,1
3227,1,989,37,28,38,1,1,1
3228,1,994,39,28,38,1,1,1
3229,1,998,41,28,38,1,1,1
3230,1,1003,42,28,38,1,1,1
3231,1,1007,44,28,38,1,1,1
3232,1,1007,44,28,38,1,1,1
3233,1,1014,47,28,38,1,1,1
3234,1,1021,49,28,38,1,1,1
3235,1,1021,49,28,38,1,1,1
3236,1,1020,50,28,38,1,1,1
3237,1,1022,50,28,38,1,1,1
3238,1,1024,51,28,38,1,1,1
3239,1,1026,51,28,38,1,1,1
3240,1,1026,51,28,38,1,1,1
3241,1,1026,51,28,38,1,1,1
3242,1,1026,51,28,38,1,1,1
3243,1,1026,51,28,38,1,1,1
3244,1,1026,52,28,38,1,1,1
3245,1,1026,52,28,38,1,1,1
3246,1,1026,52,28,38,1,1,1
3247,1,1026,52,28,38,1,1,1
3248,1,1026,52,28,38,1,1,1
3249,1,1026,52,28,38,1,1,1
3250,1,1026,52,28,38,1,1,1
3251,1,1026,52,28,38,1,1,1
3252,1,1026,52,28,38,1,1,1
3253,1,1026,52,28,38,1,1,1
3254,1,1026,52,28,38,1,1,1
3255,1,1026,52,28,38,1,1,1
3256,1,1026,52,28,38,1,1,1
3257,1,1026,52,28,38,1,1,1
3258,1,1026,52,28,38,1,1,1
3259,1,1026,52,28,37,1,1,1
3260,1,1026,52,28,37,1,1,1
3261,1,1027,52,28,37,1,1,1
3262,1,1027,52,28,37,1,1,1
3263,1,1027,52,28,37,1,1,1
3264,1,1027,52,28,36,1,1,1
3265,1,1027,52,28,36,1,1,1
3266,1,1028,52,27,36,1,1,1
3267,1,1028,52,27,36,1,1,1
3268,1,1028,52,27,36,1,1,1
3269,1,1028,52,27,35,1,1,1
3270,1,1028,52,27,35,1,1,1
3271,1,1028,52,27,35,1,1,1
3272,1,1028,52,27,35,1,1,1
3273,1,1028,52,27,35,1,1,1
3274,1,1028,52,28,35,1,1,1
3275,1,1028,52,28,35,1,1,1
3276,1,1028,52,28,35,1,1,1
3277,1,1028,52,28,35,1,1,1
3278,1,1028,52,28,34,1,1,1
3279,1,1028,52,28,34,1,1,1
3280,1,1028,52,28,34,1,1,1
3281,1,1028,52,28,34,1,1,1
3282,1,1028,52,28,34,1,1,1
3283,1,1028,52,28,33,1,1,1
3284,1,1027,52,28,34,1,1,1
3285,1,1026,53,27,35,1,1,1
3286,1,1025,53,27,35,1,1,1
3287,1,1025,53,27,35,1,1,1
3288,1,1021,53,27,36,1,1,1
3289,1,1017,52,26,37,1,1,1
3290,1,1017,52,26,37,1,1,1
3291,1,1017,53,26,38,1,1,1
3292,1,1010,50,25,38,1,1,1
3293,1,1004,48,25,39,1,1,1
3294,1,1004,48,25,39,1,1,1
3295,1,999,46,24,40,1,1,1
3296,1,994,44,24,41,1,1,1
3297,1,989,41,24,41,1,1,1
3298,1,989,41,24,41,1,1,1
3299,1,980,40,24,41,1,1,1
3300,1,976,39,24,41,1,1,1
3301,1,976,39,24,41,1,1,1
3302,1,967,38,24,41,1,1,1
3303,1,956,40,24,41,1,1,1
3304,1,956,40,24,41,1,1,1
3305,1,958,42,24,41,1,1,1
3306,1,951,44,24,41,1,1,1
3307,1,951,44,24,41,1,1,1
3308,1,941,41,24,41,1,1,1
3309,1,941,41,24,41,1,1,1
3310,1,941,38,24,41,1,1,1
3311,1,941,38,24,41,1,1,1
3312,1,935,36,24,41,1,1,1
3313,1,935,36,24,41,1,1,1
3314,1,937,34,24,41,1,1,1
3315,1,938,33,24,41,1,1,1
3316,1,938,33,24,41,1,1,1
3317,1,940,33,24,41,1,1,1
3318,1,941,32,24,41,1,1,1
3319,1,943,32,24,41,1,1,1
3320,1,944,32,24,41,1,1,1
3321,1,944,32,24,41,1,1,1
3322,1,950,35,24,41,1,1,1
3323,1,956,39,24,41,1,1,1
3324,1,956,39,24,41,1,1,1
3325,1,956,39,24,41,1,1,1
3326,1,957,35,24,41,1,1,1
3380,5,691,0,21,25,1,1,1
3381,5,688,0,21,24,1,1,1
3382,5,685,0,21,24,1,1,1
3383,5,681,0,21,23,1,1,1
3384,5,678,0,20,23,1,1,1
3385,5,675,0,20,23,1,1,1
3386,5,671,0,20,22,1,1,1
3387,5,671,0,20,22,1,1,1
3388,5,670,0,20,22,1,1,1
3389,5,669,0,20,21,1,1,1
3390,5,667,0,20,21,1,1,1
3391,5,666,0,19,20,1,1,1
3392,5,664,0,19,20,1,1,1
3393,5,663,0,19,20,1,1,1
3394,5,661,0,19,19,1,1,1
3395,5,660,0,19,19,1,1,1
3396,5,660,0,19,19,1,1,1
3397,5,660,0,19,19,1,1,1
3398,5,660,0,19,19,1,1,1
3399,5,660,0,19,19,1,1,1
3400,5,660,0,19,19,1,1,1
3401,5,660,0,19,19,1,1,1
3402,5,660,0,19,19,1,1,1
3403,5,660,0,19,19,1,1,1
3404,5,660,0,19,19,1,1,1
3405,5,660,0,19,19,1,1,1
3406,5,660,0,19,19,1,1,1
3407,5,659,0,19,19,1,1,1
3408,5,659,0,19,19,1,1,1
3409,5,659,0,19,19,1,1,1
3410,5,659,0,19,19,1,1,1
3411,5,659,0,19,19,1,1,1
3412,5,659,0,19,19,1,1,1
3413,5,659,0,19,19,1,1,1
3414,5,659,0,19,19,1,1,1
3415,5,659,0,19,19,1,1,1
3416,5,659,0,19,19,1,1,1
3417,5,659,0,19,19,1,1,1
3418,5,659,0,19,19,1,1,1
3419,5,659,0,19,19,1,1,1
3420,5,658,0,19,19,1,1,1
3421,5,658,0,19,19,1,1,1
3422,5,660,0,19,19,1,1,1
3423,5,661,0,19,19,1,1,1
3424,5,662,0,19,19,1,1,1
3425,5,663,0,19,19,1,1,1
3426,5,665,0,19,19,1,1,1
3427,5,665,0,19,19,1,1,1
3428,5,665,0,19,19,1,1,1
3429,5,666,0,19,20,1,1,1
3430,5,666,0,19,20,1,1,1
3431,5,667,0,19,21,1,1,1
3432,5,667,0,19,21,1,1,1
3433,5,667,0,19,22,1,1,1
3434,5,667,0,19,22,1,1,1
3435,5,668,0,19,22,1,1,1
3436,5,668,0,19,22,1,1,1
3437,5,669,0,19,22,1,1,1
3438,5,669,0,19,22,1,1,1
3439,5,670,0,19,22,1,1,1
3440,5,670,0,19,22,1,1,1
3441,5,671,0,19,22,1,1,1
3442,5,671,0,19,22,1,1,1
3443,5,671,0,19,22,1,1,1
3444,5,671,0,19,22,1,1,1
3445,5,671,0,19,22,1,1,1
3446,5,671,0,19,22,1,1,1
3447,5,671,0,19,22,1,1,1
3448,5,671,0,19,22,1,1,1
3449,5,671,0,19,22,1,1,1
3450,5,671,0,19,22,1,1,1
3451,5,671,0,19,22,1,1,1
3452,5,666,0,19,22,1,1,1
