4,1,765,179,36,39,1,1,1
5,1,760,174,43,46,1,1,1
6,1,760,174,43,46,1,1,1
7,1,754,176,43,46,1,1,1
8,1,752,178,43,46,1,1,1
9,1,749,179,43,46,1,1,1
10,1,749,179,43,46,1,1,1
11,1,747,179,45,50,1,1,1
12,1,745,179,46,54,1,1,1
13,1,745,179,46,54,1,1,1
14,1,745,180,46,54,1,1,1
15,1,745,180,46,54,1,1,1
16,1,745,181,46,54,1,1,1
17,1,745,181,46,54,1,1,1
18,1,745,181,46,54,1,1,1
19,1,745,181,46,54,1,1,1
20,1,742,187,46,54,1,1,1
21,1,742,187,46,54,1,1,1
22,1,738,187,46,54,1,1,1
23,1,738,187,46,54,1,1,1
24,1,734,187,46,54,1,1,1
25,1,733,187,48,59,1,1,1
26,1,727,190,48,59,1,1,1
27,1,727,190,48,59,1,1,1
28,1,722,194,48,59,1,1,1
29,1,718,194,48,59,1,1,1
30,1,718,194,48,59,1,1,1
31,1,711,199,48,59,1,1,1
32,1,702,199,48,59,1,1,1
33,1,702,199,48,59,1,1,1
34,1,691,199,48,59,1,1,1
35,1,684,198,48,59,1,1,1
36,1,684,198,48,59,1,1,1
37,1,679,196,48,59,1,1,1
38,1,670,196,57,62,1,1,1
39,1,670,196,57,62,1,1,1
40,1,670,196,57,62,1,1,1
41,1,670,196,57,62,1,1,1
42,1,670,196,57,62,1,1,1
43,1,668,205,57,62,1,1,1
44,1,670,209,57,62,1,1,1
45,1,671,214,57,62,1,1,1
46,1,671,214,57,62,1,1,1
47,1,671,214,64,71,1,1,1
48,1,671,214,64,71,1,1,1
49,1,675,219,64,71,1,1,1
50,1,682,223,64,71,1,1,1
51,1,682,223,64,71,1,1,1
52,1,686,221,64,71,1,1,1
53,1,693,219,64,71,1,1,1
54,1,700,223,64,71,1,1,1
55,1,702,226,64,71,1,1,1
56,1,702,226,64,71,1,1,1
57,1,704,223,64,71,1,1,1
58,1,711,221,64,71,1,1,1
59,1,711,226,64,71,1,1,1
60,1,718,232,64,71,1,1,1
61,1,718,232,64,71,1,1,1
62,1,718,241,64,71,1,1,1
63,1,718,241,64,71,1,1,1
64,1,720,248,64,71,1,1,1
65,1,725,259,64,71,1,1,1
66,1,725,259,64,71,1,1,1
67,1,729,266,64,71,1,1,1
68,1,729,271,64,80,1,1,1
69,1,729,271,64,80,1,1,1
70,1,725,273,72,80,1,1,1
71,1,725,273,77,84,1,1,1
72,1,725,273,77,84,1,1,1
73,1,731,278,77,84,1,1,1
74,1,736,282,77,84,1,1,1
75,1,736,282,77,84,1,1,1
76,1,724,277,100,108,1,1,1
77,1,733,280,100,108,1,1,1
78,1,733,280,100,108,1,1,1
79,1,743,289,100,108,1,1,1
80,1,761,309,100,108,1,1,1
81,1,761,309,100,108,1,1,1
82,1,778,322,100,108,1,1,1
83,1,780,324,117,122,1,1,1
84,1,780,324,117,122,1,1,1
85,1,801,331,117,122,1,1,1
86,1,823,343,117,122,1,1,1
87,1,823,343,117,122,1,1,1
88,1,843,352,117,122,1,1,1
89,1,859,358,117,122,1,1,1
90,1,859,358,117,122,1,1,1
91,1,875,358,117,122,1,1,1
92,1,893,367,117,122,1,1,1
93,1,893,367,117,122,1,1,1
94,1,907,379,131,135,1,1,1
95,1,925,397,131,135,1,1,1
96,1,925,397,131,135,1,1,1
97,1,954,423,131,135,1,1,1
98,1,979,428,145,172,1,1,1
99,1,979,428,145,172,1,1,1
100,1,1006,451,145,172,1,1,1
101,1,1033,475,145,172,1,1,1
102,1,1033,475,145,172,1,1,1
103,1,1053,487,169,183,1,1,1
104,1,1093,511,169,183,1,1,1
105,1,1093,511,169,183,1,1,1
106,1,1141,534,169,183,1,1,1
107,1,1190,559,169,183,1,1,1
108,1,1190,559,169,183,1,1,1
109,1,1221,581,189,180,1,1,1
110,1,1276,603,189,180,1,1,1
111,1,1276,603,189,180,1,1,1
112,1,1329,639,189,180,1,1,1
113,1,1383,680,189,180,1,1,1
114,1,1383,680,189,180,1,1,1
115,1,1437,702,189,180,1,1,1
116,1,1476,732,189,180,1,1,1
117,1,1476,732,189,180,1,1,1
118,1,1543,711,122,201,1,1,1
119,1,1599,712,66,199,1,1,1
120,1,1599,712,66,199,1,1,1
121,1,1663,637,25,109,1,1,1
122,1,1663,637,25,109,1,1,1
123,1,1678,642,25,109,1,1,1
471,2,792,138,16,41,1,1,1
472,2,783,138,25,41,1,1,1
473,2,778,138,25,41,1,1,1
474,2,778,138,25,41,1,1,1
475,2,767,138,30,41,1,1,1
476,2,754,131,43,41,1,1,1
477,2,754,131,43,41,1,1,1
478,2,749,131,43,41,1,1,1
479,2,734,140,46,52,1,1,1
480,2,734,140,46,52,1,1,1
481,2,727,138,46,52,1,1,1
482,2,718,142,46,52,1,1,1
483,2,718,142,46,52,1,1,1
484,2,706,138,54,52,1,1,1
485,2,706,138,54,61,1,1,1
486,2,702,138,54,61,1,1,1
487,2,691,138,54,61,1,1,1
488,2,682,138,54,61,1,1,1
489,2,682,138,54,61,1,1,1
490,2,675,142,54,61,1,1,1
491,2,671,142,54,61,1,1,1
492,2,668,142,54,61,1,1,1
493,2,668,142,54,61,1,1,1
494,2,662,143,54,61,1,1,1
495,2,657,144,54,61,1,1,1
496,2,657,144,54,61,1,1,1
497,2,659,149,54,61,1,1,1
498,2,659,149,54,61,1,1,1
499,2,659,156,54,66,1,1,1
500,2,659,154,54,66,1,1,1
501,2,659,153,54,66,1,1,1
502,2,659,153,54,66,1,1,1
503,2,659,154,54,66,1,1,1
504,2,659,155,54,66,1,1,1
505,2,660,156,54,66,1,1,1
506,2,660,157,54,66,1,1,1
507,2,660,158,54,66,1,1,1
508,2,660,159,54,66,1,1,1
509,2,661,160,54,66,1,1,1
510,2,661,160,54,66,1,1,1
511,2,661,165,54,66,1,1,1
512,2,661,165,54,77,1,1,1
513,2,661,165,54,77,1,1,1
514,2,664,171,54,77,1,1,1
515,2,664,171,54,77,1,1,1
516,2,664,171,54,77,1,1,1
517,2,664,168,59,81,1,1,1
518,2,664,166,64,85,1,1,1
519,2,664,163,70,89,1,1,1
520,2,664,163,70,89,1,1,1
521,2,670,167,70,89,1,1,1
522,2,670,167,70,89,1,1,1
523,2,673,169,70,89,1,1,1
524,2,680,176,70,89,1,1,1
525,2,680,176,70,89,1,1,1
526,2,682,187,70,89,1,1,1
527,2,697,189,70,97,1,1,1
528,2,697,189,70,97,1,1,1
529,2,707,190,70,97,1,1,1
530,2,707,190,81,107,1,1,1
531,2,707,190,81,107,1,1,1
532,2,716,194,81,107,1,1,1
533,2,729,194,81,107,1,1,1
534,2,729,194,81,107,1,1,1
535,2,738,196,81,107,1,1,1
536,2,751,196,81,107,1,1,1
537,2,751,196,81,107,1,1,1
538,2,760,198,81,107,1,1,1
539,2,763,201,84,115,1,1,1
540,2,763,201,84,115,1,1,1
541,2,776,217,84,115,1,1,1
542,2,783,226,84,115,1,1,1
543,2,783,226,84,115,1,1,1
544,2,787,239,97,127,1,1,1
545,2,794,250,97,127,1,1,1
546,2,794,250,97,127,1,1,1
547,2,803,255,97,127,1,1,1
548,2,804,254,105,136,1,1,1
549,2,813,256,112,144,1,1,1
550,2,828,257,120,152,1,1,1
551,2,855,264,120,152,1,1,1
552,2,855,264,120,152,1,1,1
553,2,886,270,120,152,1,1,1
554,2,918,289,120,152,1,1,1
555,2,918,289,120,152,1,1,1
556,2,958,309,120,152,1,1,1
557,2,958,309,122,161,1,1,1
558,2,1001,338,122,161,1,1,1
559,2,1046,372,122,161,1,1,1
560,2,1098,403,135,181,1,1,1
561,2,1098,403,135,181,1,1,1
562,2,1149,405,145,214,1,1,1
563,2,1156,405,145,214,1,1,1
564,2,1213,424,145,214,1,1,1
565,2,1282,453,145,214,1,1,1
566,2,1332,437,160,260,1,1,1
567,2,1332,437,160,260,1,1,1
568,2,1408,480,160,260,1,1,1
569,2,1491,527,160,260,1,1,1
570,2,1491,527,160,260,1,1,1
571,2,1557,556,160,260,1,1,1
572,2,1572,583,145,234,1,1,1
573,2,1586,610,131,207,1,1,1
574,2,1586,610,131,207,1,1,1
575,2,1586,610,131,207,1,1,1
576,2,1626,667,91,149,1,1,1
960,3,792,147,12,32,1,1,1
961,3,788,147,12,32,1,1,1
962,3,776,151,27,28,1,1,1
963,3,776,151,27,28,1,1,1
964,3,776,153,27,28,1,1,1
965,3,772,158,27,28,1,1,1
966,3,772,158,27,28,1,1,1
967,3,763,152,39,35,1,1,1
968,3,762,149,39,35,1,1,1
969,3,762,149,39,35,1,1,1
970,3,758,150,39,35,1,1,1
971,3,754,156,39,35,1,1,1
972,3,754,156,39,35,1,1,1
973,3,747,156,39,35,1,1,1
974,3,744,158,39,35,1,1,1
975,3,742,161,39,35,1,1,1
976,3,742,161,39,35,1,1,1
977,3,739,161,39,35,1,1,1
978,3,739,161,39,35,1,1,1
979,3,736,157,39,35,1,1,1
980,3,727,162,44,42,1,1,1
981,3,727,162,44,42,1,1,1
982,3,722,154,47,50,1,1,1
983,3,721,156,47,50,1,1,1
984,3,721,156,47,50,1,1,1
985,3,715,156,47,50,1,1,1
986,3,713,158,47,50,1,1,1
987,3,713,158,47,50,1,1,1
988,3,709,158,47,50,1,1,1
989,3,705,168,47,50,1,1,1
990,3,705,168,47,50,1,1,1
991,3,698,168,47,50,1,1,1
992,3,695,168,47,50,1,1,1
993,3,695,168,47,50,1,1,1
994,3,690,166,47,50,1,1,1
995,3,685,169,47,50,1,1,1
996,3,685,169,47,50,1,1,1
997,3,677,166,47,50,1,1,1
998,3,674,166,47,50,1,1,1
999,3,672,165,47,50,1,1,1
1000,3,672,165,47,50,1,1,1
1001,3,669,169,47,50,1,1,1
1002,3,669,169,47,50,1,1,1
1003,3,669,170,47,53,1,1,1
1004,3,669,170,47,57,1,1,1
1005,3,669,170,47,57,1,1,1
1006,3,670,172,47,57,1,1,1
1007,3,670,177,47,57,1,1,1
1008,3,670,177,47,57,1,1,1
1009,3,672,179,47,57,1,1,1
1010,3,676,185,47,57,1,1,1
1011,3,676,185,47,57,1,1,1
1012,3,672,181,54,62,1,1,1
1013,3,674,181,54,62,1,1,1
1013,4,793,173,13,48,1,1,1
1014,3,674,181,54,62,1,1,1
1014,4,789,173,17,48,1,1,1
1015,3,674,179,54,62,1,1,1
1015,4,778,173,27,54,1,1,1
1016,3,674,178,54,62,1,1,1
1016,4,769,173,37,54,1,1,1
1017,3,674,178,54,62,1,1,1
1017,4,769,173,37,54,1,1,1
1018,3,674,179,54,62,1,1,1
1018,4,757,176,37,54,1,1,1
1019,3,673,182,54,62,1,1,1
1019,4,749,174,37,54,1,1,1
1020,3,673,182,54,62,1,1,1
1020,4,749,174,37,54,1,1,1
1021,3,672,190,54,62,1,1,1
1021,4,741,173,37,54,1,1,1
1022,3,672,197,54,62,1,1,1
1022,4,741,173,33,54,1,1,1
1023,3,672,197,54,62,1,1,1
1023,4,736,172,33,54,1,1,1
1024,3,669,199,54,62,1,1,1
1024,4,734,176,30,54,1,1,1
1025,3,662,199,60,79,1,1,1
1025,4,734,176,19,54,1,1,1
1026,3,662,199,60,79,1,1,1
1026,4,734,176,19,54,1,1,1
1027,3,661,207,60,79,1,1,1
1027,4,731,178,19,54,1,1,1
1028,3,657,207,60,79,1,1,1
1028,4,725,181,19,54,1,1,1
1029,3,657,207,60,79,1,1,1
1029,4,725,181,19,54,1,1,1
1030,3,657,206,63,79,1,1,1
1030,4,725,189,19,46,1,1,1
1031,3,656,205,66,79,1,1,1
1031,4,725,189,19,46,1,1,1
1032,3,656,205,68,79,1,1,1
1032,4,725,189,17,46,1,1,1
1033,3,656,205,68,79,1,1,1
1033,4,729,189,13,46,1,1,1
1034,3,660,207,68,79,1,1,1
1034,4,729,189,13,46,1,1,1
1035,3,660,207,68,79,1,1,1
1035,4,733,189,9,44,1,1,1
1036,3,664,209,68,79,1,1,1
1037,3,670,217,68,79,1,1,1
1038,3,670,217,68,79,1,1,1
1039,3,676,228,68,79,1,1,1
1040,3,684,234,68,79,1,1,1
1041,3,684,234,68,79,1,1,1
1042,3,691,242,74,90,1,1,1
1043,3,702,254,74,90,1,1,1
1044,3,702,254,74,90,1,1,1
1045,3,714,252,74,90,1,1,1
1046,3,718,251,88,90,1,1,1
1047,3,718,251,88,90,1,1,1
1047,4,691,209,18,39,1,1,1
1048,3,723,251,88,90,1,1,1
1048,4,683,206,26,62,1,1,1
1049,3,729,256,88,90,1,1,1
1049,4,684,209,26,62,1,1,1
1050,3,739,255,88,90,1,1,1
1050,4,680,214,33,62,1,1,1
1051,3,747,255,88,90,1,1,1
1051,4,668,214,45,66,1,1,1
1052,3,756,260,88,99,1,1,1
1052,4,663,213,45,66,1,1,1
1053,3,756,260,88,99,1,1,1
1053,4,663,213,45,66,1,1,1
1054,3,762,272,93,102,1,1,1
1054,4,659,210,45,71,1,1,1
1055,3,771,281,93,102,1,1,1
1055,4,658,213,45,71,1,1,1
1056,3,771,281,93,102,1,1,1
1056,4,658,215,45,71,1,1,1
1057,3,777,300,93,102,1,1,1
1057,4,658,215,45,71,1,1,1
1058,3,780,314,103,102,1,1,1
1058,4,656,221,45,71,1,1,1
1059,3,780,314,103,102,1,1,1
1059,4,656,221,45,71,1,1,1
1060,3,789,317,103,116,1,1,1
1060,4,656,226,45,71,1,1,1
1061,3,799,320,103,116,1,1,1
1061,4,662,228,45,78,1,1,1
1062,3,799,320,103,116,1,1,1
1062,4,662,228,45,78,1,1,1
1063,3,805,322,109,123,1,1,1
1063,4,664,235,45,78,1,1,1
1064,3,812,322,121,132,1,1,1
1064,4,671,242,45,78,1,1,1
1065,3,812,322,121,132,1,1,1
1065,4,671,242,45,78,1,1,1
1066,3,836,325,121,132,1,1,1
1066,4,674,243,51,80,1,1,1
1067,3,856,329,121,132,1,1,1
1067,4,680,243,51,80,1,1,1
1068,3,856,329,121,132,1,1,1
1068,4,680,243,51,80,1,1,1
1069,3,879,340,121,132,1,1,1
1069,4,687,240,51,86,1,1,1
1070,3,910,359,121,132,1,1,1
1070,4,687,240,51,86,1,1,1
1071,3,910,359,121,132,1,1,1
1071,4,687,240,51,86,1,1,1
1072,3,936,383,121,132,1,1,1
1072,4,692,244,51,86,1,1,1
1073,3,952,402,157,148,1,1,1
1073,4,693,251,54,88,1,1,1
1074,3,952,402,157,148,1,1,1
1074,4,693,251,54,88,1,1,1
1075,3,996,431,157,148,1,1,1
1075,4,696,256,54,88,1,1,1
1076,3,1045,448,157,165,1,1,1
1076,4,695,264,56,95,1,1,1
1077,3,1045,448,157,165,1,1,1
1077,4,695,264,56,95,1,1,1
1078,3,1087,459,157,165,1,1,1
1078,4,699,273,56,95,1,1,1
1079,3,1134,468,157,165,1,1,1
1079,4,699,281,56,95,1,1,1
1080,3,1134,468,157,165,1,1,1
1080,4,699,281,56,95,1,1,1
1081,3,1208,496,157,165,1,1,1
1081,4,699,281,56,108,1,1,1
1082,3,1206,508,198,165,1,1,1
1082,4,699,281,59,112,1,1,1
1083,3,1206,508,198,165,1,1,1
1083,4,699,281,62,116,1,1,1
1084,3,1269,528,198,180,1,1,1
1084,4,699,281,62,116,1,1,1
1085,3,1312,554,198,180,1,1,1
1085,4,699,281,67,116,1,1,1
1086,3,1312,554,198,180,1,1,1
1086,4,699,281,67,116,1,1,1
1087,3,1356,587,198,180,1,1,1
1087,4,703,289,67,116,1,1,1
1088,3,1409,614,198,194,1,1,1
1088,4,713,296,67,116,1,1,1
1089,3,1409,614,198,194,1,1,1
1089,4,713,296,67,116,1,1,1
1090,3,1415,648,223,194,1,1,1
1090,4,720,311,71,116,1,1,1
1091,3,1472,694,223,194,1,1,1
1091,4,725,324,76,116,1,1,1
1092,3,1472,694,223,194,1,1,1
1092,4,725,324,76,116,1,1,1
1093,3,1483,722,223,194,1,1,1
1093,4,737,328,76,131,1,1,1
1094,3,1504,745,202,172,1,1,1
1094,4,753,340,76,131,1,1,1
1095,3,1504,745,202,172,1,1,1
1095,4,753,340,76,131,1,1,1
1096,3,1535,776,171,140,1,1,1
1096,4,762,352,88,131,1,1,1
1097,3,1535,776,116,100,1,1,1
1097,4,783,358,88,131,1,1,1
1098,3,1535,776,116,100,1,1,1
1098,4,783,358,88,131,1,1,1
1099,3,1535,776,116,100,1,1,1
1099,4,802,366,88,131,1,1,1
1100,3,1535,776,116,100,1,1,1
1100,4,822,356,88,152,1,1,1
1101,3,1568,791,83,86,1,1,1
1101,4,822,356,88,152,1,1,1
1102,4,836,365,97,152,1,1,1
1103,4,862,377,97,152,1,1,1
1104,4,862,377,97,152,1,1,1
1105,4,871,387,111,158,1,1,1
1106,4,900,407,111,158,1,1,1
1107,4,900,407,111,158,1,1,1
1108,4,929,415,111,179,1,1,1
1109,4,960,446,111,179,1,1,1
1110,4,960,446,111,179,1,1,1
1111,4,982,472,125,179,1,1,1
1112,4,1012,496,125,179,1,1,1
1113,4,1012,496,125,179,1,1,1
1114,4,1044,512,133,179,1,1,1
1115,4,1089,524,133,189,1,1,1
1116,4,1089,524,133,189,1,1,1
1117,4,1130,547,133,189,1,1,1
1118,4,1173,563,133,189,1,1,1
1119,4,1173,563,133,189,1,1,1
1120,4,1206,592,157,189,1,1,1
1121,4,1256,626,157,189,1,1,1
1122,4,1256,626,157,189,1,1,1
1123,4,1306,659,157,189,1,1,1
1124,4,1349,694,168,189,1,1,1
1125,4,1349,694,168,189,1,1,1
1126,4,1395,725,168,189,1,1,1
1127,4,1449,746,168,189,1,1,1
1128,4,1449,746,168,189,1,1,1
1129,4,1523,802,128,133,1,1,1
1130,4,1523,800,88,134,1,1,1
1131,4,1523,800,88,134,1,1,1
1132,4,1539,809,72,125,1,1,1
1133,4,1567,836,45,99,1,1,1
1134,4,1567,836,45,99,1,1,1
1135,4,1590,870,22,64,1,1,1
1136,5,793,198,11,35,1,1,1
1137,5,782,198,22,35,1,1,1
1138,5,772,186,33,55,1,1,1
1139,5,765,186,33,55,1,1,1
1140,5,765,186,33,55,1,1,1
1141,5,758,187,33,51,1,1,1
1142,5,758,185,33,51,1,1,1
1143,5,748,186,33,51,1,1,1
1144,5,737,186,43,51,1,1,1
1145,5,731,189,43,51,1,1,1
1146,5,731,189,43,51,1,1,1
1147,5,724,191,43,51,1,1,1
1148,5,716,194,43,51,1,1,1
1149,5,716,194,43,51,1,1,1
1150,5,716,197,43,51,1,1,1
1151,5,712,198,43,51,1,1,1
1152,5,712,198,43,51,1,1,1
1153,5,707,198,43,51,1,1,1
1154,5,709,195,43,51,1,1,1
1155,5,707,202,43,51,1,1,1
1156,5,707,195,43,51,1,1,1
1157,5,701,195,43,51,1,1,1
1158,5,701,195,43,51,1,1,1
1159,5,701,199,43,51,1,1,1
1160,5,701,199,43,51,1,1,1
1161,5,695,197,43,51,1,1,1
1162,5,695,202,43,51,1,1,1
1163,5,695,207,43,51,1,1,1
1164,5,692,209,43,51,1,1,1
1165,5,689,213,43,51,1,1,1
1166,5,684,214,43,51,1,1,1
1167,5,684,214,43,51,1,1,1
1168,5,684,214,43,51,1,1,1
1169,5,684,214,43,51,1,1,1
1170,5,683,214,43,51,1,1,1
1171,5,683,214,43,51,1,1,1
1172,5,683,214,43,51,1,1,1
1173,5,683,214,43,51,1,1,1
1174,5,686,217,43,51,1,1,1
1175,5,686,217,43,51,1,1,1
1176,5,686,222,43,51,1,1,1
1177,5,689,223,43,51,1,1,1
1178,5,695,226,43,51,1,1,1
1179,5,695,226,43,51,1,1,1
1180,5,699,227,43,51,1,1,1
1181,5,699,227,43,51,1,1,1
1182,5,699,227,43,51,1,1,1
1183,5,703,227,43,51,1,1,1
1184,5,704,227,43,51,1,1,1
1185,5,705,228,43,51,1,1,1
1186,5,706,228,43,51,1,1,1
1187,5,707,228,43,51,1,1,1
1188,5,708,228,43,51,1,1,1
1189,5,708,228,43,51,1,1,1
1190,5,709,230,43,51,1,1,1
1191,5,709,231,43,51,1,1,1
1192,5,710,232,43,51,1,1,1
1193,5,711,234,43,51,1,1,1
1194,5,711,234,43,51,1,1,1
1195,5,711,238,43,51,1,1,1
1196,5,709,242,43,51,1,1,1
1197,5,709,242,43,51,1,1,1
1198,5,708,246,46,59,1,1,1
1199,5,708,242,46,59,1,1,1
1200,5,708,248,46,59,1,1,1
1201,5,708,248,46,59,1,1,1
1202,5,707,250,46,59,1,1,1
1203,5,707,250,46,59,1,1,1
1204,5,705,254,46,59,1,1,1
1205,5,711,252,46,59,1,1,1
1206,5,711,252,46,59,1,1,1
1207,5,715,255,40,56,1,1,1
1208,5,720,258,34,54,1,1,1
1209,5,720,258,34,54,1,1,1
1210,5,720,258,31,39,1,1,1
1300,5,716,203,29,34,1,1,1
1301,5,713,199,29,43,1,1,1
1302,5,711,195,29,51,1,1,1
1303,5,711,195,29,51,1,1,1
1304,5,711,195,29,51,1,1,1
1305,5,711,194,29,51,1,1,1
1306,5,711,194,29,51,1,1,1
1307,5,711,194,29,51,1,1,1
1308,5,711,193,29,51,1,1,1
1309,5,711,193,29,51,1,1,1
1310,5,711,193,29,51,1,1,1
1311,5,708,194,29,51,1,1,1
1312,5,705,193,29,51,1,1,1
1313,5,703,193,31,51,1,1,1
1314,5,703,193,31,51,1,1,1
1315,5,701,193,31,51,1,1,1
1316,5,700,193,31,51,1,1,1
1317,5,700,193,31,51,1,1,1
1318,5,699,193,31,51,1,1,1
1319,5,698,193,31,51,1,1,1
1320,5,697,193,31,51,1,1,1
1321,5,697,193,31,51,1,1,1
1322,5,695,191,37,51,1,1,1
1323,5,695,191,37,51,1,1,1
1324,5,692,191,37,51,1,1,1
1325,5,687,191,37,51,1,1,1
1326,5,687,191,37,51,1,1,1
1327,5,684,194,37,51,1,1,1
1328,5,682,197,37,51,1,1,1
1329,5,679,199,37,51,1,1,1
1330,5,679,199,37,51,1,1,1
1331,5,683,199,37,51,1,1,1
1332,5,679,199,37,51,1,1,1
1333,5,672,199,43,52,1,1,1
1334,5,667,199,43,52,1,1,1
1335,5,667,199,43,52,1,1,1
1336,5,664,201,43,52,1,1,1
1337,5,663,199,43,52,1,1,1
1338,5,663,199,43,52,1,1,1
1339,5,659,199,43,52,1,1,1
1340,5,658,201,43,52,1,1,1
1341,5,658,205,43,52,1,1,1
1342,5,658,205,47,60,1,1,1
1343,5,654,202,47,60,1,1,1
1344,5,654,202,47,60,1,1,1
1345,5,655,217,47,60,1,1,1
1346,5,657,219,47,60,1,1,1
1347,5,659,221,47,60,1,1,1
1348,5,659,221,47,60,1,1,1
1349,5,659,222,47,60,1,1,1
1350,5,659,223,47,60,1,1,1
1351,5,659,224,47,60,1,1,1
1352,5,659,224,47,60,1,1,1
1353,5,659,224,47,60,1,1,1
1354,5,660,228,47,60,1,1,1
1355,5,662,232,47,60,1,1,1
1356,5,662,232,47,60,1,1,1
1357,5,662,242,47,60,1,1,1
1358,5,660,250,47,60,1,1,1
1359,5,660,250,47,60,1,1,1
1360,5,660,256,47,60,1,1,1
1361,5,660,256,49,60,1,1,1
1362,5,660,256,51,60,1,1,1
1363,5,660,256,53,60,1,1,1
1364,5,660,256,55,60,1,1,1
1365,5,660,256,55,60,1,1,1
1366,5,660,260,55,60,1,1,1
1367,5,667,263,55,60,1,1,1
1368,5,667,263,55,60,1,1,1
1369,5,670,272,60,66,1,1,1
1370,5,674,280,60,66,1,1,1
1371,5,674,280,60,66,1,1,1
1371,6,794,169,12,37,1,1,1
1372,5,679,289,60,66,1,1,1
1372,6,792,170,12,37,1,1,1
1373,5,683,289,60,66,1,1,1
1373,6,790,170,12,37,1,1,1
1374,5,691,295,60,66,1,1,1
1374,6,790,170,12,37,1,1,1
1375,5,699,300,60,66,1,1,1
1375,6,790,170,16,37,1,1,1
1376,5,708,301,60,75,1,1,1
1376,6,785,171,21,37,1,1,1
1377,5,708,301,60,75,1,1,1
1377,6,785,171,21,37,1,1,1
1378,5,713,303,60,75,1,1,1
1378,6,784,171,21,37,1,1,1
1379,5,716,303,66,75,1,1,1
1379,6,784,171,21,37,1,1,1
1380,5,716,303,66,75,1,1,1
1380,6,784,172,21,37,1,1,1
1381,5,721,316,66,75,1,1,1
1381,6,783,172,21,37,1,1,1
1382,5,729,332,66,75,1,1,1
1382,6,783,172,21,37,1,1,1
1383,5,729,332,66,75,1,1,1
1383,6,783,172,21,37,1,1,1
1384,5,736,348,66,75,1,1,1
1384,6,782,174,21,37,1,1,1
1385,5,736,348,68,79,1,1,1
1385,6,781,176,21,37,1,1,1
1386,5,742,359,68,79,1,1,1
1386,6,781,176,21,37,1,1,1
1387,5,750,367,76,82,1,1,1
1387,6,774,171,28,43,1,1,1
1388,5,757,373,76,82,1,1,1
1388,6,778,172,28,43,1,1,1
1389,5,757,373,76,82,1,1,1
1389,6,778,172,28,43,1,1,1
1390,5,766,371,79,93,1,1,1
1390,6,776,171,28,43,1,1,1
1391,5,777,377,79,93,1,1,1
1391,6,774,171,28,43,1,1,1
1392,5,777,377,79,93,1,1,1
1392,6,774,171,28,43,1,1,1
1393,5,782,382,88,97,1,1,1
1393,6,770,167,32,43,1,1,1
1394,5,785,385,88,97,1,1,1
1394,6,767,171,32,43,1,1,1
1395,5,801,395,88,97,1,1,1
1395,6,767,171,32,43,1,1,1
1396,5,819,411,88,97,1,1,1
1396,6,765,171,32,43,1,1,1
1397,5,819,411,88,101,1,1,1
1397,6,761,172,32,43,1,1,1
1398,5,836,432,97,111,1,1,1
1398,6,761,172,32,43,1,1,1
1399,5,862,452,97,111,1,1,1
1399,6,761,173,33,44,1,1,1
1400,5,892,469,97,111,1,1,1
1400,6,760,174,34,45,1,1,1
1401,5,892,469,97,111,1,1,1
1401,6,760,174,34,45,1,1,1
1402,5,921,477,100,123,1,1,1
1402,6,759,172,34,45,1,1,1
1403,5,949,496,113,125,1,1,1
1403,6,758,171,34,45,1,1,1
1404,5,949,496,113,125,1,1,1
1404,6,758,169,34,45,1,1,1
1405,5,985,513,119,145,1,1,1
1405,6,758,169,34,45,1,1,1
1406,5,1022,543,119,145,1,1,1
1406,6,758,163,34,45,1,1,1
1407,5,1022,543,119,145,1,1,1
1407,6,758,163,34,45,1,1,1
1408,5,1052,581,132,145,1,1,1
1408,6,761,162,34,45,1,1,1
1409,5,1089,624,141,145,1,1,1
1409,6,763,162,34,45,1,1,1
1410,5,1089,624,141,145,1,1,1
1410,6,763,162,34,45,1,1,1
1411,5,1124,661,141,145,1,1,1
1411,6,767,161,34,45,1,1,1
1412,5,1171,692,141,145,1,1,1
1412,6,770,160,34,45,1,1,1
1413,5,1171,692,141,145,1,1,1
1413,6,770,160,34,45,1,1,1
1414,5,1222,722,141,145,1,1,1
1414,6,770,160,34,45,1,1,1
1415,5,1269,750,141,145,1,1,1
1415,6,770,160,34,45,1,1,1
1416,5,1269,750,141,145,1,1,1
1416,6,770,160,34,45,1,1,1
1417,5,1334,780,141,145,1,1,1
1417,6,770,160,34,46,1,1,1
1418,5,1375,798,141,145,1,1,1
1418,6,770,160,34,46,1,1,1
1419,5,1375,798,141,145,1,1,1
1419,6,770,160,34,46,1,1,1
1420,5,1430,905,136,123,1,1,1
1420,6,770,160,34,46,1,1,1
1421,5,1464,921,136,123,1,1,1
1421,6,770,160,34,46,1,1,1
1422,5,1464,921,136,123,1,1,1
1422,6,771,160,33,46,1,1,1
1423,5,1464,921,91,88,1,1,1
1423,6,772,160,32,46,1,1,1
1424,5,1464,921,91,88,1,1,1
1424,6,772,160,32,46,1,1,1
1425,5,1464,921,91,88,1,1,1
1425,6,772,160,32,46,1,1,1
1426,5,1498,951,57,58,1,1,1
1426,6,772,160,32,46,1,1,1
1427,6,772,162,32,46,1,1,1
1428,6,772,162,32,46,1,1,1
1429,6,772,165,32,46,1,1,1
1430,6,772,167,32,46,1,1,1
1431,6,772,167,32,46,1,1,1
1432,6,772,169,32,46,1,1,1
1433,6,772,169,32,46,1,1,1
1434,6,770,169,32,46,1,1,1
1435,6,770,171,32,46,1,1,1
1436,6,770,172,32,46,1,1,1
1437,6,770,172,32,46,1,1,1
1438,6,769,174,34,50,1,1,1
1439,6,769,177,34,50,1,1,1
1440,6,769,180,34,50,1,1,1
1441,6,769,180,34,50,1,1,1
1442,6,769,180,34,50,1,1,1
1443,6,769,180,34,50,1,1,1
1444,6,767,181,34,50,1,1,1
1445,6,767,181,34,50,1,1,1
1446,6,769,187,34,50,1,1,1
1447,6,767,187,34,50,1,1,1
1448,6,767,183,34,50,1,1,1
1449,6,765,180,34,50,1,1,1
1450,6,765,180,36,54,1,1,1
1451,6,763,183,36,54,1,1,1
1452,6,763,183,36,54,1,1,1
1453,6,758,185,37,54,1,1,1
1454,6,756,185,37,54,1,1,1
1455,6,756,185,37,54,1,1,1
1456,6,751,190,37,54,1,1,1
1457,6,747,196,37,54,1,1,1
1458,6,747,196,37,54,1,1,1
1459,6,740,199,37,54,1,1,1
1460,6,733,198,37,54,1,1,1
1461,6,733,198,37,54,1,1,1
1462,6,727,198,37,54,1,1,1
1463,6,722,196,37,54,1,1,1
1464,6,722,196,37,54,1,1,1
1465,6,716,196,45,55,1,1,1
1466,6,716,192,45,55,1,1,1
1467,6,715,192,45,55,1,1,1
1468,6,713,199,45,55,1,1,1
1469,6,707,199,50,63,1,1,1
1470,6,707,199,50,63,1,1,1
1471,6,707,207,50,63,1,1,1
1472,6,706,208,50,63,1,1,1
1473,6,706,208,50,63,1,1,1
1474,6,706,210,50,63,1,1,1
1475,6,700,210,55,73,1,1,1
1476,6,700,210,55,73,1,1,1
1477,6,700,203,55,73,1,1,1
1478,6,700,203,55,73,1,1,1
1479,6,695,205,55,73,1,1,1
1480,6,695,210,55,73,1,1,1
1481,6,693,216,55,73,1,1,1
1482,6,693,216,55,73,1,1,1
1483,6,686,217,55,73,1,1,1
1484,6,684,221,55,73,1,1,1
1485,6,684,221,55,84,1,1,1
1486,6,682,230,55,84,1,1,1
1487,6,677,230,55,84,1,1,1
1488,6,668,235,63,89,1,1,1
1489,6,666,241,63,89,1,1,1
1490,6,657,244,63,89,1,1,1
1491,6,657,244,63,89,1,1,1
1492,6,656,243,63,93,1,1,1
1493,6,655,242,64,96,1,1,1
1494,6,654,240,65,99,1,1,1
1495,6,653,239,66,102,1,1,1
1496,6,653,239,66,102,1,1,1
1497,6,655,248,66,102,1,1,1
1498,6,653,253,66,102,1,1,1
1499,6,655,252,66,102,1,1,1
1500,6,659,264,66,102,1,1,1
1501,6,666,271,66,102,1,1,1
1502,6,661,271,72,113,1,1,1
1503,6,668,279,72,113,1,1,1
1504,6,677,288,72,113,1,1,1
1505,6,684,288,82,113,1,1,1
1506,6,684,288,82,113,1,1,1
1507,6,693,295,82,113,1,1,1
1508,6,693,295,82,113,1,1,1
1509,6,704,298,82,113,1,1,1
1510,6,715,307,82,113,1,1,1
1511,6,720,320,82,113,1,1,1
1512,6,720,320,82,113,1,1,1
1513,6,720,320,100,133,1,1,1
1514,6,733,336,100,133,1,1,1
1515,6,733,336,100,133,1,1,1
1516,6,743,347,100,133,1,1,1
1517,6,756,361,100,133,1,1,1
1518,6,756,361,100,133,1,1,1
1519,6,765,374,100,133,1,1,1
1520,6,779,378,100,133,1,1,1
1521,6,779,378,100,133,1,1,1
1522,6,796,387,100,133,1,1,1
1523,6,817,390,100,133,1,1,1
1524,6,817,390,100,133,1,1,1
1525,6,841,408,100,133,1,1,1
1526,6,837,412,100,133,1,1,1
1527,6,853,415,115,161,1,1,1
1528,6,884,437,115,161,1,1,1
1529,6,933,473,115,161,1,1,1
1530,6,933,473,115,161,1,1,1
1531,6,963,504,115,167,1,1,1
1532,6,1012,525,115,167,1,1,1
1533,6,1012,525,115,167,1,1,1
1534,6,1060,527,115,185,1,1,1
1535,6,1102,547,115,185,1,1,1
1536,6,1102,547,115,185,1,1,1
1537,6,1150,567,115,185,1,1,1
1538,6,1197,597,115,185,1,1,1
1539,6,1197,597,115,185,1,1,1
1540,6,1240,637,115,185,1,1,1
1541,6,1296,680,115,185,1,1,1
1542,6,1296,680,115,185,1,1,1
1543,6,1320,725,151,185,1,1,1
1544,6,1372,742,151,185,1,1,1
1545,6,1424,759,151,185,1,1,1
1546,6,1424,759,151,185,1,1,1
1547,6,1483,775,151,185,1,1,1
1548,6,1483,775,151,185,1,1,1
1549,6,1510,878,79,68,1,1,1
1550,6,1510,878,79,68,1,1,1
1551,6,1510,878,79,68,1,1,1
1552,6,1510,878,79,68,1,1,1
1553,6,1510,878,79,68,1,1,1
1554,6,1566,892,23,53,1,1,1
1565,7,785,172,21,30,1,1,1
1566,7,785,165,21,30,1,1,1
1567,7,785,165,21,30,1,1,1
1568,7,784,165,21,30,1,1,1
1569,7,784,165,21,30,1,1,1
1570,7,783,165,21,30,1,1,1
1571,7,783,165,21,30,1,1,1
1572,7,783,165,21,30,1,1,1
1573,7,778,163,30,35,1,1,1
1574,7,778,164,30,35,1,1,1
1575,7,778,164,30,35,1,1,1
1576,7,778,164,30,35,1,1,1
1577,7,778,164,30,35,1,1,1
1578,7,778,165,30,35,1,1,1
1579,7,778,165,30,35,1,1,1
1580,7,778,165,30,35,1,1,1
1581,7,774,163,30,35,1,1,1
1582,7,774,165,30,35,1,1,1
1583,7,772,167,30,35,1,1,1
1584,7,772,167,30,35,1,1,1
1585,7,763,169,41,39,1,1,1
1586,7,762,167,41,44,1,1,1
1587,7,761,165,41,50,1,1,1
1588,7,761,165,41,50,1,1,1
1589,7,756,165,41,50,1,1,1
1590,7,756,165,41,50,1,1,1
1591,7,756,162,41,53,1,1,1
1592,7,756,160,41,57,1,1,1
1593,7,756,160,41,57,1,1,1
1594,7,751,156,41,57,1,1,1
1595,7,747,156,41,57,1,1,1
1596,7,747,156,41,57,1,1,1
1597,7,742,153,41,57,1,1,1
1598,7,738,156,41,57,1,1,1
1599,7,738,156,41,57,1,1,1
1600,7,733,160,41,57,1,1,1
1601,7,729,163,41,57,1,1,1
1602,7,729,163,41,57,1,1,1
1603,7,715,160,52,70,1,1,1
1604,7,715,154,52,70,1,1,1
1605,7,713,162,52,70,1,1,1
1606,7,702,165,52,70,1,1,1
1607,7,700,165,52,70,1,1,1
1608,7,691,169,52,70,1,1,1
1609,7,679,176,52,70,1,1,1
1610,7,673,176,52,70,1,1,1
1611,7,673,176,52,70,1,1,1
1612,7,661,176,52,70,1,1,1
1613,7,657,181,52,70,1,1,1
1614,7,657,181,52,70,1,1,1
1615,7,652,178,52,70,1,1,1
1616,7,644,176,52,70,1,1,1
1617,7,644,176,52,70,1,1,1
1618,7,644,183,52,70,1,1,1
1619,7,643,190,52,70,1,1,1
1620,7,643,190,52,70,1,1,1
1621,7,644,193,52,70,1,1,1
1622,7,645,195,52,70,1,1,1
1623,7,646,198,52,70,1,1,1
1624,7,646,198,52,70,1,1,1
1625,7,652,198,52,70,1,1,1
1626,7,652,198,52,70,1,1,1
1627,7,655,201,52,70,1,1,1
1628,7,658,200,52,70,1,1,1
1629,7,661,199,52,70,1,1,1
1630,7,661,199,52,70,1,1,1
1631,7,657,199,55,70,1,1,1
1632,7,658,202,55,70,1,1,1
1633,7,660,205,55,70,1,1,1
1634,7,661,207,55,70,1,1,1
1635,7,662,210,55,70,1,1,1
1636,7,662,210,55,70,1,1,1
1637,7,662,217,55,70,1,1,1
1638,7,662,217,55,70,1,1,1
1639,7,662,217,61,80,1,1,1
1640,7,660,222,61,80,1,1,1
1641,7,657,226,61,80,1,1,1
1642,7,657,226,61,80,1,1,1
1643,7,657,232,61,80,1,1,1
1644,7,657,232,61,80,1,1,1
1645,7,653,234,61,80,1,1,1
1646,7,655,234,61,80,1,1,1
1647,7,655,234,61,80,1,1,1
1648,7,655,234,68,88,1,1,1
1649,7,661,232,68,88,1,1,1
1650,7,661,232,68,88,1,1,1
1651,7,668,235,68,88,1,1,1
1652,7,671,243,68,88,1,1,1
1653,7,671,243,68,88,1,1,1
1654,7,675,244,77,102,1,1,1
1655,7,689,252,77,102,1,1,1
1656,7,689,252,77,102,1,1,1
1657,7,700,259,77,102,1,1,1
1658,7,715,268,77,102,1,1,1
1659,7,715,268,77,102,1,1,1
1660,7,727,264,77,102,1,1,1
1661,7,740,270,77,102,1,1,1
1662,7,740,270,77,102,1,1,1
1663,7,752,270,77,102,1,1,1
1664,7,763,275,77,102,1,1,1
1665,7,763,275,77,102,1,1,1
1666,7,763,275,90,113,1,1,1
1667,7,772,286,90,113,1,1,1
1668,7,772,286,90,113,1,1,1
1669,7,778,298,90,113,1,1,1
1670,7,781,298,90,113,1,1,1
1671,7,785,313,97,113,1,1,1
1672,7,790,329,97,113,1,1,1
1673,7,790,329,97,124,1,1,1
1674,7,799,342,97,124,1,1,1
1675,7,803,354,97,124,1,1,1
1676,7,803,360,97,124,1,1,1
1677,7,798,369,109,124,1,1,1
1678,7,807,376,109,124,1,1,1
1679,7,807,376,109,131,1,1,1
1680,7,814,376,118,142,1,1,1
1681,7,826,381,118,142,1,1,1
1682,7,837,397,133,151,1,1,1
1683,7,837,397,133,151,1,1,1
1684,7,870,417,133,151,1,1,1
1685,7,864,417,133,151,1,1,1
1686,7,895,442,133,151,1,1,1
1687,7,925,466,142,167,1,1,1
1688,7,967,484,142,167,1,1,1
1689,7,967,484,142,167,1,1,1
1690,7,1003,514,154,167,1,1,1
1691,7,1046,536,176,167,1,1,1
1692,7,1046,536,176,167,1,1,1
1693,7,1111,556,176,167,1,1,1
1694,7,1174,577,176,167,1,1,1
1695,7,1174,577,176,167,1,1,1
1696,7,1228,604,176,167,1,1,1
1697,7,1278,630,176,167,1,1,1
1698,7,1278,630,176,167,1,1,1
1699,7,1332,649,176,183,1,1,1
1700,7,1359,678,196,183,1,1,1
1701,7,1359,678,196,183,1,1,1
1702,7,1415,702,196,183,1,1,1
1702,8,792,154,16,44,1,1,1
1703,7,1411,714,196,183,1,1,1
1703,8,792,147,16,44,1,1,1
1704,7,1456,759,196,183,1,1,1
1704,8,787,153,16,44,1,1,1
1705,7,1444,790,196,183,1,1,1
1705,8,772,154,27,44,1,1,1
1706,7,1444,873,196,133,1,1,1
1706,8,763,160,27,44,1,1,1
1707,7,1444,873,196,133,1,1,1
1707,8,763,160,27,44,1,1,1
1708,7,1487,873,91,133,1,1,1
1708,8,758,158,27,44,1,1,1
1709,7,1487,873,91,133,1,1,1
1709,8,752,156,34,44,1,1,1
1710,7,1487,873,91,133,1,1,1
1710,8,742,156,34,44,1,1,1
1711,7,1487,873,91,133,1,1,1
1711,8,734,156,34,44,1,1,1
1712,7,1487,873,91,133,1,1,1
1712,8,727,151,34,44,1,1,1
1713,7,1534,919,45,86,1,1,1
1713,8,727,151,34,44,1,1,1
1714,8,720,154,34,44,1,1,1
1715,8,716,160,34,44,1,1,1
1716,8,716,160,34,44,1,1,1
1717,8,711,162,34,44,1,1,1
1718,8,711,160,34,44,1,1,1
1719,8,709,167,34,44,1,1,1
1720,8,709,167,34,44,1,1,1
1721,8,706,165,34,44,1,1,1
1722,8,698,169,46,55,1,1,1
1723,8,697,165,46,55,1,1,1
1724,8,695,165,46,55,1,1,1
1725,8,694,165,46,55,1,1,1
1726,8,693,165,46,55,1,1,1
1727,8,691,165,46,55,1,1,1
1728,8,691,165,46,55,1,1,1
1729,8,686,169,46,55,1,1,1
1730,8,682,174,46,55,1,1,1
1731,8,682,174,46,55,1,1,1
1732,8,679,178,46,55,1,1,1
1733,8,673,185,46,55,1,1,1
1734,8,673,185,46,55,1,1,1
1735,8,668,190,46,55,1,1,1
1736,8,652,189,63,70,1,1,1
1737,8,652,189,63,70,1,1,1
1738,8,646,187,63,70,1,1,1
1739,8,650,183,63,70,1,1,1
1740,8,639,190,63,70,1,1,1
1741,8,637,187,63,70,1,1,1
1742,8,637,187,63,70,1,1,1
1743,8,637,192,63,70,1,1,1
1744,8,637,192,63,70,1,1,1
1745,8,641,198,63,70,1,1,1
1746,8,644,205,63,70,1,1,1
1747,8,644,205,63,70,1,1,1
1748,8,648,208,63,70,1,1,1
1749,8,652,212,63,70,1,1,1
1750,8,652,212,63,70,1,1,1
1751,8,653,214,63,70,1,1,1
1752,8,664,216,63,70,1,1,1
1753,8,675,217,63,70,1,1,1
1754,8,684,217,63,70,1,1,1
1755,8,684,217,63,70,1,1,1
1756,8,684,208,75,88,1,1,1
1757,8,689,208,75,88,1,1,1
1758,8,689,208,75,88,1,1,1
1759,8,697,210,75,88,1,1,1
1760,8,702,219,75,88,1,1,1
1761,8,702,219,75,88,1,1,1
1762,8,707,228,75,88,1,1,1
1763,8,711,244,75,88,1,1,1
1764,8,711,244,75,88,1,1,1
1765,8,711,250,75,88,1,1,1
1766,8,711,255,75,88,1,1,1
1767,8,711,261,75,88,1,1,1
1768,8,711,266,75,88,1,1,1
1769,8,713,268,75,106,1,1,1
1770,8,713,268,75,106,1,1,1
1771,8,716,266,75,106,1,1,1
1772,8,716,266,75,106,1,1,1
1773,8,727,279,75,106,1,1,1
1774,8,727,279,75,106,1,1,1
1775,8,734,291,75,106,1,1,1
1776,8,734,291,75,106,1,1,1
1777,8,733,293,93,127,1,1,1
1778,8,745,309,93,127,1,1,1
1779,8,745,309,93,127,1,1,1
1780,8,761,320,93,127,1,1,1
1781,8,778,340,93,127,1,1,1
1782,8,778,340,93,127,1,1,1
1783,8,796,347,97,127,1,1,1
1784,8,817,358,97,127,1,1,1
1785,8,817,358,97,127,1,1,1
1786,8,828,358,111,140,1,1,1
1787,8,843,365,111,154,1,1,1
1788,8,843,365,111,154,1,1,1
1789,8,864,376,111,154,1,1,1
1790,8,882,397,126,169,1,1,1
1791,8,882,397,126,169,1,1,1
1792,8,895,415,151,181,1,1,1
1793,8,925,435,151,181,1,1,1
1794,8,925,435,151,181,1,1,1
1795,8,967,460,151,181,1,1,1
1796,8,1012,491,151,181,1,1,1
1797,8,1012,491,151,181,1,1,1
1798,8,1062,507,162,208,1,1,1
1799,8,1051,487,174,219,1,1,1
1800,8,1105,518,187,230,1,1,1
1801,8,1179,554,187,230,1,1,1
1802,8,1240,590,187,230,1,1,1
1803,8,1240,590,187,230,1,1,1
1804,8,1314,624,187,230,1,1,1
1805,8,1366,689,221,230,1,1,1
1806,8,1366,689,221,230,1,1,1
1807,8,1433,727,221,230,1,1,1
1808,8,1472,739,182,217,1,1,1
1809,8,1510,752,144,205,1,1,1
1810,8,1510,752,144,205,1,1,1
1811,8,1510,752,144,205,1,1,1
1812,8,1561,784,46,136,1,1,1
1837,9,789,158,21,41,1,1,1
1838,9,785,165,21,41,1,1,1
1839,9,785,165,21,41,1,1,1
1840,9,783,171,21,41,1,1,1
1841,9,772,172,28,41,1,1,1
1842,9,772,172,28,41,1,1,1
1843,9,763,174,37,41,1,1,1
1844,9,763,174,37,41,1,1,1
1845,9,756,174,37,41,1,1,1
1846,9,751,174,37,41,1,1,1
1847,9,743,171,46,44,1,1,1
1848,9,743,171,46,44,1,1,1
1849,9,736,171,46,44,1,1,1
1850,9,729,169,46,44,1,1,1
1851,9,729,169,46,44,1,1,1
1852,9,724,169,46,44,1,1,1
1853,9,722,169,46,44,1,1,1
1854,9,716,174,46,44,1,1,1
1855,9,707,176,46,53,1,1,1
1856,9,702,178,46,53,1,1,1
1857,9,702,178,46,53,1,1,1
1858,9,691,183,46,53,1,1,1
1859,9,691,183,55,53,1,1,1
1860,9,684,185,55,53,1,1,1
1861,9,675,187,55,53,1,1,1
1862,9,666,187,55,53,1,1,1
1863,9,666,187,55,53,1,1,1
1864,9,659,189,55,53,1,1,1
1865,9,662,187,55,53,1,1,1
1866,9,653,187,55,53,1,1,1
1867,9,650,187,59,62,1,1,1
1868,9,650,187,59,62,1,1,1
1869,9,646,190,59,62,1,1,1
1870,9,646,190,59,62,1,1,1
1871,9,646,194,59,62,1,1,1
1872,9,644,199,59,62,1,1,1
1873,9,643,207,59,71,1,1,1
1874,9,643,208,59,71,1,1,1
1875,9,648,216,59,71,1,1,1
1876,9,648,216,59,71,1,1,1
1877,9,648,217,59,71,1,1,1
1878,9,648,217,59,71,1,1,1
1879,9,653,216,59,71,1,1,1
1880,9,646,216,66,73,1,1,1
1881,9,646,216,66,73,1,1,1
1882,9,653,216,66,73,1,1,1
1883,9,653,216,66,78,1,1,1
1884,9,653,216,66,82,1,1,1
1885,9,653,216,66,82,1,1,1
1886,9,653,225,66,82,1,1,1
1887,9,653,225,66,82,1,1,1
1888,9,653,235,66,82,1,1,1
1889,9,653,244,66,82,1,1,1
1890,9,653,244,66,82,1,1,1
1891,9,653,250,66,82,1,1,1
1892,9,648,250,77,86,1,1,1
1893,9,648,250,77,93,1,1,1
1894,9,650,253,77,93,1,1,1
1895,9,641,253,86,98,1,1,1
1896,9,643,255,86,98,1,1,1
1897,9,646,257,86,98,1,1,1
1898,9,648,259,86,98,1,1,1
1899,9,648,259,86,98,1,1,1
1900,9,650,266,86,98,1,1,1
1901,9,650,266,90,102,1,1,1
1902,9,650,268,99,115,1,1,1
1903,9,659,282,99,115,1,1,1
1904,9,668,298,99,115,1,1,1
1905,9,668,298,99,115,1,1,1
1906,9,686,309,99,124,1,1,1
1907,9,698,322,99,124,1,1,1
1908,9,698,322,99,124,1,1,1
1909,9,715,325,104,131,1,1,1
1910,9,731,333,104,131,1,1,1
1911,9,731,333,104,131,1,1,1
1912,9,742,331,117,140,1,1,1
1913,9,741,334,117,140,1,1,1
1914,9,758,338,117,140,1,1,1
1915,9,781,345,117,140,1,1,1
1916,9,792,351,126,152,1,1,1
1917,9,792,351,126,152,1,1,1
1918,9,819,365,131,162,1,1,1
1919,9,810,365,140,162,1,1,1
1920,9,834,383,147,171,1,1,1
1921,9,855,406,151,181,1,1,1
1922,9,877,435,151,181,1,1,1
1923,9,877,435,151,181,1,1,1
1924,9,897,462,165,181,1,1,1
1925,9,929,486,181,189,1,1,1
1926,9,929,486,181,189,1,1,1
1927,9,967,509,201,189,1,1,1
1928,9,1003,540,221,189,1,1,1
1929,9,1003,540,221,189,1,1,1
1930,9,1048,565,246,189,1,1,1
1931,9,1120,594,246,189,1,1,1
1932,9,1120,594,246,189,1,1,1
1933,9,1172,648,259,189,1,1,1
1934,9,1231,691,275,189,1,1,1
1935,9,1231,691,275,189,1,1,1
1936,9,1289,741,304,208,1,1,1
1937,9,1350,783,304,208,1,1,1
1938,9,1350,783,304,208,1,1,1
1939,9,1433,869,198,162,1,1,1
1940,9,1433,869,198,162,1,1,1
1941,9,1496,936,99,73,1,1,1
