4,5,765,170,40,48,0,-1,-1,-1,-1
4,6,1361,164,26,37,0,-1,-1,-1,-1
5,5,762,170,41,49,0,-1,-1,-1,-1
5,6,1361,164,27,37,0,-1,-1,-1,-1
6,5,758,170,42,50,0,-1,-1,-1,-1
6,6,1361,164,26,37,0,-1,-1,-1,-1
7,5,757,170,42,50,0,-1,-1,-1,-1
7,6,1361,165,26,36,0,-1,-1,-1,-1
8,5,754,172,43,49,0,-1,-1,-1,-1
8,6,1361,165,26,36,0,-1,-1,-1,-1
9,5,751,174,43,49,0,-1,-1,-1,-1
9,6,1361,165,26,36,0,-1,-1,-1,-1
10,5,750,174,43,50,0,-1,-1,-1,-1
10,6,1361,165,26,36,0,-1,-1,-1,-1
11,5,749,176,42,50,0,-1,-1,-1,-1
11,6,1361,165,26,36,0,-1,-1,-1,-1
12,5,748,177,43,51,0,-1,-1,-1,-1
12,6,1361,165,26,36,0,-1,-1,-1,-1
13,5,748,178,43,50,0,-1,-1,-1,-1
13,6,1361,165,26,36,0,-1,-1,-1,-1
14,5,748,179,43,51,0,-1,-1,-1,-1
14,6,1361,165,26,36,0,-1,-1,-1,-1
15,5,748,180,44,51,0,-1,-1,-1,-1
15,6,1361,165,25,36,0,-1,-1,-1,-1
16,5,748,180,44,52,0,-1,-1,-1,-1
16,6,1361,165,25,36,0,-1,-1,-1,-1
17,5,747,182,45,51,0,-1,-1,-1,-1
17,6,1360,165,26,36,0,-1,-1,-1,-1
18,5,746,184,44,51,0,-1,-1,-1,-1
18,6,1360,165,26,36,0,-1,-1,-1,-1
19,5,746,185,44,51,0,-1,-1,-1,-1
19,6,1360,165,26,36,0,-1,-1,-1,-1
20,5,744,187,45,51,0,-1,-1,-1,-1
20,6,1360,165,26,36,0,-1,-1,-1,-1
21,5,741,188,45,51,0,-1,-1,-1,-1
21,6,1361,165,25,36,0,-1,-1,-1,-1
22,5,740,188,45,51,0,-1,-1,-1,-1
22,6,1361,165,25,36,0,-1,-1,-1,-1
23,5,738,189,45,51,0,-1,-1,-1,-1
23,6,1361,165,25,36,0,-1,-1,-1,-1
24,5,734,190,46,52,0,-1,-1,-1,-1
24,6,1361,165,26,36,0,-1,-1,-1,-1
25,5,732,190,46,52,0,-1,-1,-1,-1
25,6,1361,165,26,36,0,-1,-1,-1,-1
26,5,729,192,46,52,0,-1,-1,-1,-1
26,6,1361,165,26,36,0,-1,-1,-1,-1
27,5,724,194,47,53,0,-1,-1,-1,-1
27,6,1361,165,26,36,0,-1,-1,-1,-1
28,5,723,195,47,54,0,-1,-1,-1,-1
28,6,1361,165,26,35,0,-1,-1,-1,-1
29,5,718,198,47,53,0,-1,-1,-1,-1
29,6,1361,165,26,35,0,-1,-1,-1,-1
30,5,711,201,48,54,0,-1,-1,-1,-1
30,6,1361,165,26,35,0,-1,-1,-1,-1
31,5,709,203,48,53,0,-1,-1,-1,-1
31,6,1361,165,26,35,0,-1,-1,-1,-1
32,5,702,204,48,54,0,-1,-1,-1,-1
32,6,1361,165,26,35,0,-1,-1,-1,-1
33,5,693,203,50,55,0,-1,-1,-1,-1
33,6,1362,165,25,36,0,-1,-1,-1,-1
34,5,690,202,50,56,0,-1,-1,-1,-1
34,6,1362,165,26,36,0,-1,-1,-1,-1
35,5,684,201,51,57,0,-1,-1,-1,-1
35,6,1362,165,26,36,0,-1,-1,-1,-1
36,5,677,199,52,59,0,-1,-1,-1,-1
36,6,1362,165,26,36,0,-1,-1,-1,-1
37,5,674,198,53,60,0,-1,-1,-1,-1
37,6,1362,165,26,36,0,-1,-1,-1,-1
38,5,671,198,53,59,0,-1,-1,-1,-1
38,6,1362,165,26,36,0,-1,-1,-1,-1
39,5,668,198,54,60,0,-1,-1,-1,-1
39,6,1362,165,26,36,0,-1,-1,-1,-1
40,5,667,198,55,60,0,-1,-1,-1,-1
40,6,1362,165,26,36,0,-1,-1,-1,-1
41,5,666,198,56,62,0,-1,-1,-1,-1
41,6,1362,165,26,36,0,-1,-1,-1,-1
42,5,666,201,55,61,0,-1,-1,-1,-1
42,6,1362,165,26,36,0,-1,-1,-1,-1
43,5,666,202,55,61,0,-1,-1,-1,-1
43,6,1362,165,26,36,0,-1,-1,-1,-1
44,5,666,205,56,62,0,-1,-1,-1,-1
44,6,1362,165,26,36,0,-1,-1,-1,-1
45,5,668,210,57,62,0,-1,-1,-1,-1
45,6,1362,165,26,36,0,-1,-1,-1,-1
46,5,669,212,56,62,0,-1,-1,-1,-1
46,6,1362,165,26,36,0,-1,-1,-1,-1
47,5,672,216,57,63,0,-1,-1,-1,-1
47,6,1362,165,26,36,0,-1,-1,-1,-1
48,5,676,219,59,65,0,-1,-1,-1,-1
48,6,1362,166,26,35,0,-1,-1,-1,-1
49,5,678,220,60,66,0,-1,-1,-1,-1
49,6,1362,166,26,35,0,-1,-1,-1,-1
50,5,683,222,60,66,0,-1,-1,-1,-1
50,6,1362,166,26,35,0,-1,-1,-1,-1
51,5,689,222,62,68,0,-1,-1,-1,-1
51,6,1362,166,26,35,0,-1,-1,-1,-1
52,5,692,223,62,68,0,-1,-1,-1,-1
52,6,1362,166,26,35,0,-1,-1,-1,-1
53,5,697,223,62,69,0,-1,-1,-1,-1
53,6,1362,166,25,35,0,-1,-1,-1,-1
54,5,701,221,65,72,0,-1,-1,-1,-1
54,6,1362,166,25,35,0,-1,-1,-1,-1
55,5,703,221,65,72,0,-1,-1,-1,-1
55,6,1362,166,25,35,0,-1,-1,-1,-1
56,5,706,222,65,72,0,-1,-1,-1,-1
56,6,1362,166,25,35,0,-1,-1,-1,-1
57,5,709,223,65,72,0,-1,-1,-1,-1
57,6,1362,165,26,36,0,-1,-1,-1,-1
58,5,709,223,66,73,0,-1,-1,-1,-1
58,6,1362,165,26,36,0,-1,-1,-1,-1
59,5,710,224,67,74,0,-1,-1,-1,-1
59,6,1363,165,25,36,0,-1,-1,-1,-1
60,5,711,226,70,77,0,-1,-1,-1,-1
60,6,1363,164,26,37,0,-1,-1,-1,-1
61,5,712,227,70,77,0,-1,-1,-1,-1
61,6,1363,164,26,37,0,-1,-1,-1,-1
62,5,713,230,72,80,0,-1,-1,-1,-1
62,6,1362,163,27,38,0,-1,-1,-1,-1
63,5,716,239,73,80,0,-1,-1,-1,-1
63,6,1362,163,27,38,0,-1,-1,-1,-1
64,5,717,242,73,80,0,-1,-1,-1,-1
64,6,1362,163,27,38,0,-1,-1,-1,-1
65,5,719,248,73,82,0,-1,-1,-1,-1
65,6,1362,162,27,39,0,-1,-1,-1,-1
66,5,720,256,75,82,0,-1,-1,-1,-1
66,6,1362,163,26,38,0,-1,-1,-1,-1
67,5,721,259,74,82,0,-1,-1,-1,-1
67,6,1362,163,26,38,0,-1,-1,-1,-1
68,5,721,261,77,86,0,-1,-1,-1,-1
68,6,1362,163,26,38,0,-1,-1,-1,-1
69,5,721,262,79,89,0,-1,-1,-1,-1
69,6,1362,163,26,38,0,-1,-1,-1,-1
70,5,721,262,80,90,0,-1,-1,-1,-1
70,6,1362,162,26,39,0,-1,-1,-1,-1
71,5,721,264,82,91,0,-1,-1,-1,-1
71,6,1362,163,26,38,0,-1,-1,-1,-1
72,5,722,266,84,93,0,-1,-1,-1,-1
72,6,1362,162,27,39,0,-1,-1,-1,-1
73,5,723,267,84,94,0,-1,-1,-1,-1
73,6,1362,162,27,39,0,-1,-1,-1,-1
74,5,727,270,85,95,0,-1,-1,-1,-1
74,6,1363,161,26,40,0,-1,-1,-1,-1
75,5,733,274,87,97,0,-1,-1,-1,-1
75,6,1363,160,27,41,0,-1,-1,-1,-1
76,5,735,276,88,98,0,-1,-1,-1,-1
76,6,1363,159,27,43,0,-1,-1,-1,-1
77,5,741,282,88,98,0,-1,-1,-1,-1
77,6,1363,159,28,43,0,-1,-1,-1,-1
78,5,749,292,89,98,0,-1,-1,-1,-1
78,6,1363,159,28,42,0,-1,-1,-1,-1
79,5,752,295,90,99,0,-1,-1,-1,-1
79,6,1363,159,28,42,0,-1,-1,-1,-1
80,5,758,300,94,105,0,-1,-1,-1,-1
80,6,1363,159,27,43,0,-1,-1,-1,-1
81,5,769,312,96,107,0,-1,-1,-1,-1
81,6,1363,159,27,43,0,-1,-1,-1,-1
82,5,773,316,97,108,0,-1,-1,-1,-1
82,6,1363,159,27,43,0,-1,-1,-1,-1
83,5,785,328,97,107,0,-1,-1,-1,-1
83,6,1363,159,27,43,0,-1,-1,-1,-1
84,5,801,339,99,109,0,-1,-1,-1,-1
84,6,1363,160,27,42,0,-1,-1,-1,-1
85,5,807,343,100,110,0,-1,-1,-1,-1
85,6,1363,160,27,42,0,-1,-1,-1,-1
86,5,822,351,101,109,0,-1,-1,-1,-1
86,6,1364,160,27,42,0,-1,-1,-1,-1
87,5,839,357,104,113,0,-1,-1,-1,-1
87,6,1364,160,27,42,0,-1,-1,-1,-1
88,5,846,359,105,114,0,-1,-1,-1,-1
88,6,1364,160,27,42,0,-1,-1,-1,-1
89,5,857,361,110,118,0,-1,-1,-1,-1
89,6,1364,161,27,41,0,-1,-1,-1,-1
90,5,870,362,116,124,0,-1,-1,-1,-1
90,6,1364,161,26,40,0,-1,-1,-1,-1
91,5,875,362,118,127,0,-1,-1,-1,-1
91,6,1363,161,26,40,0,-1,-1,-1,-1
92,5,885,362,125,136,0,-1,-1,-1,-1
92,6,1363,162,26,39,0,-1,-1,-1,-1
93,5,899,367,131,144,0,-1,-1,-1,-1
93,6,1363,162,25,39,0,-1,-1,-1,-1
94,5,905,369,133,147,0,-1,-1,-1,-1
94,6,1363,162,25,39,0,-1,-1,-1,-1
95,5,921,382,136,151,0,-1,-1,-1,-1
95,6,1363,162,25,39,0,-1,-1,-1,-1
96,5,944,399,141,157,0,-1,-1,-1,-1
96,6,1363,162,25,39,0,-1,-1,-1,-1
97,5,952,406,143,159,0,-1,-1,-1,-1
97,6,1363,161,25,40,0,-1,-1,-1,-1
98,5,971,421,148,166,0,-1,-1,-1,-1
98,6,1363,160,26,41,0,-1,-1,-1,-1
99,5,996,439,153,175,0,-1,-1,-1,-1
100,5,1006,447,155,177,0,-1,-1,-1,-1
101,5,1028,462,156,182,0,-1,-1,-1,-1
102,5,1057,480,161,187,0,-1,-1,-1,-1
103,5,1068,487,162,188,0,-1,-1,-1,-1
104,5,1099,498,166,193,0,-1,-1,-1,-1
105,5,1142,518,166,194,0,-1,-1,-1,-1
106,5,1158,526,166,194,0,-1,-1,-1,-1
107,5,1192,538,170,199,0,-1,-1,-1,-1
108,5,1240,556,173,203,0,-1,-1,-1,-1
109,5,1258,562,173,205,0,-1,-1,-1,-1
110,5,1302,588,167,199,0,-1,-1,-1,-1
111,5,1355,624,162,192,0,-1,-1,-1,-1
112,5,1375,637,158,189,0,-1,-1,-1,-1
113,5,1418,661,158,190,0,-1,-1,-1,-1
963,65,778,144,29,42,0,-1,-1,-1,-1
964,65,777,144,30,42,0,-1,-1,-1,-1
965,65,774,143,31,44,0,-1,-1,-1,-1
966,65,769,143,32,45,0,-1,-1,-1,-1
967,65,767,143,33,45,0,-1,-1,-1,-1
968,65,764,145,32,44,0,-1,-1,-1,-1
969,65,759,146,33,46,0,-1,-1,-1,-1
970,65,757,147,34,45,0,-1,-1,-1,-1
971,65,754,149,35,45,0,-1,-1,-1,-1
972,65,750,151,35,46,0,-1,-1,-1,-1
973,65,749,152,35,46,0,-1,-1,-1,-1
974,65,746,154,36,46,0,-1,-1,-1,-1
975,65,742,156,36,46,0,-1,-1,-1,-1
976,65,741,157,36,46,0,-1,-1,-1,-1
977,65,738,157,37,46,0,-1,-1,-1,-1
978,65,735,156,38,47,0,-1,-1,-1,-1
979,65,734,156,38,47,0,-1,-1,-1,-1
980,65,731,156,39,48,0,-1,-1,-1,-1
981,65,727,156,40,48,0,-1,-1,-1,-1
982,65,725,156,41,48,0,-1,-1,-1,-1
983,65,722,156,41,49,0,-1,-1,-1,-1
984,65,719,157,42,50,0,-1,-1,-1,-1
985,65,718,157,42,50,0,-1,-1,-1,-1
986,65,715,158,43,51,0,-1,-1,-1,-1
987,65,711,159,44,52,0,-1,-1,-1,-1
988,65,710,160,43,52,0,-1,-1,-1,-1
989,65,706,161,45,52,0,-1,-1,-1,-1
990,65,702,162,46,54,0,-1,-1,-1,-1
991,65,701,163,46,54,0,-1,-1,-1,-1
992,65,697,165,46,54,0,-1,-1,-1,-1
993,65,691,165,47,55,0,-1,-1,-1,-1
994,65,689,165,47,56,0,-1,-1,-1,-1
995,65,685,164,48,56,0,-1,-1,-1,-1
996,65,681,162,47,57,0,-1,-1,-1,-1
997,65,679,162,48,56,0,-1,-1,-1,-1
998,65,675,161,49,57,0,-1,-1,-1,-1
999,65,672,160,49,58,0,-1,-1,-1,-1
1000,65,671,160,49,58,0,-1,-1,-1,-1
1001,65,668,160,51,59,0,-1,-1,-1,-1
1002,65,667,161,50,60,0,-1,-1,-1,-1
1003,65,666,162,51,60,0,-1,-1,-1,-1
1004,65,666,163,51,61,0,-1,-1,-1,-1
1005,65,664,164,54,64,0,-1,-1,-1,-1
1006,65,664,165,54,65,0,-1,-1,-1,-1
1007,65,665,169,54,64,0,-1,-1,-1,-1
1008,65,666,173,55,65,0,-1,-1,-1,-1
1009,65,667,175,54,65,0,-1,-1,-1,-1
1010,65,669,177,54,65,0,-1,-1,-1,-1
1011,65,671,178,55,66,0,-1,-1,-1,-1
1012,65,672,178,55,66,0,-1,-1,-1,-1
1013,65,672,177,57,68,0,-1,-1,-1,-1
1014,65,673,177,57,68,0,-1,-1,-1,-1
1015,65,673,176,57,69,0,-1,-1,-1,-1
1016,65,673,176,57,69,0,-1,-1,-1,-1
1017,65,673,177,57,69,0,-1,-1,-1,-1
1018,65,673,177,57,69,0,-1,-1,-1,-1
1019,65,671,178,60,71,0,-1,-1,-1,-1
1020,65,669,181,61,72,0,-1,-1,-1,-1
1021,65,669,182,61,73,0,-1,-1,-1,-1
1022,65,667,186,62,74,0,-1,-1,-1,-1
1023,65,665,192,62,75,0,-1,-1,-1,-1
1024,65,664,194,63,75,0,-1,-1,-1,-1
1025,65,662,199,63,76,0,-1,-1,-1,-1
1026,65,659,204,65,77,0,-1,-1,-1,-1
1027,65,658,206,65,77,0,-1,-1,-1,-1
1028,65,656,206,66,78,0,-1,-1,-1,-1
1029,65,654,204,67,81,0,-1,-1,-1,-1
1029,72,594,138,13,40,0,-1,-1,-1,-1
1030,65,653,203,68,82,0,-1,-1,-1,-1
1030,72,594,138,13,40,0,-1,-1,-1,-1
1031,65,652,202,70,83,0,-1,-1,-1,-1
1031,72,595,138,14,40,0,-1,-1,-1,-1
1032,65,654,202,69,83,0,-1,-1,-1,-1
1032,72,596,138,14,40,0,-1,-1,-1,-1
1033,65,654,202,69,82,0,-1,-1,-1,-1
1033,72,596,138,15,40,0,-1,-1,-1,-1
1034,65,655,201,72,85,0,-1,-1,-1,-1
1034,72,597,138,15,41,0,-1,-1,-1,-1
1035,65,658,202,74,88,0,-1,-1,-1,-1
1035,72,598,138,17,41,0,-1,-1,-1,-1
1036,65,659,203,75,89,0,-1,-1,-1,-1
1036,72,598,138,18,41,0,-1,-1,-1,-1
1037,65,662,207,76,90,0,-1,-1,-1,-1
1037,72,600,137,18,42,0,-1,-1,-1,-1
1038,65,667,214,78,92,0,-1,-1,-1,-1
1038,72,601,137,19,41,0,-1,-1,-1,-1
1039,65,669,216,78,93,0,-1,-1,-1,-1
1039,72,602,137,20,41,0,-1,-1,-1,-1
1040,65,674,222,81,95,0,-1,-1,-1,-1
1040,72,604,137,21,42,0,-1,-1,-1,-1
1041,65,682,230,82,96,0,-1,-1,-1,-1
1041,72,606,137,21,42,0,-1,-1,-1,-1
1042,65,685,233,82,97,0,-1,-1,-1,-1
1042,72,606,137,22,42,0,-1,-1,-1,-1
1043,65,693,240,82,96,0,-1,-1,-1,-1
1043,72,607,138,23,41,0,-1,-1,-1,-1
1044,65,705,245,82,95,0,-1,-1,-1,-1
1044,72,608,139,23,40,0,-1,-1,-1,-1
1045,65,709,247,82,95,0,-1,-1,-1,-1
1045,72,608,139,24,41,0,-1,-1,-1,-1
1046,65,716,247,85,97,0,-1,-1,-1,-1
1046,72,608,139,24,41,0,-1,-1,-1,-1
1047,65,725,248,87,99,0,-1,-1,-1,-1
1047,72,608,139,25,42,0,-1,-1,-1,-1
1048,65,728,248,88,100,0,-1,-1,-1,-1
1048,72,608,139,25,42,0,-1,-1,-1,-1
1049,65,734,248,90,102,0,-1,-1,-1,-1
1049,72,607,140,26,41,0,-1,-1,-1,-1
1050,65,742,248,93,106,0,-1,-1,-1,-1
1050,72,607,140,27,41,0,-1,-1,-1,-1
1051,65,744,248,95,107,0,-1,-1,-1,-1
1051,72,607,140,27,42,0,-1,-1,-1,-1
1052,65,748,249,99,112,0,-1,-1,-1,-1
1052,72,607,140,28,42,0,-1,-1,-1,-1
1053,65,753,254,105,119,0,-1,-1,-1,-1
1053,72,608,141,28,42,0,-1,-1,-1,-1
1054,65,756,256,105,121,0,-1,-1,-1,-1
1054,72,608,141,28,42,0,-1,-1,-1,-1
1055,65,762,267,105,120,0,-1,-1,-1,-1
1055,72,608,142,29,41,0,-1,-1,-1,-1
1056,65,768,279,107,122,0,-1,-1,-1,-1
1056,72,609,142,29,41,0,-1,-1,-1,-1
1057,65,771,283,107,124,0,-1,-1,-1,-1
1057,72,610,143,29,40,0,-1,-1,-1,-1
1058,65,775,294,111,127,0,-1,-1,-1,-1
1058,72,611,143,29,41,0,-1,-1,-1,-1
1059,65,781,303,113,130,0,-1,-1,-1,-1
1059,72,612,144,29,41,0,-1,-1,-1,-1
1060,65,784,306,113,131,0,-1,-1,-1,-1
1060,72,612,144,30,41,0,-1,-1,-1,-1
1061,65,791,314,112,129,0,-1,-1,-1,-1
1061,72,613,144,30,41,0,-1,-1,-1,-1
1062,65,800,317,115,132,0,-1,-1,-1,-1
1062,72,614,144,30,42,0,-1,-1,-1,-1
1063,65,803,318,116,133,0,-1,-1,-1,-1
1063,72,614,144,31,42,0,-1,-1,-1,-1
1064,65,810,315,123,141,0,-1,-1,-1,-1
1064,72,615,145,31,41,0,-1,-1,-1,-1
1065,65,823,315,127,146,0,-1,-1,-1,-1
1065,72,617,145,31,41,0,-1,-1,-1,-1
1066,65,828,315,129,148,0,-1,-1,-1,-1
1066,72,618,145,31,41,0,-1,-1,-1,-1
1067,65,841,313,135,155,0,-1,-1,-1,-1
1067,72,619,144,31,42,0,-1,-1,-1,-1
1068,65,859,318,140,161,0,-1,-1,-1,-1
1068,72,620,144,32,41,0,-1,-1,-1,-1
1069,65,866,320,142,163,0,-1,-1,-1,-1
1069,72,620,144,32,41,0,-1,-1,-1,-1
1070,65,885,332,145,166,0,-1,-1,-1,-1
1070,72,621,143,32,42,0,-1,-1,-1,-1
1071,65,909,348,151,174,0,-1,-1,-1,-1
1071,72,623,143,32,42,0,-1,-1,-1,-1
1072,65,919,355,153,175,0,-1,-1,-1,-1
1072,72,624,143,32,42,0,-1,-1,-1,-1
1073,65,945,374,156,178,0,-1,-1,-1,-1
1073,72,625,143,31,41,0,-1,-1,-1,-1
1074,65,983,399,161,183,0,-1,-1,-1,-1
1074,72,625,143,32,41,0,-1,-1,-1,-1
1075,65,998,408,162,185,0,-1,-1,-1,-1
1075,72,626,143,31,41,0,-1,-1,-1,-1
1076,65,1035,431,160,181,0,-1,-1,-1,-1
1076,72,626,143,31,40,0,-1,-1,-1,-1
1077,65,1073,437,169,192,0,-1,-1,-1,-1
1077,72,626,142,32,41,0,-1,-1,-1,-1
1078,65,1087,439,172,196,0,-1,-1,-1,-1
1078,72,627,142,31,41,0,-1,-1,-1,-1
1079,65,1124,454,169,192,0,-1,-1,-1,-1
1079,72,627,142,32,41,0,-1,-1,-1,-1
1080,65,1166,453,184,209,0,-1,-1,-1,-1
1080,72,628,142,32,41,0,-1,-1,-1,-1
1081,65,1181,454,190,214,0,-1,-1,-1,-1
1081,72,628,141,33,42,0,-1,-1,-1,-1
1082,65,1212,461,195,220,0,-1,-1,-1,-1
1082,72,629,141,32,42,0,-1,-1,-1,-1
1083,65,1251,478,199,225,0,-1,-1,-1,-1
1083,72,630,141,32,42,0,-1,-1,-1,-1
1084,65,1265,484,201,228,0,-1,-1,-1,-1
1084,72,630,141,32,42,0,-1,-1,-1,-1
1085,65,1299,503,204,231,0,-1,-1,-1,-1
1085,72,630,141,32,42,0,-1,-1,-1,-1
1086,65,1338,534,204,231,0,-1,-1,-1,-1
1086,72,630,142,32,41,0,-1,-1,-1,-1
1087,65,1352,546,204,231,0,-1,-1,-1,-1
1087,72,631,142,31,41,0,-1,-1,-1,-1
1088,65,1381,574,205,232,0,-1,-1,-1,-1
1088,72,631,142,32,41,0,-1,-1,-1,-1
1089,65,1418,600,211,242,0,-1,-1,-1,-1
1089,72,631,142,32,41,0,-1,-1,-1,-1
1090,65,1431,610,213,245,0,-1,-1,-1,-1
1090,72,632,142,31,41,0,-1,-1,-1,-1
1091,65,1467,642,215,247,0,-1,-1,-1,-1
1091,72,633,142,31,41,0,-1,-1,-1,-1
1092,65,1501,657,230,266,0,-1,-1,-1,-1
1092,72,633,141,32,41,0,-1,-1,-1,-1
1093,65,1514,663,234,272,0,-1,-1,-1,-1
1093,72,634,141,32,41,0,-1,-1,-1,-1
1094,72,634,140,33,42,0,-1,-1,-1,-1
1095,72,636,140,32,41,0,-1,-1,-1,-1
1096,72,637,140,31,41,0,-1,-1,-1,-1
1097,72,638,139,31,41,0,-1,-1,-1,-1
1098,72,639,139,32,41,0,-1,-1,-1,-1
1099,72,640,139,31,40,0,-1,-1,-1,-1
1100,72,641,139,31,40,0,-1,-1,-1,-1
1101,72,642,139,31,40,0,-1,-1,-1,-1
1102,72,642,138,32,41,0,-1,-1,-1,-1
1103,72,643,138,31,41,0,-1,-1,-1,-1
1104,72,643,138,32,40,0,-1,-1,-1,-1
1105,72,644,138,31,40,0,-1,-1,-1,-1
1106,72,644,137,32,41,0,-1,-1,-1,-1
1107,72,644,137,32,41,0,-1,-1,-1,-1
1108,72,645,137,31,41,0,-1,-1,-1,-1
1109,72,645,137,31,41,0,-1,-1,-1,-1
1110,72,645,137,32,41,0,-1,-1,-1,-1
1111,72,645,137,32,41,0,-1,-1,-1,-1
1112,72,645,137,32,41,0,-1,-1,-1,-1
1113,72,645,137,32,41,0,-1,-1,-1,-1
1114,72,645,137,32,40,0,-1,-1,-1,-1
1115,72,646,137,31,40,0,-1,-1,-1,-1
1116,72,646,137,31,40,0,-1,-1,-1,-1
1117,72,646,137,31,40,0,-1,-1,-1,-1
1118,72,646,137,31,40,0,-1,-1,-1,-1
1119,72,647,136,31,42,0,-1,-1,-1,-1
1120,72,647,136,31,42,0,-1,-1,-1,-1
1121,72,647,136,32,42,0,-1,-1,-1,-1
1122,72,648,136,32,42,0,-1,-1,-1,-1
1123,72,648,136,32,42,0,-1,-1,-1,-1
1124,72,649,136,31,42,0,-1,-1,-1,-1
1125,72,649,136,32,42,0,-1,-1,-1,-1
1126,72,650,136,31,42,0,-1,-1,-1,-1
1127,72,650,136,32,42,0,-1,-1,-1,-1
1128,72,652,136,31,41,0,-1,-1,-1,-1
1129,72,652,136,31,41,0,-1,-1,-1,-1
1130,72,653,135,31,42,0,-1,-1,-1,-1
1131,72,655,135,31,42,0,-1,-1,-1,-1
1132,72,655,135,31,42,0,-1,-1,-1,-1
1133,72,657,135,30,42,0,-1,-1,-1,-1
1134,72,659,136,30,41,0,-1,-1,-1,-1
1135,72,659,136,31,41,0,-1,-1,-1,-1
1136,72,661,136,31,42,0,-1,-1,-1,-1
1137,72,663,136,31,42,0,-1,-1,-1,-1
1138,72,664,136,30,42,0,-1,-1,-1,-1
1138,77,774,193,35,42,0,-1,-1,-1,-1
1139,72,666,136,30,42,0,-1,-1,-1,-1
1139,77,767,192,33,39,0,-1,-1,-1,-1
1140,72,667,137,30,41,0,-1,-1,-1,-1
1140,77,759,190,32,39,0,-1,-1,-1,-1
1141,72,668,137,30,41,0,-1,-1,-1,-1
1141,77,757,190,32,38,0,-1,-1,-1,-1
1142,72,670,137,29,41,0,-1,-1,-1,-1
1142,77,749,188,33,39,0,-1,-1,-1,-1
1143,72,671,136,30,42,0,-1,-1,-1,-1
1143,77,744,189,32,39,0,-1,-1,-1,-1
1144,72,672,136,30,42,0,-1,-1,-1,-1
1144,77,742,190,33,39,0,-1,-1,-1,-1
1145,72,673,137,30,41,0,-1,-1,-1,-1
1145,77,736,191,33,39,0,-1,-1,-1,-1
1146,72,675,137,30,41,0,-1,-1,-1,-1
1146,77,728,194,34,40,0,-1,-1,-1,-1
1147,72,676,137,29,41,0,-1,-1,-1,-1
1147,77,726,195,34,41,0,-1,-1,-1,-1
1148,72,677,138,29,40,0,-1,-1,-1,-1
1148,77,721,199,35,41,0,-1,-1,-1,-1
1149,72,678,137,29,41,0,-1,-1,-1,-1
1149,77,718,201,35,41,0,-1,-1,-1,-1
1150,72,678,137,29,41,0,-1,-1,-1,-1
1150,77,717,202,35,41,0,-1,-1,-1,-1
1151,72,680,137,29,41,0,-1,-1,-1,-1
1151,77,714,203,36,41,0,-1,-1,-1,-1
1152,72,681,137,29,40,0,-1,-1,-1,-1
1152,77,712,203,37,42,0,-1,-1,-1,-1
1153,72,682,136,28,41,0,-1,-1,-1,-1
1153,77,711,203,37,43,0,-1,-1,-1,-1
1154,72,683,136,28,40,0,-1,-1,-1,-1
1154,77,709,202,38,44,0,-1,-1,-1,-1
1155,72,684,136,28,40,0,-1,-1,-1,-1
1155,77,706,201,39,45,0,-1,-1,-1,-1
1156,72,684,136,28,40,0,-1,-1,-1,-1
1156,77,705,200,39,45,0,-1,-1,-1,-1
1157,72,686,136,27,39,0,-1,-1,-1,-1
1157,77,703,200,40,45,0,-1,-1,-1,-1
1158,72,687,136,27,39,0,-1,-1,-1,-1
1158,77,700,200,40,47,0,-1,-1,-1,-1
1159,72,687,136,28,39,0,-1,-1,-1,-1
1159,77,699,200,41,47,0,-1,-1,-1,-1
1160,72,688,136,27,39,0,-1,-1,-1,-1
1160,77,698,202,40,47,0,-1,-1,-1,-1
1161,72,689,136,27,40,0,-1,-1,-1,-1
1161,77,696,206,40,46,0,-1,-1,-1,-1
1162,72,690,136,27,40,0,-1,-1,-1,-1
1162,77,695,207,40,46,0,-1,-1,-1,-1
1162,79,581,145,16,37,0,-1,-1,-1,-1
1163,72,691,137,26,39,0,-1,-1,-1,-1
1163,77,693,210,40,47,0,-1,-1,-1,-1
1163,79,583,147,15,35,0,-1,-1,-1,-1
1164,72,692,137,26,39,0,-1,-1,-1,-1
1164,77,690,212,41,48,0,-1,-1,-1,-1
1164,79,585,145,15,35,0,-1,-1,-1,-1
1164,80,88,207,25,39,0,-1,-1,-1,-1
1165,72,693,137,26,39,0,-1,-1,-1,-1
1165,77,688,213,42,49,0,-1,-1,-1,-1
1165,79,586,144,15,36,0,-1,-1,-1,-1
1165,80,88,206,25,39,0,-1,-1,-1,-1
1166,72,694,138,26,38,0,-1,-1,-1,-1
1166,77,686,214,41,48,0,-1,-1,-1,-1
1166,79,587,144,16,35,0,-1,-1,-1,-1
1166,80,85,208,25,38,0,-1,-1,-1,-1
1167,72,695,138,26,39,0,-1,-1,-1,-1
1167,77,684,214,41,48,0,-1,-1,-1,-1
1167,79,588,144,16,36,0,-1,-1,-1,-1
1167,80,83,209,24,38,0,-1,-1,-1,-1
1168,72,696,138,25,40,0,-1,-1,-1,-1
1168,77,683,214,41,48,0,-1,-1,-1,-1
1168,79,588,144,17,36,0,-1,-1,-1,-1
1168,80,82,209,25,39,0,-1,-1,-1,-1
1169,72,697,139,25,39,0,-1,-1,-1,-1
1169,77,682,214,41,49,0,-1,-1,-1,-1
1169,79,589,143,19,38,0,-1,-1,-1,-1
1169,80,80,211,25,38,0,-1,-1,-1,-1
1170,72,698,140,24,38,0,-1,-1,-1,-1
1170,77,682,214,41,49,0,-1,-1,-1,-1
1170,79,589,144,20,37,0,-1,-1,-1,-1
1170,80,79,212,25,38,0,-1,-1,-1,-1
1171,72,698,140,24,38,0,-1,-1,-1,-1
1171,77,682,214,41,49,0,-1,-1,-1,-1
1171,79,589,144,21,38,0,-1,-1,-1,-1
1171,80,78,213,25,37,0,-1,-1,-1,-1
1172,72,698,141,24,37,0,-1,-1,-1,-1
1172,77,682,214,41,50,0,-1,-1,-1,-1
1172,79,590,144,22,38,0,-1,-1,-1,-1
1172,80,77,213,26,37,0,-1,-1,-1,-1
1173,72,699,141,23,37,0,-1,-1,-1,-1
1173,77,684,215,41,50,0,-1,-1,-1,-1
1173,79,591,144,23,38,0,-1,-1,-1,-1
1173,80,75,213,26,37,0,-1,-1,-1,-1
1174,72,699,141,23,37,0,-1,-1,-1,-1
1174,77,684,216,41,50,0,-1,-1,-1,-1
1174,79,591,144,24,38,0,-1,-1,-1,-1
1174,80,75,213,26,37,0,-1,-1,-1,-1
1175,72,699,141,22,37,0,-1,-1,-1,-1
1175,77,685,218,42,51,0,-1,-1,-1,-1
1175,79,592,143,24,38,0,-1,-1,-1,-1
1175,80,73,213,27,38,0,-1,-1,-1,-1
1176,72,700,141,22,37,0,-1,-1,-1,-1
1176,77,688,221,42,51,0,-1,-1,-1,-1
1176,79,593,144,25,37,0,-1,-1,-1,-1
1176,80,71,214,28,38,0,-1,-1,-1,-1
1177,72,700,141,22,37,0,-1,-1,-1,-1
1177,77,689,222,42,51,0,-1,-1,-1,-1
1177,79,593,144,26,37,0,-1,-1,-1,-1
1177,80,71,214,28,38,0,-1,-1,-1,-1
1178,72,700,141,21,33,0,-1,-1,-1,-1
1178,77,693,223,41,51,0,-1,-1,-1,-1
1178,79,595,145,26,37,0,-1,-1,-1,-1
1178,80,69,214,29,39,0,-1,-1,-1,-1
1179,72,701,140,20,33,0,-1,-1,-1,-1
1179,77,695,223,43,53,0,-1,-1,-1,-1
1179,79,596,145,27,37,0,-1,-1,-1,-1
1179,80,67,214,30,39,0,-1,-1,-1,-1
1180,72,701,140,20,32,0,-1,-1,-1,-1
1180,77,697,223,42,53,0,-1,-1,-1,-1
1180,79,596,145,28,37,0,-1,-1,-1,-1
1180,80,66,214,30,40,0,-1,-1,-1,-1
1181,72,703,140,19,32,0,-1,-1,-1,-1
1181,77,698,223,43,54,0,-1,-1,-1,-1
1181,79,597,145,29,37,0,-1,-1,-1,-1
1181,80,65,215,31,39,0,-1,-1,-1,-1
1182,72,703,140,20,33,0,-1,-1,-1,-1
1182,77,700,223,42,54,0,-1,-1,-1,-1
1182,79,598,145,30,37,0,-1,-1,-1,-1
1182,80,63,215,31,39,0,-1,-1,-1,-1
1183,72,703,140,21,34,0,-1,-1,-1,-1
1183,77,700,223,43,54,0,-1,-1,-1,-1
1183,79,599,145,30,37,0,-1,-1,-1,-1
1183,80,62,215,32,40,0,-1,-1,-1,-1
1184,72,703,140,21,35,0,-1,-1,-1,-1
1184,77,701,223,43,54,0,-1,-1,-1,-1
1184,79,600,145,30,38,0,-1,-1,-1,-1
1184,80,61,215,32,40,0,-1,-1,-1,-1
1185,72,704,140,21,36,0,-1,-1,-1,-1
1185,77,702,224,44,54,0,-1,-1,-1,-1
1185,79,600,145,31,38,0,-1,-1,-1,-1
1185,80,60,216,32,40,0,-1,-1,-1,-1
1186,72,704,140,21,36,0,-1,-1,-1,-1
1186,77,703,224,43,55,0,-1,-1,-1,-1
1186,79,601,145,31,38,0,-1,-1,-1,-1
1186,80,60,216,31,40,0,-1,-1,-1,-1
1187,72,705,140,21,37,0,-1,-1,-1,-1
1187,77,704,224,43,56,0,-1,-1,-1,-1
1187,79,602,146,31,38,0,-1,-1,-1,-1
1187,80,59,218,31,38,0,-1,-1,-1,-1
1188,72,705,141,21,36,0,-1,-1,-1,-1
1188,77,705,225,43,55,0,-1,-1,-1,-1
1188,79,603,146,31,38,0,-1,-1,-1,-1
1188,80,58,218,31,39,0,-1,-1,-1,-1
1189,72,705,141,21,36,0,-1,-1,-1,-1
1189,77,705,225,43,56,0,-1,-1,-1,-1
1189,79,603,147,32,38,0,-1,-1,-1,-1
1189,80,58,218,31,39,0,-1,-1,-1,-1
1190,77,706,225,43,56,0,-1,-1,-1,-1
1190,79,603,147,33,38,0,-1,-1,-1,-1
1190,80,57,218,31,39,0,-1,-1,-1,-1
1191,72,708,140,20,35,0,-1,-1,-1,-1
1191,77,707,227,42,55,0,-1,-1,-1,-1
1191,79,604,146,33,39,0,-1,-1,-1,-1
1191,80,56,218,32,40,0,-1,-1,-1,-1
1192,72,708,140,20,35,0,-1,-1,-1,-1
1192,77,707,227,42,55,0,-1,-1,-1,-1
1192,79,604,146,33,39,0,-1,-1,-1,-1
1192,80,55,218,33,40,0,-1,-1,-1,-1
1193,72,709,139,20,36,0,-1,-1,-1,-1
1193,77,707,230,42,56,0,-1,-1,-1,-1
1193,79,604,146,33,38,0,-1,-1,-1,-1
1193,80,55,219,32,39,0,-1,-1,-1,-1
1194,72,711,138,21,36,0,-1,-1,-1,-1
1194,77,706,232,43,57,0,-1,-1,-1,-1
1194,79,605,146,33,38,0,-1,-1,-1,-1
1194,80,54,219,33,39,0,-1,-1,-1,-1
1195,72,712,138,21,36,0,-1,-1,-1,-1
1195,77,705,233,44,57,0,-1,-1,-1,-1
1195,79,605,146,33,38,0,-1,-1,-1,-1
1195,80,54,219,32,39,0,-1,-1,-1,-1
1196,72,714,137,21,36,0,-1,-1,-1,-1
1196,77,706,236,44,58,0,-1,-1,-1,-1
1196,79,605,146,33,38,0,-1,-1,-1,-1
1196,80,53,219,33,40,0,-1,-1,-1,-1
1197,72,716,136,21,36,0,-1,-1,-1,-1
1197,77,707,240,43,57,0,-1,-1,-1,-1
1197,79,605,146,33,38,0,-1,-1,-1,-1
1197,80,53,219,33,40,0,-1,-1,-1,-1
1198,72,716,135,21,37,0,-1,-1,-1,-1
1198,77,707,241,44,57,0,-1,-1,-1,-1
1198,79,605,147,33,37,0,-1,-1,-1,-1
1198,80,53,220,33,39,0,-1,-1,-1,-1
1199,72,715,133,23,38,0,-1,-1,-1,-1
1199,77,707,244,43,57,0,-1,-1,-1,-1
1199,79,605,147,33,37,0,-1,-1,-1,-1
1199,80,53,220,33,39,0,-1,-1,-1,-1
1200,72,713,132,24,39,0,-1,-1,-1,-1
1200,77,706,247,43,56,0,-1,-1,-1,-1
1200,79,605,147,33,37,0,-1,-1,-1,-1
1200,80,53,220,33,39,0,-1,-1,-1,-1
1201,72,713,132,24,39,0,-1,-1,-1,-1
1201,77,706,248,43,56,0,-1,-1,-1,-1
1201,79,605,147,32,37,0,-1,-1,-1,-1
1201,80,53,220,33,40,0,-1,-1,-1,-1
1202,72,712,132,25,40,0,-1,-1,-1,-1
1202,77,705,249,43,57,0,-1,-1,-1,-1
1202,79,605,147,32,37,0,-1,-1,-1,-1
1202,80,53,220,33,40,0,-1,-1,-1,-1
1203,72,712,132,26,40,0,-1,-1,-1,-1
1203,77,704,249,45,60,0,-1,-1,-1,-1
1203,79,605,148,32,37,0,-1,-1,-1,-1
1203,80,52,220,34,40,0,-1,-1,-1,-1
1204,72,711,132,27,41,0,-1,-1,-1,-1
1204,77,703,249,46,61,0,-1,-1,-1,-1
1204,79,605,148,32,37,0,-1,-1,-1,-1
1204,80,53,220,33,40,0,-1,-1,-1,-1
1205,72,711,132,27,41,0,-1,-1,-1,-1
1205,77,703,249,47,62,0,-1,-1,-1,-1
1205,79,605,148,33,37,0,-1,-1,-1,-1
1205,80,52,220,33,41,0,-1,-1,-1,-1
1206,72,711,132,27,41,0,-1,-1,-1,-1
1206,77,705,248,47,63,0,-1,-1,-1,-1
1206,79,605,148,34,37,0,-1,-1,-1,-1
1206,80,51,220,33,41,0,-1,-1,-1,-1
1207,72,711,132,27,41,0,-1,-1,-1,-1
1207,77,706,248,46,63,0,-1,-1,-1,-1
1207,79,606,148,33,37,0,-1,-1,-1,-1
1207,80,51,220,33,41,0,-1,-1,-1,-1
1208,72,710,132,28,41,0,-1,-1,-1,-1
1208,79,606,147,34,39,0,-1,-1,-1,-1
1208,80,50,221,33,40,0,-1,-1,-1,-1
1209,72,710,132,28,41,0,-1,-1,-1,-1
1209,79,607,147,35,39,0,-1,-1,-1,-1
1209,80,49,222,33,40,0,-1,-1,-1,-1
1210,72,709,132,29,41,0,-1,-1,-1,-1
1210,79,607,147,35,39,0,-1,-1,-1,-1
1210,80,48,222,33,40,0,-1,-1,-1,-1
1211,72,708,132,29,41,0,-1,-1,-1,-1
1211,79,608,146,35,40,0,-1,-1,-1,-1
1211,80,48,222,33,40,0,-1,-1,-1,-1
1212,72,706,132,30,42,0,-1,-1,-1,-1
1212,79,610,147,35,39,0,-1,-1,-1,-1
1212,80,46,222,34,40,0,-1,-1,-1,-1
1213,72,705,132,30,42,0,-1,-1,-1,-1
1213,79,611,147,35,39,0,-1,-1,-1,-1
1213,80,46,222,34,40,0,-1,-1,-1,-1
1214,72,704,132,30,42,0,-1,-1,-1,-1
1214,79,612,147,34,39,0,-1,-1,-1,-1
1214,80,46,222,33,41,0,-1,-1,-1,-1
1215,72,703,132,30,42,0,-1,-1,-1,-1
1215,79,612,147,35,39,0,-1,-1,-1,-1
1215,80,45,223,33,40,0,-1,-1,-1,-1
1216,72,702,132,31,42,0,-1,-1,-1,-1
1216,79,613,147,34,39,0,-1,-1,-1,-1
1216,80,45,223,33,40,0,-1,-1,-1,-1
1217,72,702,132,31,42,0,-1,-1,-1,-1
1217,79,613,148,34,38,0,-1,-1,-1,-1
1217,80,44,223,34,40,0,-1,-1,-1,-1
1218,72,701,132,31,41,0,-1,-1,-1,-1
1218,79,613,147,34,38,0,-1,-1,-1,-1
1218,80,44,223,33,39,0,-1,-1,-1,-1
1219,72,701,132,31,41,0,-1,-1,-1,-1
1219,79,613,147,35,38,0,-1,-1,-1,-1
1219,80,44,223,33,39,0,-1,-1,-1,-1
1220,72,701,132,31,41,0,-1,-1,-1,-1
1220,79,614,147,34,38,0,-1,-1,-1,-1
1220,80,43,222,34,40,0,-1,-1,-1,-1
1221,72,700,132,32,41,0,-1,-1,-1,-1
1221,79,615,147,34,38,0,-1,-1,-1,-1
1221,80,42,222,34,40,0,-1,-1,-1,-1
1222,72,700,133,32,40,0,-1,-1,-1,-1
1222,79,615,147,34,38,0,-1,-1,-1,-1
1222,80,42,222,34,40,0,-1,-1,-1,-1
1223,72,700,133,31,40,0,-1,-1,-1,-1
1223,79,616,148,34,38,0,-1,-1,-1,-1
1223,80,42,222,33,40,0,-1,-1,-1,-1
1224,72,700,133,31,40,0,-1,-1,-1,-1
1224,79,617,148,34,38,0,-1,-1,-1,-1
1224,80,41,223,33,39,0,-1,-1,-1,-1
1225,72,700,133,31,40,0,-1,-1,-1,-1
1225,79,617,148,34,39,0,-1,-1,-1,-1
1225,80,41,223,33,39,0,-1,-1,-1,-1
1226,72,700,133,31,40,0,-1,-1,-1,-1
1226,79,618,148,34,39,0,-1,-1,-1,-1
1226,80,40,224,33,39,0,-1,-1,-1,-1
1227,72,700,133,32,41,0,-1,-1,-1,-1
1227,79,619,149,35,39,0,-1,-1,-1,-1
1227,80,39,225,33,39,0,-1,-1,-1,-1
1228,72,700,133,32,41,0,-1,-1,-1,-1
1228,79,620,149,34,39,0,-1,-1,-1,-1
1228,80,38,225,34,39,0,-1,-1,-1,-1
1229,72,700,133,32,41,0,-1,-1,-1,-1
1229,79,621,149,34,40,0,-1,-1,-1,-1
1229,80,38,226,33,39,0,-1,-1,-1,-1
1230,72,700,133,32,41,0,-1,-1,-1,-1
1230,79,622,150,34,39,0,-1,-1,-1,-1
1230,80,36,226,34,40,0,-1,-1,-1,-1
1231,72,700,133,33,41,0,-1,-1,-1,-1
1231,79,622,150,34,39,0,-1,-1,-1,-1
1231,80,36,227,34,39,0,-1,-1,-1,-1
1232,72,700,133,33,41,0,-1,-1,-1,-1
1232,79,624,151,33,39,0,-1,-1,-1,-1
1232,80,35,228,33,39,0,-1,-1,-1,-1
1233,72,701,133,32,41,0,-1,-1,-1,-1
1233,79,625,151,34,39,0,-1,-1,-1,-1
1233,80,34,228,34,40,0,-1,-1,-1,-1
1234,72,701,133,32,41,0,-1,-1,-1,-1
1234,79,626,151,33,39,0,-1,-1,-1,-1
1234,80,34,229,33,39,0,-1,-1,-1,-1
1235,72,701,133,33,41,0,-1,-1,-1,-1
1235,79,626,152,34,39,0,-1,-1,-1,-1
1235,80,33,229,33,40,0,-1,-1,-1,-1
1236,72,702,133,32,41,0,-1,-1,-1,-1
1236,79,627,153,33,39,0,-1,-1,-1,-1
1236,80,32,230,34,39,0,-1,-1,-1,-1
1237,72,702,133,32,41,0,-1,-1,-1,-1
1237,79,627,154,33,38,0,-1,-1,-1,-1
1237,80,32,230,34,40,0,-1,-1,-1,-1
1238,72,702,133,32,40,0,-1,-1,-1,-1
1238,79,628,154,33,38,0,-1,-1,-1,-1
1238,80,32,230,33,40,0,-1,-1,-1,-1
1239,72,703,132,32,41,0,-1,-1,-1,-1
1239,79,628,153,33,39,0,-1,-1,-1,-1
1239,80,31,229,34,41,0,-1,-1,-1,-1
1240,72,703,132,32,41,0,-1,-1,-1,-1
1240,79,628,153,33,38,0,-1,-1,-1,-1
1240,80,31,229,34,41,0,-1,-1,-1,-1
1241,72,704,132,32,41,0,-1,-1,-1,-1
1241,79,629,152,33,39,0,-1,-1,-1,-1
1241,80,31,229,34,41,0,-1,-1,-1,-1
1242,72,705,132,32,41,0,-1,-1,-1,-1
1242,79,629,152,34,39,0,-1,-1,-1,-1
1242,80,31,229,33,41,0,-1,-1,-1,-1
1243,72,705,132,32,41,0,-1,-1,-1,-1
1243,79,629,151,34,40,0,-1,-1,-1,-1
1243,80,31,229,33,41,0,-1,-1,-1,-1
1244,72,705,132,33,41,0,-1,-1,-1,-1
1244,79,629,151,35,39,0,-1,-1,-1,-1
1244,80,30,230,33,40,0,-1,-1,-1,-1
1245,72,706,132,33,42,0,-1,-1,-1,-1
1245,79,630,150,34,40,0,-1,-1,-1,-1
1245,80,29,229,34,41,0,-1,-1,-1,-1
1246,72,706,132,34,42,0,-1,-1,-1,-1
1246,79,630,150,34,40,0,-1,-1,-1,-1
1246,80,29,229,34,41,0,-1,-1,-1,-1
1247,72,707,132,33,43,0,-1,-1,-1,-1
1247,79,630,150,34,40,0,-1,-1,-1,-1
1247,80,28,229,34,41,0,-1,-1,-1,-1
1248,72,707,132,33,43,0,-1,-1,-1,-1
1248,79,631,150,33,40,0,-1,-1,-1,-1
1248,80,27,229,34,42,0,-1,-1,-1,-1
1249,72,707,132,34,43,0,-1,-1,-1,-1
1249,79,631,150,34,40,0,-1,-1,-1,-1
1249,80,26,229,34,42,0,-1,-1,-1,-1
1250,72,708,133,33,42,0,-1,-1,-1,-1
1250,79,632,150,33,39,0,-1,-1,-1,-1
1250,80,25,229,35,42,0,-1,-1,-1,-1
1251,72,708,133,34,43,0,-1,-1,-1,-1
1251,79,632,149,34,39,0,-1,-1,-1,-1
1251,80,25,229,34,42,0,-1,-1,-1,-1
1252,72,709,133,33,43,0,-1,-1,-1,-1
1252,79,633,149,34,39,0,-1,-1,-1,-1
1252,80,25,229,34,42,0,-1,-1,-1,-1
1253,72,709,134,33,42,0,-1,-1,-1,-1
1253,79,633,149,34,39,0,-1,-1,-1,-1
1253,80,24,230,34,40,0,-1,-1,-1,-1
1254,72,710,134,32,42,0,-1,-1,-1,-1
1254,79,634,148,34,39,0,-1,-1,-1,-1
1254,80,24,229,33,41,0,-1,-1,-1,-1
1255,72,710,135,32,41,0,-1,-1,-1,-1
1255,79,634,148,34,39,0,-1,-1,-1,-1
1255,80,23,229,34,41,0,-1,-1,-1,-1
1256,72,710,135,32,41,0,-1,-1,-1,-1
1256,79,634,148,34,38,0,-1,-1,-1,-1
1256,80,23,229,34,41,0,-1,-1,-1,-1
1257,72,711,135,32,41,0,-1,-1,-1,-1
1257,79,635,148,33,38,0,-1,-1,-1,-1
1257,80,23,229,33,41,0,-1,-1,-1,-1
1258,72,711,135,32,41,0,-1,-1,-1,-1
1258,79,635,148,33,38,0,-1,-1,-1,-1
1258,80,23,229,33,41,0,-1,-1,-1,-1
1259,72,711,135,32,41,0,-1,-1,-1,-1
1259,79,634,148,34,38,0,-1,-1,-1,-1
1259,80,23,229,33,41,0,-1,-1,-1,-1
1260,72,711,135,32,42,0,-1,-1,-1,-1
1260,79,634,148,34,38,0,-1,-1,-1,-1
1260,80,23,229,34,40,0,-1,-1,-1,-1
1261,72,711,135,33,42,0,-1,-1,-1,-1
1261,79,634,148,34,38,0,-1,-1,-1,-1
1261,80,23,229,34,40,0,-1,-1,-1,-1
1262,72,712,135,32,42,0,-1,-1,-1,-1
1262,79,634,148,34,38,0,-1,-1,-1,-1
1262,80,24,228,33,41,0,-1,-1,-1,-1
1263,72,712,135,31,42,0,-1,-1,-1,-1
1263,79,633,147,34,39,0,-1,-1,-1,-1
1263,80,24,228,34,41,0,-1,-1,-1,-1
1264,72,711,135,32,42,0,-1,-1,-1,-1
1264,79,633,147,34,38,0,-1,-1,-1,-1
1264,80,24,228,34,40,0,-1,-1,-1,-1
1265,72,711,135,32,42,0,-1,-1,-1,-1
1265,79,633,147,34,38,0,-1,-1,-1,-1
1265,80,24,228,34,40,0,-1,-1,-1,-1
1266,72,711,135,32,42,0,-1,-1,-1,-1
1266,79,632,147,35,38,0,-1,-1,-1,-1
1266,80,25,227,34,41,0,-1,-1,-1,-1
1267,72,711,135,32,42,0,-1,-1,-1,-1
1267,79,632,147,35,38,0,-1,-1,-1,-1
1267,80,25,227,34,41,0,-1,-1,-1,-1
1268,72,711,135,32,42,0,-1,-1,-1,-1
1268,79,632,146,35,39,0,-1,-1,-1,-1
1268,80,25,227,34,40,0,-1,-1,-1,-1
1269,72,711,135,33,42,0,-1,-1,-1,-1
1269,79,632,146,34,39,0,-1,-1,-1,-1
1269,80,25,226,35,41,0,-1,-1,-1,-1
1270,72,711,135,33,42,0,-1,-1,-1,-1
1270,79,631,146,35,39,0,-1,-1,-1,-1
1270,80,25,226,35,41,0,-1,-1,-1,-1
1271,72,712,135,32,42,0,-1,-1,-1,-1
1271,79,631,146,35,39,0,-1,-1,-1,-1
1271,80,25,226,35,41,0,-1,-1,-1,-1
1272,72,712,135,33,42,0,-1,-1,-1,-1
1272,79,631,146,35,39,0,-1,-1,-1,-1
1272,80,25,225,35,42,0,-1,-1,-1,-1
1273,72,712,135,33,42,0,-1,-1,-1,-1
1273,79,631,146,35,39,0,-1,-1,-1,-1
1273,80,25,225,35,42,0,-1,-1,-1,-1
1274,72,713,135,32,42,0,-1,-1,-1,-1
1274,79,631,146,35,39,0,-1,-1,-1,-1
1274,80,26,225,35,42,0,-1,-1,-1,-1
1275,72,714,135,32,42,0,-1,-1,-1,-1
1275,79,630,146,35,40,0,-1,-1,-1,-1
1275,80,26,225,35,42,0,-1,-1,-1,-1
1276,72,714,134,33,43,0,-1,-1,-1,-1
1276,79,630,146,35,40,0,-1,-1,-1,-1
1276,80,26,225,35,42,0,-1,-1,-1,-1
1277,72,715,134,33,43,0,-1,-1,-1,-1
1277,79,630,146,35,40,0,-1,-1,-1,-1
1277,80,26,225,35,42,0,-1,-1,-1,-1
1278,72,716,135,33,42,0,-1,-1,-1,-1
1278,79,630,147,35,39,0,-1,-1,-1,-1
1278,80,27,226,34,41,0,-1,-1,-1,-1
1279,72,717,135,32,42,0,-1,-1,-1,-1
1279,79,630,147,35,39,0,-1,-1,-1,-1
1279,80,27,226,34,41,0,-1,-1,-1,-1
1280,72,718,136,33,42,0,-1,-1,-1,-1
1280,79,630,147,34,39,0,-1,-1,-1,-1
1280,80,27,226,34,41,0,-1,-1,-1,-1
1281,72,720,136,32,42,0,-1,-1,-1,-1
1281,79,630,147,34,39,0,-1,-1,-1,-1
1281,80,27,226,34,40,0,-1,-1,-1,-1
1282,72,720,137,33,42,0,-1,-1,-1,-1
1282,79,630,147,34,39,0,-1,-1,-1,-1
1282,80,27,226,34,40,0,-1,-1,-1,-1
1283,72,721,137,32,42,0,-1,-1,-1,-1
1283,79,630,147,34,38,0,-1,-1,-1,-1
1283,80,27,226,35,40,0,-1,-1,-1,-1
1284,72,722,137,32,42,0,-1,-1,-1,-1
1284,79,630,147,34,38,0,-1,-1,-1,-1
1284,80,27,226,35,40,0,-1,-1,-1,-1
1285,72,722,137,33,42,0,-1,-1,-1,-1
1285,79,630,147,34,38,0,-1,-1,-1,-1
1285,80,27,226,35,40,0,-1,-1,-1,-1
1286,72,723,138,32,41,0,-1,-1,-1,-1
1286,79,630,147,34,38,0,-1,-1,-1,-1
1286,80,27,226,35,40,0,-1,-1,-1,-1
1287,72,723,138,32,41,0,-1,-1,-1,-1
1287,79,630,147,34,38,0,-1,-1,-1,-1
1287,80,27,226,35,40,0,-1,-1,-1,-1
1288,72,723,137,33,42,0,-1,-1,-1,-1
1288,79,630,147,34,38,0,-1,-1,-1,-1
1288,80,27,226,35,41,0,-1,-1,-1,-1
1289,72,724,137,32,42,0,-1,-1,-1,-1
1289,79,631,147,34,38,0,-1,-1,-1,-1
1289,80,27,226,35,41,0,-1,-1,-1,-1
1290,72,724,138,32,41,0,-1,-1,-1,-1
1290,79,633,148,33,37,0,-1,-1,-1,-1
1290,80,27,227,34,40,0,-1,-1,-1,-1
1291,72,724,138,32,41,0,-1,-1,-1,-1
1291,79,633,148,33,37,0,-1,-1,-1,-1
1291,80,26,227,34,40,0,-1,-1,-1,-1
1292,72,724,138,32,41,0,-1,-1,-1,-1
1292,79,634,148,33,37,0,-1,-1,-1,-1
1292,80,25,227,35,41,0,-1,-1,-1,-1
1293,72,724,138,32,41,0,-1,-1,-1,-1
1293,79,635,148,33,38,0,-1,-1,-1,-1
1293,80,24,228,34,40,0,-1,-1,-1,-1
1294,72,724,138,32,41,0,-1,-1,-1,-1
1294,79,635,148,34,38,0,-1,-1,-1,-1
1294,80,24,228,34,40,0,-1,-1,-1,-1
1295,72,724,137,32,42,0,-1,-1,-1,-1
1295,79,636,149,34,37,0,-1,-1,-1,-1
1295,80,23,228,34,41,0,-1,-1,-1,-1
1296,72,724,137,32,42,0,-1,-1,-1,-1
1296,79,637,148,34,38,0,-1,-1,-1,-1
1296,80,22,228,34,41,0,-1,-1,-1,-1
1297,72,723,137,33,42,0,-1,-1,-1,-1
1297,79,637,148,34,38,0,-1,-1,-1,-1
1297,80,21,229,34,40,0,-1,-1,-1,-1
1298,72,723,136,33,43,0,-1,-1,-1,-1
1298,79,638,148,34,38,0,-1,-1,-1,-1
1298,80,20,229,34,40,0,-1,-1,-1,-1
1299,72,723,136,33,43,0,-1,-1,-1,-1
1299,79,639,148,35,38,0,-1,-1,-1,-1
1299,80,19,230,34,40,0,-1,-1,-1,-1
1300,72,723,136,33,43,0,-1,-1,-1,-1
1300,79,639,148,35,38,0,-1,-1,-1,-1
1300,80,19,230,34,40,0,-1,-1,-1,-1
1301,72,723,135,33,44,0,-1,-1,-1,-1
1301,79,640,147,35,39,0,-1,-1,-1,-1
1301,80,17,230,34,40,0,-1,-1,-1,-1
1302,72,722,135,34,44,0,-1,-1,-1,-1
1302,79,641,147,36,39,0,-1,-1,-1,-1
1302,80,16,231,34,40,0,-1,-1,-1,-1
1303,72,722,135,34,43,0,-1,-1,-1,-1
1303,79,642,147,35,39,0,-1,-1,-1,-1
1303,80,15,231,35,41,0,-1,-1,-1,-1
1304,72,722,135,33,43,0,-1,-1,-1,-1
1304,79,643,148,35,39,0,-1,-1,-1,-1
1304,80,14,231,35,41,0,-1,-1,-1,-1
1305,72,721,135,34,43,0,-1,-1,-1,-1
1305,79,643,149,35,38,0,-1,-1,-1,-1
1305,80,14,232,34,41,0,-1,-1,-1,-1
1306,72,721,135,34,43,0,-1,-1,-1,-1
1306,79,643,149,35,38,0,-1,-1,-1,-1
1306,80,14,233,34,40,0,-1,-1,-1,-1
1307,72,721,135,33,43,0,-1,-1,-1,-1
1307,79,644,149,35,38,0,-1,-1,-1,-1
1307,80,13,233,34,40,0,-1,-1,-1,-1
1308,72,720,136,33,41,0,-1,-1,-1,-1
1308,79,644,149,35,39,0,-1,-1,-1,-1
1308,80,13,233,34,40,0,-1,-1,-1,-1
1309,72,720,136,32,41,0,-1,-1,-1,-1
1309,79,644,149,36,39,0,-1,-1,-1,-1
1309,80,13,233,34,40,0,-1,-1,-1,-1
1310,72,719,136,32,41,0,-1,-1,-1,-1
1310,79,644,149,36,39,0,-1,-1,-1,-1
1310,80,13,233,34,40,0,-1,-1,-1,-1
1311,72,718,136,32,41,0,-1,-1,-1,-1
1311,79,644,149,36,38,0,-1,-1,-1,-1
1311,80,13,233,34,40,0,-1,-1,-1,-1
1312,72,718,136,32,41,0,-1,-1,-1,-1
1312,79,644,149,36,38,0,-1,-1,-1,-1
1312,80,13,233,34,40,0,-1,-1,-1,-1
1313,72,717,137,32,40,0,-1,-1,-1,-1
1313,79,644,149,36,38,0,-1,-1,-1,-1
1313,80,13,233,34,40,0,-1,-1,-1,-1
1314,72,716,137,32,40,0,-1,-1,-1,-1
1314,79,645,149,35,38,0,-1,-1,-1,-1
1314,80,13,232,35,41,0,-1,-1,-1,-1
1315,72,715,137,33,40,0,-1,-1,-1,-1
1315,79,645,149,35,38,0,-1,-1,-1,-1
1315,80,12,232,36,42,0,-1,-1,-1,-1
1316,72,715,137,32,39,0,-1,-1,-1,-1
1316,79,645,148,35,39,0,-1,-1,-1,-1
1316,80,12,232,36,41,0,-1,-1,-1,-1
1317,72,714,136,31,39,0,-1,-1,-1,-1
1317,79,645,148,35,39,0,-1,-1,-1,-1
1317,80,12,232,35,41,0,-1,-1,-1,-1
1318,72,713,136,32,39,0,-1,-1,-1,-1
1318,79,645,148,35,39,0,-1,-1,-1,-1
1318,80,12,232,35,41,0,-1,-1,-1,-1
1319,72,712,136,32,39,0,-1,-1,-1,-1
1319,79,645,148,36,39,0,-1,-1,-1,-1
1319,80,11,231,36,42,0,-1,-1,-1,-1
1320,72,711,135,32,40,0,-1,-1,-1,-1
1320,79,647,148,35,38,0,-1,-1,-1,-1
1320,80,10,231,36,42,0,-1,-1,-1,-1
1321,72,711,135,32,40,0,-1,-1,-1,-1
1321,79,647,148,35,38,0,-1,-1,-1,-1
1321,80,10,231,35,41,0,-1,-1,-1,-1
1322,72,710,135,32,40,0,-1,-1,-1,-1
1322,79,648,147,35,39,0,-1,-1,-1,-1
1322,80,9,231,35,41,0,-1,-1,-1,-1
1323,72,709,135,33,41,0,-1,-1,-1,-1
1323,79,649,147,35,39,0,-1,-1,-1,-1
1323,80,8,232,35,41,0,-1,-1,-1,-1
1324,72,708,135,33,41,0,-1,-1,-1,-1
1324,79,649,147,35,39,0,-1,-1,-1,-1
1324,80,8,232,35,41,0,-1,-1,-1,-1
1325,72,708,134,33,42,0,-1,-1,-1,-1
1325,79,650,147,35,39,0,-1,-1,-1,-1
1325,80,7,232,35,41,0,-1,-1,-1,-1
1326,72,707,134,33,41,0,-1,-1,-1,-1
1326,79,651,147,35,39,0,-1,-1,-1,-1
1326,80,6,232,35,41,0,-1,-1,-1,-1
1327,72,707,134,33,41,0,-1,-1,-1,-1
1327,79,651,148,35,38,0,-1,-1,-1,-1
1327,80,5,233,36,40,0,-1,-1,-1,-1
1328,72,707,134,33,41,0,-1,-1,-1,-1
1328,79,652,148,35,38,0,-1,-1,-1,-1
1328,80,5,233,35,41,0,-1,-1,-1,-1
1329,72,706,133,34,42,0,-1,-1,-1,-1
1329,79,653,148,35,38,0,-1,-1,-1,-1
1329,80,4,233,35,41,0,-1,-1,-1,-1
1330,72,706,133,33,42,0,-1,-1,-1,-1
1330,79,654,148,35,38,0,-1,-1,-1,-1
1330,80,3,233,36,42,0,-1,-1,-1,-1
1331,72,706,133,33,42,0,-1,-1,-1,-1
1331,79,654,147,36,39,0,-1,-1,-1,-1
1331,80,3,233,35,42,0,-1,-1,-1,-1
1332,72,706,133,32,41,0,-1,-1,-1,-1
1332,79,655,147,36,38,0,-1,-1,-1,-1
1332,80,2,233,35,42,0,-1,-1,-1,-1
1333,72,706,133,32,41,0,-1,-1,-1,-1
1333,79,656,147,35,38,0,-1,-1,-1,-1
1333,80,1,233,36,41,0,-1,-1,-1,-1
1334,72,706,133,32,41,0,-1,-1,-1,-1
1334,79,656,147,35,38,0,-1,-1,-1,-1
1334,80,1,233,35,42,0,-1,-1,-1,-1
1335,72,706,132,32,42,0,-1,-1,-1,-1
1335,79,657,146,35,39,0,-1,-1,-1,-1
1335,80,0,233,36,41,0,-1,-1,-1,-1
1336,72,706,132,32,42,0,-1,-1,-1,-1
1336,79,657,146,36,38,0,-1,-1,-1,-1
1336,80,0,233,35,41,0,-1,-1,-1,-1
1337,72,706,133,32,41,0,-1,-1,-1,-1
1337,79,657,146,36,38,0,-1,-1,-1,-1
1337,80,0,233,35,41,0,-1,-1,-1,-1
1338,72,706,132,32,42,0,-1,-1,-1,-1
1338,79,658,146,36,38,0,-1,-1,-1,-1
1338,80,0,233,34,41,0,-1,-1,-1,-1
1339,72,706,132,32,41,0,-1,-1,-1,-1
1339,79,658,145,36,39,0,-1,-1,-1,-1
1339,80,0,233,34,41,0,-1,-1,-1,-1
1340,72,706,132,32,41,0,-1,-1,-1,-1
1340,79,659,145,35,39,0,-1,-1,-1,-1
1340,80,0,233,33,41,0,-1,-1,-1,-1
1341,72,706,132,32,41,0,-1,-1,-1,-1
1341,79,660,145,35,39,0,-1,-1,-1,-1
1341,80,0,234,33,40,0,-1,-1,-1,-1
1342,72,706,132,32,41,0,-1,-1,-1,-1
1342,79,660,145,35,39,0,-1,-1,-1,-1
1342,80,0,234,33,40,0,-1,-1,-1,-1
1343,72,706,132,32,41,0,-1,-1,-1,-1
1343,79,661,145,35,39,0,-1,-1,-1,-1
1343,80,0,234,32,40,0,-1,-1,-1,-1
1344,72,706,132,32,41,0,-1,-1,-1,-1
1344,79,661,146,36,38,0,-1,-1,-1,-1
1344,80,0,234,32,40,0,-1,-1,-1,-1
1345,72,706,132,32,41,0,-1,-1,-1,-1
1345,79,661,146,36,38,0,-1,-1,-1,-1
1345,80,0,234,32,40,0,-1,-1,-1,-1
1346,72,706,131,32,42,0,-1,-1,-1,-1
1346,79,661,146,36,38,0,-1,-1,-1,-1
1346,80,0,234,32,41,0,-1,-1,-1,-1
1347,72,705,131,33,42,0,-1,-1,-1,-1
1347,79,661,145,37,40,0,-1,-1,-1,-1
1347,80,0,234,32,41,0,-1,-1,-1,-1
1348,72,705,131,33,42,0,-1,-1,-1,-1
1348,79,661,145,37,40,0,-1,-1,-1,-1
1348,80,0,234,31,41,0,-1,-1,-1,-1
1349,72,706,131,33,42,0,-1,-1,-1,-1
1349,79,661,145,37,40,0,-1,-1,-1,-1
1349,80,0,234,31,41,0,-1,-1,-1,-1
1350,72,706,130,33,43,0,-1,-1,-1,-1
1350,79,662,145,36,40,0,-1,-1,-1,-1
1350,80,0,234,31,41,0,-1,-1,-1,-1
1351,72,706,130,33,43,0,-1,-1,-1,-1
1351,79,662,145,36,40,0,-1,-1,-1,-1
1351,80,0,234,31,42,0,-1,-1,-1,-1
1352,72,707,130,33,43,0,-1,-1,-1,-1
1352,79,662,145,36,40,0,-1,-1,-1,-1
1352,80,0,234,31,42,0,-1,-1,-1,-1
1353,72,707,130,33,43,0,-1,-1,-1,-1
1353,79,662,145,36,40,0,-1,-1,-1,-1
1353,80,0,234,31,42,0,-1,-1,-1,-1
1354,72,707,130,34,43,0,-1,-1,-1,-1
1354,79,662,145,36,40,0,-1,-1,-1,-1
1354,80,0,234,30,41,0,-1,-1,-1,-1
1355,72,708,130,33,43,0,-1,-1,-1,-1
1355,79,662,146,36,39,0,-1,-1,-1,-1
1355,80,0,235,30,40,0,-1,-1,-1,-1
1356,72,708,130,33,43,0,-1,-1,-1,-1
1356,79,662,146,36,39,0,-1,-1,-1,-1
1356,80,0,235,30,40,0,-1,-1,-1,-1
1357,72,708,130,33,43,0,-1,-1,-1,-1
1357,79,662,146,36,39,0,-1,-1,-1,-1
1357,80,0,235,30,41,0,-1,-1,-1,-1
1358,72,708,130,33,43,0,-1,-1,-1,-1
1358,79,663,146,35,38,0,-1,-1,-1,-1
1358,80,0,234,30,42,0,-1,-1,-1,-1
1359,72,708,130,33,43,0,-1,-1,-1,-1
1359,79,663,146,35,39,0,-1,-1,-1,-1
1359,80,0,234,30,42,0,-1,-1,-1,-1
1360,72,708,130,33,43,0,-1,-1,-1,-1
1360,79,663,146,35,39,0,-1,-1,-1,-1
1360,80,0,234,30,42,0,-1,-1,-1,-1
1361,72,708,130,33,43,0,-1,-1,-1,-1
1361,79,663,146,35,39,0,-1,-1,-1,-1
1361,80,0,234,30,42,0,-1,-1,-1,-1
1362,72,708,130,33,43,0,-1,-1,-1,-1
1362,79,663,146,35,39,0,-1,-1,-1,-1
1362,80,0,235,30,41,0,-1,-1,-1,-1
1363,72,708,130,33,43,0,-1,-1,-1,-1
1363,79,663,145,35,40,0,-1,-1,-1,-1
1363,80,0,235,29,41,0,-1,-1,-1,-1
1364,72,708,130,33,43,0,-1,-1,-1,-1
1364,79,662,145,36,40,0,-1,-1,-1,-1
1364,80,0,234,29,42,0,-1,-1,-1,-1
1365,72,708,130,33,43,0,-1,-1,-1,-1
1365,79,663,145,35,39,0,-1,-1,-1,-1
1365,80,0,234,29,41,0,-1,-1,-1,-1
1366,72,708,130,33,43,0,-1,-1,-1,-1
1366,79,663,145,35,39,0,-1,-1,-1,-1
1366,80,0,234,29,41,0,-1,-1,-1,-1
1367,72,708,130,33,43,0,-1,-1,-1,-1
1367,79,663,146,35,38,0,-1,-1,-1,-1
1367,80,0,234,29,41,0,-1,-1,-1,-1
1368,72,708,130,33,43,0,-1,-1,-1,-1
1368,79,663,146,35,38,0,-1,-1,-1,-1
1368,80,0,234,29,41,0,-1,-1,-1,-1
1369,72,708,130,33,43,0,-1,-1,-1,-1
1369,79,664,146,34,38,0,-1,-1,-1,-1
1369,80,0,234,29,41,0,-1,-1,-1,-1
1370,72,708,131,33,42,0,-1,-1,-1,-1
1370,79,664,146,34,38,0,-1,-1,-1,-1
1370,80,0,234,29,41,0,-1,-1,-1,-1
1371,72,709,131,32,42,0,-1,-1,-1,-1
1371,79,664,147,34,37,0,-1,-1,-1,-1
1371,80,0,234,29,42,0,-1,-1,-1,-1
1372,72,709,131,32,42,0,-1,-1,-1,-1
1372,79,664,147,34,37,0,-1,-1,-1,-1
1372,80,0,234,29,42,0,-1,-1,-1,-1
1373,72,708,131,33,42,0,-1,-1,-1,-1
1373,79,664,147,34,37,0,-1,-1,-1,-1
1373,80,0,234,29,42,0,-1,-1,-1,-1
1374,72,709,131,32,42,0,-1,-1,-1,-1
1374,79,664,147,34,37,0,-1,-1,-1,-1
1374,80,0,234,29,42,0,-1,-1,-1,-1
1375,72,709,131,32,42,0,-1,-1,-1,-1
1375,79,664,147,34,37,0,-1,-1,-1,-1
1375,80,0,234,29,42,0,-1,-1,-1,-1
1376,72,709,131,32,42,0,-1,-1,-1,-1
1376,79,664,147,34,37,0,-1,-1,-1,-1
1376,80,0,234,29,42,0,-1,-1,-1,-1
1377,72,709,131,32,42,0,-1,-1,-1,-1
1377,79,664,147,33,37,0,-1,-1,-1,-1
1377,80,0,234,29,42,0,-1,-1,-1,-1
1378,72,709,131,32,42,0,-1,-1,-1,-1
1378,79,664,147,33,37,0,-1,-1,-1,-1
1378,80,0,234,29,42,0,-1,-1,-1,-1
1379,72,709,131,32,41,0,-1,-1,-1,-1
1379,79,662,146,35,38,0,-1,-1,-1,-1
1379,80,0,234,29,41,0,-1,-1,-1,-1
1380,72,709,131,32,41,0,-1,-1,-1,-1
1380,79,661,145,35,38,0,-1,-1,-1,-1
1380,80,0,233,30,41,0,-1,-1,-1,-1
1381,72,709,131,32,41,0,-1,-1,-1,-1
1381,79,661,144,35,39,0,-1,-1,-1,-1
1381,80,0,232,30,42,0,-1,-1,-1,-1
1382,72,709,131,32,41,0,-1,-1,-1,-1
1382,79,660,143,35,39,0,-1,-1,-1,-1
1382,80,0,231,31,42,0,-1,-1,-1,-1
1383,72,709,131,32,41,0,-1,-1,-1,-1
1383,79,659,142,36,40,0,-1,-1,-1,-1
1383,80,0,229,32,44,0,-1,-1,-1,-1
1384,72,709,132,32,40,0,-1,-1,-1,-1
1384,79,659,142,36,40,0,-1,-1,-1,-1
1384,80,0,229,32,43,0,-1,-1,-1,-1
1385,72,709,131,32,41,0,-1,-1,-1,-1
1385,79,659,141,37,40,0,-1,-1,-1,-1
1385,80,0,228,32,44,0,-1,-1,-1,-1
1386,72,709,131,32,41,0,-1,-1,-1,-1
1386,79,660,140,36,41,0,-1,-1,-1,-1
1386,80,0,228,32,43,0,-1,-1,-1,-1
1387,72,709,131,32,41,0,-1,-1,-1,-1
1387,79,660,140,36,40,0,-1,-1,-1,-1
1387,80,0,227,32,44,0,-1,-1,-1,-1
1388,72,709,131,32,41,0,-1,-1,-1,-1
1388,79,660,140,37,40,0,-1,-1,-1,-1
1388,80,0,227,32,44,0,-1,-1,-1,-1
1389,72,709,131,33,41,0,-1,-1,-1,-1
1389,79,661,140,36,40,0,-1,-1,-1,-1
1389,80,0,227,32,43,0,-1,-1,-1,-1
1390,72,709,131,33,41,0,-1,-1,-1,-1
1390,79,661,140,36,40,0,-1,-1,-1,-1
1390,80,0,227,32,43,0,-1,-1,-1,-1
1391,72,709,131,33,41,0,-1,-1,-1,-1
1391,79,661,140,36,40,0,-1,-1,-1,-1
1391,80,0,228,32,42,0,-1,-1,-1,-1
1392,72,709,131,33,41,0,-1,-1,-1,-1
1392,79,662,141,35,38,0,-1,-1,-1,-1
1392,80,0,228,31,42,0,-1,-1,-1,-1
1393,72,709,131,33,41,0,-1,-1,-1,-1
1393,79,662,141,34,38,0,-1,-1,-1,-1
1393,80,0,229,31,41,0,-1,-1,-1,-1
1394,72,709,131,33,41,0,-1,-1,-1,-1
1394,79,662,142,34,38,0,-1,-1,-1,-1
1394,80,0,229,30,41,0,-1,-1,-1,-1
1395,72,710,131,32,41,0,-1,-1,-1,-1
1395,79,662,143,35,38,0,-1,-1,-1,-1
1395,80,0,230,30,40,0,-1,-1,-1,-1
1396,72,710,132,32,40,0,-1,-1,-1,-1
1396,79,662,143,35,38,0,-1,-1,-1,-1
1396,80,0,230,31,41,0,-1,-1,-1,-1
1397,72,710,132,32,40,0,-1,-1,-1,-1
1397,79,662,143,35,38,0,-1,-1,-1,-1
1397,80,0,230,31,41,0,-1,-1,-1,-1
1398,72,710,132,31,40,0,-1,-1,-1,-1
1398,79,662,143,35,38,0,-1,-1,-1,-1
1398,80,0,230,31,41,0,-1,-1,-1,-1
1399,72,710,132,31,40,0,-1,-1,-1,-1
1399,79,662,143,35,38,0,-1,-1,-1,-1
1399,80,0,230,31,41,0,-1,-1,-1,-1
1400,72,710,132,32,40,0,-1,-1,-1,-1
1400,79,661,142,36,39,0,-1,-1,-1,-1
1400,80,0,229,31,42,0,-1,-1,-1,-1
1401,72,710,132,32,40,0,-1,-1,-1,-1
1401,79,661,142,36,39,0,-1,-1,-1,-1
1401,80,0,229,32,42,0,-1,-1,-1,-1
1402,72,710,132,32,40,0,-1,-1,-1,-1
1402,79,661,142,36,39,0,-1,-1,-1,-1
1402,80,0,229,32,42,0,-1,-1,-1,-1
1403,72,711,131,32,41,0,-1,-1,-1,-1
1403,79,661,142,36,38,0,-1,-1,-1,-1
1403,80,0,229,32,42,0,-1,-1,-1,-1
1404,72,711,131,32,41,0,-1,-1,-1,-1
1404,79,660,142,36,38,0,-1,-1,-1,-1
1404,80,0,229,32,42,0,-1,-1,-1,-1
1405,72,711,131,33,41,0,-1,-1,-1,-1
1405,79,660,142,36,38,0,-1,-1,-1,-1
1405,80,0,229,32,42,0,-1,-1,-1,-1
1406,72,712,131,32,41,0,-1,-1,-1,-1
1406,79,660,142,36,39,0,-1,-1,-1,-1
1406,80,0,229,32,42,0,-1,-1,-1,-1
1407,72,712,131,33,41,0,-1,-1,-1,-1
1407,79,660,142,36,39,0,-1,-1,-1,-1
1407,80,0,230,31,41,0,-1,-1,-1,-1
1408,72,713,131,32,41,0,-1,-1,-1,-1
1408,79,660,143,36,39,0,-1,-1,-1,-1
1408,80,0,230,31,41,0,-1,-1,-1,-1
1409,72,713,131,32,41,0,-1,-1,-1,-1
1409,79,660,143,36,39,0,-1,-1,-1,-1
1409,80,0,230,31,41,0,-1,-1,-1,-1
1410,72,713,131,33,41,0,-1,-1,-1,-1
1410,79,660,143,36,39,0,-1,-1,-1,-1
1410,80,0,231,31,41,0,-1,-1,-1,-1
1411,72,714,131,32,41,0,-1,-1,-1,-1
1411,79,660,143,37,39,0,-1,-1,-1,-1
1411,80,0,231,31,41,0,-1,-1,-1,-1
1412,72,714,131,32,41,0,-1,-1,-1,-1
1412,79,660,143,37,39,0,-1,-1,-1,-1
1412,80,0,231,31,41,0,-1,-1,-1,-1
1413,72,714,131,32,41,0,-1,-1,-1,-1
1413,79,660,143,37,39,0,-1,-1,-1,-1
1413,80,0,231,31,41,0,-1,-1,-1,-1
1414,72,714,131,32,41,0,-1,-1,-1,-1
1414,79,660,144,37,38,0,-1,-1,-1,-1
1414,80,0,231,31,41,0,-1,-1,-1,-1
1415,72,715,131,32,41,0,-1,-1,-1,-1
1415,79,660,144,37,38,0,-1,-1,-1,-1
1415,80,0,231,31,41,0,-1,-1,-1,-1
1416,72,715,131,32,40,0,-1,-1,-1,-1
1416,79,660,144,37,38,0,-1,-1,-1,-1
1416,80,0,231,31,41,0,-1,-1,-1,-1
1417,72,715,131,32,40,0,-1,-1,-1,-1
1417,79,660,144,37,38,0,-1,-1,-1,-1
1417,80,0,231,31,41,0,-1,-1,-1,-1
1418,72,715,131,32,40,0,-1,-1,-1,-1
1418,79,660,144,37,39,0,-1,-1,-1,-1
1418,80,0,231,31,41,0,-1,-1,-1,-1
1419,72,716,131,31,40,0,-1,-1,-1,-1
1419,79,660,144,37,39,0,-1,-1,-1,-1
1419,80,0,231,31,41,0,-1,-1,-1,-1
1420,72,716,131,31,40,0,-1,-1,-1,-1
1420,79,660,144,37,39,0,-1,-1,-1,-1
1420,80,0,231,31,41,0,-1,-1,-1,-1
1421,72,716,131,32,40,0,-1,-1,-1,-1
1421,79,660,144,37,39,0,-1,-1,-1,-1
1421,80,0,231,31,41,0,-1,-1,-1,-1
1422,72,716,131,32,40,0,-1,-1,-1,-1
1422,79,661,144,36,39,0,-1,-1,-1,-1
1422,80,0,231,31,41,0,-1,-1,-1,-1
1423,72,716,131,32,40,0,-1,-1,-1,-1
1423,79,661,144,36,39,0,-1,-1,-1,-1
1423,80,0,231,31,41,0,-1,-1,-1,-1
1424,72,716,131,32,40,0,-1,-1,-1,-1
1424,79,661,144,36,39,0,-1,-1,-1,-1
1424,80,0,231,31,41,0,-1,-1,-1,-1
1425,72,717,131,32,41,0,-1,-1,-1,-1
1425,79,661,144,36,39,0,-1,-1,-1,-1
1425,80,0,231,31,41,0,-1,-1,-1,-1
1426,72,717,131,32,41,0,-1,-1,-1,-1
1426,79,661,144,36,39,0,-1,-1,-1,-1
1426,80,0,231,31,41,0,-1,-1,-1,-1
1427,72,717,131,32,41,0,-1,-1,-1,-1
1427,79,661,145,37,38,0,-1,-1,-1,-1
1427,80,0,232,31,41,0,-1,-1,-1,-1
1428,72,717,132,32,40,0,-1,-1,-1,-1
1428,79,662,145,36,38,0,-1,-1,-1,-1
1428,80,0,232,31,41,0,-1,-1,-1,-1
1429,72,717,132,32,40,0,-1,-1,-1,-1
1429,79,662,145,36,38,0,-1,-1,-1,-1
1429,80,0,232,31,41,0,-1,-1,-1,-1
1430,72,718,132,31,40,0,-1,-1,-1,-1
1430,79,662,145,36,38,0,-1,-1,-1,-1
1430,80,0,232,31,41,0,-1,-1,-1,-1
1431,72,718,132,32,40,0,-1,-1,-1,-1
1431,79,662,145,36,39,0,-1,-1,-1,-1
1431,80,0,232,31,41,0,-1,-1,-1,-1
1432,72,718,132,32,40,0,-1,-1,-1,-1
1432,79,662,145,36,39,0,-1,-1,-1,-1
1432,80,0,233,31,41,0,-1,-1,-1,-1
1433,72,718,132,32,40,0,-1,-1,-1,-1
1433,79,662,146,36,38,0,-1,-1,-1,-1
1433,80,0,233,30,41,0,-1,-1,-1,-1
1434,72,718,132,32,40,0,-1,-1,-1,-1
1434,79,663,146,36,38,0,-1,-1,-1,-1
1434,80,0,233,30,41,0,-1,-1,-1,-1
1435,72,718,133,32,40,0,-1,-1,-1,-1
1435,79,663,146,36,38,0,-1,-1,-1,-1
1435,80,0,234,30,40,0,-1,-1,-1,-1
1436,72,718,133,32,40,0,-1,-1,-1,-1
1436,79,664,146,36,38,0,-1,-1,-1,-1
1436,80,0,234,29,40,0,-1,-1,-1,-1
1437,72,718,133,32,40,0,-1,-1,-1,-1
1437,79,665,146,36,38,0,-1,-1,-1,-1
1437,80,0,234,28,41,0,-1,-1,-1,-1
1438,72,718,133,32,40,0,-1,-1,-1,-1
1438,79,665,145,36,39,0,-1,-1,-1,-1
1438,80,0,234,28,41,0,-1,-1,-1,-1
1439,72,718,134,32,39,0,-1,-1,-1,-1
1439,79,665,145,36,39,0,-1,-1,-1,-1
1439,80,0,234,28,40,0,-1,-1,-1,-1
1440,72,718,134,32,39,0,-1,-1,-1,-1
1440,79,665,145,36,39,0,-1,-1,-1,-1
1440,80,0,234,27,40,0,-1,-1,-1,-1
1441,72,718,134,32,40,0,-1,-1,-1,-1
1441,79,665,145,36,39,0,-1,-1,-1,-1
1441,80,0,234,27,40,0,-1,-1,-1,-1
1442,72,718,134,32,40,0,-1,-1,-1,-1
1442,79,666,145,35,39,0,-1,-1,-1,-1
1442,80,0,234,27,40,0,-1,-1,-1,-1
1443,72,718,134,32,40,0,-1,-1,-1,-1
1443,79,666,145,35,39,0,-1,-1,-1,-1
1443,80,0,234,27,40,0,-1,-1,-1,-1
1444,72,718,134,32,40,0,-1,-1,-1,-1
1444,79,666,145,35,39,0,-1,-1,-1,-1
1444,80,0,234,27,40,0,-1,-1,-1,-1
1445,72,718,134,32,40,0,-1,-1,-1,-1
1445,79,666,145,35,39,0,-1,-1,-1,-1
1445,80,0,234,26,40,0,-1,-1,-1,-1
1446,72,718,134,32,40,0,-1,-1,-1,-1
1446,79,666,145,35,38,0,-1,-1,-1,-1
1446,80,0,234,26,40,0,-1,-1,-1,-1
1447,72,718,134,32,40,0,-1,-1,-1,-1
1447,79,666,145,36,38,0,-1,-1,-1,-1
1447,80,0,234,26,40,0,-1,-1,-1,-1
1448,72,718,134,32,40,0,-1,-1,-1,-1
1448,79,667,145,35,38,0,-1,-1,-1,-1
1448,80,0,234,26,40,0,-1,-1,-1,-1
1449,72,718,134,32,40,0,-1,-1,-1,-1
1449,79,667,146,35,37,0,-1,-1,-1,-1
1449,80,0,234,26,40,0,-1,-1,-1,-1
1450,72,718,134,32,40,0,-1,-1,-1,-1
1450,79,668,146,34,37,0,-1,-1,-1,-1
1450,80,0,234,26,40,0,-1,-1,-1,-1
1451,72,719,134,31,40,0,-1,-1,-1,-1
1451,79,669,146,34,37,0,-1,-1,-1,-1
1451,80,0,235,25,40,0,-1,-1,-1,-1
1452,72,719,134,31,40,0,-1,-1,-1,-1
1452,79,670,146,34,37,0,-1,-1,-1,-1
1452,80,0,235,25,40,0,-1,-1,-1,-1
1453,72,719,134,31,39,0,-1,-1,-1,-1
1453,79,670,146,34,37,0,-1,-1,-1,-1
1453,80,0,235,24,41,0,-1,-1,-1,-1
1454,72,719,135,31,39,0,-1,-1,-1,-1
1454,79,671,147,34,36,0,-1,-1,-1,-1
1454,80,0,235,24,41,0,-1,-1,-1,-1
1455,72,719,135,31,39,0,-1,-1,-1,-1
1455,79,671,147,35,37,0,-1,-1,-1,-1
1455,80,0,236,24,41,0,-1,-1,-1,-1
1456,72,719,135,31,39,0,-1,-1,-1,-1
1456,79,671,147,35,37,0,-1,-1,-1,-1
1456,80,0,236,23,41,0,-1,-1,-1,-1
1457,72,719,135,31,38,0,-1,-1,-1,-1
1457,79,672,147,34,37,0,-1,-1,-1,-1
1457,80,0,236,23,41,0,-1,-1,-1,-1
1458,72,719,135,31,38,0,-1,-1,-1,-1
1458,79,673,147,34,37,0,-1,-1,-1,-1
1458,80,0,236,22,41,0,-1,-1,-1,-1
1459,72,719,135,31,39,0,-1,-1,-1,-1
1459,79,673,147,34,37,0,-1,-1,-1,-1
1459,80,0,236,22,42,0,-1,-1,-1,-1
1460,72,718,135,32,39,0,-1,-1,-1,-1
1460,79,673,147,34,37,0,-1,-1,-1,-1
1460,80,0,236,22,42,0,-1,-1,-1,-1
1461,72,718,135,32,39,0,-1,-1,-1,-1
1461,79,673,147,34,37,0,-1,-1,-1,-1
1461,80,0,236,21,42,0,-1,-1,-1,-1
1462,72,718,135,32,39,0,-1,-1,-1,-1
1462,79,674,147,33,37,0,-1,-1,-1,-1
1462,80,0,236,21,42,0,-1,-1,-1,-1
1463,72,718,135,32,39,0,-1,-1,-1,-1
1463,79,674,147,33,37,0,-1,-1,-1,-1
1463,80,0,237,21,41,0,-1,-1,-1,-1
1464,72,718,135,32,39,0,-1,-1,-1,-1
1464,79,674,147,33,37,0,-1,-1,-1,-1
1464,80,0,237,21,41,0,-1,-1,-1,-1
1465,72,718,135,32,39,0,-1,-1,-1,-1
1465,79,674,147,33,37,0,-1,-1,-1,-1
1465,80,0,237,21,41,0,-1,-1,-1,-1
1466,72,718,135,32,39,0,-1,-1,-1,-1
1466,79,674,147,33,37,0,-1,-1,-1,-1
1466,80,0,237,21,41,0,-1,-1,-1,-1
1467,72,718,135,32,40,0,-1,-1,-1,-1
1467,79,673,147,34,37,0,-1,-1,-1,-1
1467,80,0,237,21,41,0,-1,-1,-1,-1
1468,72,718,135,33,40,0,-1,-1,-1,-1
1468,79,673,147,34,37,0,-1,-1,-1,-1
1468,80,0,237,21,41,0,-1,-1,-1,-1
1469,72,718,135,32,40,0,-1,-1,-1,-1
1469,79,673,147,33,37,0,-1,-1,-1,-1
1469,80,0,237,21,41,0,-1,-1,-1,-1
1470,72,718,135,32,40,0,-1,-1,-1,-1
1470,79,672,147,34,37,0,-1,-1,-1,-1
1470,80,0,238,21,40,0,-1,-1,-1,-1
1471,72,718,135,32,40,0,-1,-1,-1,-1
1471,79,672,146,34,38,0,-1,-1,-1,-1
1471,80,0,238,21,40,0,-1,-1,-1,-1
1472,72,718,135,32,40,0,-1,-1,-1,-1
1472,79,672,146,34,38,0,-1,-1,-1,-1
1472,80,0,238,21,40,0,-1,-1,-1,-1
1473,72,718,135,32,40,0,-1,-1,-1,-1
1473,79,671,146,35,38,0,-1,-1,-1,-1
1473,80,0,238,21,40,0,-1,-1,-1,-1
1474,72,718,135,32,40,0,-1,-1,-1,-1
1474,79,671,146,35,38,0,-1,-1,-1,-1
1474,80,0,238,22,40,0,-1,-1,-1,-1
1475,72,718,135,33,40,0,-1,-1,-1,-1
1475,79,671,146,34,38,0,-1,-1,-1,-1
1475,80,0,238,22,40,0,-1,-1,-1,-1
1476,72,718,135,33,40,0,-1,-1,-1,-1
1476,79,671,146,34,38,0,-1,-1,-1,-1
1476,80,0,238,22,40,0,-1,-1,-1,-1
1477,72,718,135,32,40,0,-1,-1,-1,-1
1477,79,671,146,34,38,0,-1,-1,-1,-1
1477,80,0,238,22,40,0,-1,-1,-1,-1
1478,72,718,135,33,40,0,-1,-1,-1,-1
1478,79,671,146,34,38,0,-1,-1,-1,-1
1478,80,0,238,22,40,0,-1,-1,-1,-1
1479,72,718,135,33,40,0,-1,-1,-1,-1
1479,79,671,147,34,37,0,-1,-1,-1,-1
1479,80,0,238,22,40,0,-1,-1,-1,-1
1480,72,718,135,33,40,0,-1,-1,-1,-1
1480,79,671,147,34,37,0,-1,-1,-1,-1
1480,80,0,238,22,40,0,-1,-1,-1,-1
1481,72,718,135,33,40,0,-1,-1,-1,-1
1481,79,670,147,35,37,0,-1,-1,-1,-1
1481,80,0,238,22,40,0,-1,-1,-1,-1
1482,72,718,135,33,40,0,-1,-1,-1,-1
1482,79,670,147,35,38,0,-1,-1,-1,-1
1482,80,0,238,22,40,0,-1,-1,-1,-1
1483,72,718,135,33,40,0,-1,-1,-1,-1
1483,79,670,147,35,38,0,-1,-1,-1,-1
1483,80,0,238,22,39,0,-1,-1,-1,-1
1484,72,718,135,33,40,0,-1,-1,-1,-1
1484,79,670,147,35,38,0,-1,-1,-1,-1
1484,80,0,238,23,39,0,-1,-1,-1,-1
1485,72,718,135,33,40,0,-1,-1,-1,-1
1485,79,670,146,35,39,0,-1,-1,-1,-1
1485,80,0,238,23,39,0,-1,-1,-1,-1
1486,72,718,135,33,40,0,-1,-1,-1,-1
1486,79,670,146,35,39,0,-1,-1,-1,-1
1486,80,0,237,23,40,0,-1,-1,-1,-1
1487,72,718,136,33,40,0,-1,-1,-1,-1
1487,79,670,146,35,39,0,-1,-1,-1,-1
1487,80,0,237,23,40,0,-1,-1,-1,-1
1488,72,718,136,33,39,0,-1,-1,-1,-1
1488,79,670,146,35,39,0,-1,-1,-1,-1
1488,80,0,238,23,39,0,-1,-1,-1,-1
1489,72,718,136,33,39,0,-1,-1,-1,-1
1489,79,670,146,35,39,0,-1,-1,-1,-1
1489,80,0,238,23,39,0,-1,-1,-1,-1
1490,72,718,136,33,39,0,-1,-1,-1,-1
1490,79,670,146,35,39,0,-1,-1,-1,-1
1490,80,0,238,23,39,0,-1,-1,-1,-1
1491,72,718,136,33,39,0,-1,-1,-1,-1
1491,79,670,146,35,38,0,-1,-1,-1,-1
1491,80,0,237,23,41,0,-1,-1,-1,-1
1492,72,718,136,33,39,0,-1,-1,-1,-1
1492,79,670,146,35,38,0,-1,-1,-1,-1
1492,80,0,237,23,41,0,-1,-1,-1,-1
1493,72,718,136,33,39,0,-1,-1,-1,-1
1493,79,670,146,35,38,0,-1,-1,-1,-1
1493,80,0,237,23,41,0,-1,-1,-1,-1
1494,72,718,136,33,39,0,-1,-1,-1,-1
1494,79,670,146,35,38,0,-1,-1,-1,-1
1494,80,0,237,23,40,0,-1,-1,-1,-1
1495,72,718,136,33,39,0,-1,-1,-1,-1
1495,79,670,146,35,38,0,-1,-1,-1,-1
1495,80,0,237,23,40,0,-1,-1,-1,-1
1496,72,718,135,33,40,0,-1,-1,-1,-1
1496,79,671,146,35,38,0,-1,-1,-1,-1
1496,80,0,238,23,39,0,-1,-1,-1,-1
1497,72,718,135,33,40,0,-1,-1,-1,-1
1497,79,672,146,35,38,0,-1,-1,-1,-1
1497,80,0,238,22,39,0,-1,-1,-1,-1
1498,72,718,135,33,40,0,-1,-1,-1,-1
1498,79,672,146,35,38,0,-1,-1,-1,-1
1498,80,0,238,22,40,0,-1,-1,-1,-1
1498,107,563,143,15,38,0,-1,-1,-1,-1
1499,72,718,135,33,40,0,-1,-1,-1,-1
1499,79,674,147,34,37,0,-1,-1,-1,-1
1499,80,0,238,20,39,0,-1,-1,-1,-1
1499,107,562,143,16,40,0,-1,-1,-1,-1
1500,72,718,136,34,39,0,-1,-1,-1,-1
1500,79,677,147,33,37,0,-1,-1,-1,-1
1500,80,0,238,18,39,0,-1,-1,-1,-1
1500,107,563,142,17,42,0,-1,-1,-1,-1
1501,72,719,136,33,39,0,-1,-1,-1,-1
1501,79,678,148,33,36,0,-1,-1,-1,-1
1501,80,0,238,17,38,0,-1,-1,-1,-1
1501,107,563,141,17,44,0,-1,-1,-1,-1
1502,72,719,136,33,39,0,-1,-1,-1,-1
1502,79,680,148,32,36,0,-1,-1,-1,-1
1502,80,1254,148,26,39,0,-1,-1,-1,-1
1502,107,563,141,18,45,0,-1,-1,-1,-1
1503,72,719,136,33,40,0,-1,-1,-1,-1
1503,79,682,149,32,35,0,-1,-1,-1,-1
1503,80,1255,149,25,38,0,-1,-1,-1,-1
1503,107,564,142,18,42,0,-1,-1,-1,-1
1504,72,719,136,33,40,0,-1,-1,-1,-1
1504,79,683,149,32,36,0,-1,-1,-1,-1
1504,80,1255,149,25,38,0,-1,-1,-1,-1
1504,107,564,142,19,42,0,-1,-1,-1,-1
1505,72,719,136,33,40,0,-1,-1,-1,-1
1505,79,685,149,31,36,0,-1,-1,-1,-1
1505,80,1255,149,26,38,0,-1,-1,-1,-1
1505,107,566,141,19,41,0,-1,-1,-1,-1
1506,72,719,136,33,39,0,-1,-1,-1,-1
1506,79,687,149,30,36,0,-1,-1,-1,-1
1506,80,1257,149,26,37,0,-1,-1,-1,-1
1506,107,568,140,19,41,0,-1,-1,-1,-1
1507,72,720,136,32,39,0,-1,-1,-1,-1
1507,79,688,150,30,35,0,-1,-1,-1,-1
1507,80,1258,149,25,37,0,-1,-1,-1,-1
1507,107,568,140,20,40,0,-1,-1,-1,-1
1508,72,720,135,33,40,0,-1,-1,-1,-1
1508,79,689,149,30,35,0,-1,-1,-1,-1
1508,80,1261,150,25,37,0,-1,-1,-1,-1
1508,107,569,139,21,40,0,-1,-1,-1,-1
1509,72,720,135,33,39,0,-1,-1,-1,-1
1509,79,691,149,29,35,0,-1,-1,-1,-1
1509,80,1262,150,27,39,0,-1,-1,-1,-1
1509,107,572,137,21,41,0,-1,-1,-1,-1
1510,72,721,135,32,39,0,-1,-1,-1,-1
1510,79,691,149,29,35,0,-1,-1,-1,-1
1510,80,1263,150,27,39,0,-1,-1,-1,-1
1510,107,572,136,23,41,0,-1,-1,-1,-1
1511,72,721,135,32,39,0,-1,-1,-1,-1
1511,79,693,149,29,36,0,-1,-1,-1,-1
1511,80,1265,149,28,41,0,-1,-1,-1,-1
1511,107,574,135,23,41,0,-1,-1,-1,-1
1512,72,722,135,32,39,0,-1,-1,-1,-1
1512,79,694,149,30,37,0,-1,-1,-1,-1
1512,80,1267,151,27,39,0,-1,-1,-1,-1
1512,107,575,134,24,42,0,-1,-1,-1,-1
1513,72,722,135,32,39,0,-1,-1,-1,-1
1513,79,695,149,29,37,0,-1,-1,-1,-1
1513,80,1267,151,28,39,0,-1,-1,-1,-1
1513,107,575,134,25,42,0,-1,-1,-1,-1
1514,72,723,135,31,39,0,-1,-1,-1,-1
1514,79,697,148,28,37,0,-1,-1,-1,-1
1514,80,1269,152,27,38,0,-1,-1,-1,-1
1514,107,576,134,25,42,0,-1,-1,-1,-1
1515,72,723,135,31,38,0,-1,-1,-1,-1
1515,79,699,148,27,35,0,-1,-1,-1,-1
1515,80,1270,152,26,37,0,-1,-1,-1,-1
1515,107,576,134,26,42,0,-1,-1,-1,-1
1516,72,723,135,31,38,0,-1,-1,-1,-1
1516,79,699,147,27,36,0,-1,-1,-1,-1
1516,80,1270,152,27,37,0,-1,-1,-1,-1
1516,107,576,134,27,42,0,-1,-1,-1,-1
1517,72,724,135,30,38,0,-1,-1,-1,-1
1517,79,701,147,26,36,0,-1,-1,-1,-1
1517,80,1270,153,27,36,0,-1,-1,-1,-1
1517,107,577,134,26,42,0,-1,-1,-1,-1
1518,72,724,134,31,39,0,-1,-1,-1,-1
1518,79,702,147,26,35,0,-1,-1,-1,-1
1518,80,1270,153,27,36,0,-1,-1,-1,-1
1518,107,577,134,27,42,0,-1,-1,-1,-1
1519,72,724,134,31,39,0,-1,-1,-1,-1
1519,79,703,146,25,36,0,-1,-1,-1,-1
1519,80,1270,152,27,37,0,-1,-1,-1,-1
1519,107,577,134,27,42,0,-1,-1,-1,-1
1520,72,724,134,31,39,0,-1,-1,-1,-1
1520,79,704,146,25,35,0,-1,-1,-1,-1
1520,80,1270,152,27,37,0,-1,-1,-1,-1
1520,107,577,133,28,43,0,-1,-1,-1,-1
1521,72,724,134,31,39,0,-1,-1,-1,-1
1521,79,707,144,25,36,0,-1,-1,-1,-1
1521,80,1270,152,27,37,0,-1,-1,-1,-1
1521,107,576,133,29,43,0,-1,-1,-1,-1
1522,72,724,134,31,39,0,-1,-1,-1,-1
1522,79,708,144,25,36,0,-1,-1,-1,-1
1522,80,1270,152,26,37,0,-1,-1,-1,-1
1522,107,576,133,29,43,0,-1,-1,-1,-1
1523,72,725,134,30,39,0,-1,-1,-1,-1
1523,80,1270,152,26,36,0,-1,-1,-1,-1
1523,107,576,133,29,43,0,-1,-1,-1,-1
1524,72,725,134,31,39,0,-1,-1,-1,-1
1524,80,1270,152,26,36,0,-1,-1,-1,-1
1524,107,576,133,30,43,0,-1,-1,-1,-1
1525,72,725,134,31,39,0,-1,-1,-1,-1
1525,80,1270,152,26,36,0,-1,-1,-1,-1
1525,107,576,132,30,44,0,-1,-1,-1,-1
1526,72,726,133,30,40,0,-1,-1,-1,-1
1526,80,1269,152,27,36,0,-1,-1,-1,-1
1526,107,577,133,29,44,0,-1,-1,-1,-1
1527,72,727,133,30,39,0,-1,-1,-1,-1
1527,80,1268,152,28,36,0,-1,-1,-1,-1
1527,107,577,133,29,44,0,-1,-1,-1,-1
1528,72,727,133,30,39,0,-1,-1,-1,-1
1528,80,1268,152,27,36,0,-1,-1,-1,-1
1528,107,577,133,29,44,0,-1,-1,-1,-1
1529,72,728,133,30,39,0,-1,-1,-1,-1
1529,80,1267,152,28,36,0,-1,-1,-1,-1
1529,107,577,133,29,43,0,-1,-1,-1,-1
1530,72,729,133,29,38,0,-1,-1,-1,-1
1530,80,1267,151,28,37,0,-1,-1,-1,-1
1530,107,577,134,29,42,0,-1,-1,-1,-1
1531,72,730,132,28,39,0,-1,-1,-1,-1
1531,80,1266,151,29,38,0,-1,-1,-1,-1
1531,107,577,134,29,42,0,-1,-1,-1,-1
1532,72,731,133,27,38,0,-1,-1,-1,-1
1532,80,1265,151,29,38,0,-1,-1,-1,-1
1532,107,577,134,29,43,0,-1,-1,-1,-1
1533,72,732,134,27,37,0,-1,-1,-1,-1
1533,80,1265,151,28,38,0,-1,-1,-1,-1
1533,107,577,134,29,43,0,-1,-1,-1,-1
1534,72,732,134,27,37,0,-1,-1,-1,-1
1534,80,1264,151,29,38,0,-1,-1,-1,-1
1534,107,576,134,30,43,0,-1,-1,-1,-1
1535,72,732,133,28,38,0,-1,-1,-1,-1
1535,80,1264,151,29,38,0,-1,-1,-1,-1
1535,107,576,134,29,43,0,-1,-1,-1,-1
1536,72,733,133,27,38,0,-1,-1,-1,-1
1536,80,1263,150,30,39,0,-1,-1,-1,-1
1536,107,575,134,29,43,0,-1,-1,-1,-1
1537,72,733,133,27,38,0,-1,-1,-1,-1
1537,80,1263,150,29,39,0,-1,-1,-1,-1
1537,107,575,134,29,43,0,-1,-1,-1,-1
1538,72,733,133,27,38,0,-1,-1,-1,-1
1538,80,1262,150,30,39,0,-1,-1,-1,-1
1538,107,575,134,29,43,0,-1,-1,-1,-1
1539,72,734,133,26,37,0,-1,-1,-1,-1
1539,80,1261,149,30,40,0,-1,-1,-1,-1
1539,107,574,134,29,43,0,-1,-1,-1,-1
1540,72,734,133,26,36,0,-1,-1,-1,-1
1540,80,1261,149,30,40,0,-1,-1,-1,-1
1540,107,574,134,28,43,0,-1,-1,-1,-1
1541,72,734,133,25,37,0,-1,-1,-1,-1
1541,80,1261,150,30,39,0,-1,-1,-1,-1
1541,107,573,134,29,43,0,-1,-1,-1,-1
1542,72,733,133,26,37,0,-1,-1,-1,-1
1542,80,1261,150,29,39,0,-1,-1,-1,-1
1542,107,573,134,28,43,0,-1,-1,-1,-1
1543,72,733,132,25,38,0,-1,-1,-1,-1
1543,80,1260,150,29,38,0,-1,-1,-1,-1
1543,107,573,134,28,43,0,-1,-1,-1,-1
1544,72,732,132,26,39,0,-1,-1,-1,-1
1544,80,1259,150,29,38,0,-1,-1,-1,-1
1544,107,573,135,28,43,0,-1,-1,-1,-1
1545,72,731,133,26,38,0,-1,-1,-1,-1
1545,80,1259,150,28,38,0,-1,-1,-1,-1
1545,107,572,136,29,43,0,-1,-1,-1,-1
1546,72,731,133,26,39,0,-1,-1,-1,-1
1546,80,1258,151,29,37,0,-1,-1,-1,-1
1546,107,572,136,29,44,0,-1,-1,-1,-1
1547,72,730,133,26,39,0,-1,-1,-1,-1
1547,80,1257,151,28,37,0,-1,-1,-1,-1
1547,107,572,137,29,44,0,-1,-1,-1,-1
1548,72,728,134,26,39,0,-1,-1,-1,-1
1548,80,1255,151,28,37,0,-1,-1,-1,-1
1548,107,573,138,28,44,0,-1,-1,-1,-1
1549,72,727,134,26,39,0,-1,-1,-1,-1
1549,80,1254,151,28,37,0,-1,-1,-1,-1
1549,107,573,138,28,44,0,-1,-1,-1,-1
1550,72,724,134,27,41,0,-1,-1,-1,-1
1550,80,1252,152,28,36,0,-1,-1,-1,-1
1550,107,573,138,29,45,0,-1,-1,-1,-1
1551,72,722,134,27,41,0,-1,-1,-1,-1
1551,80,1250,152,27,35,0,-1,-1,-1,-1
1551,107,574,139,28,44,0,-1,-1,-1,-1
1552,72,722,134,26,40,0,-1,-1,-1,-1
1552,80,1250,152,26,35,0,-1,-1,-1,-1
1552,107,574,139,28,44,0,-1,-1,-1,-1
1553,72,720,134,27,42,0,-1,-1,-1,-1
1553,80,1249,152,27,35,0,-1,-1,-1,-1
1553,107,574,140,28,43,0,-1,-1,-1,-1
1554,72,718,133,27,44,0,-1,-1,-1,-1
1554,80,1249,151,27,36,0,-1,-1,-1,-1
1554,107,575,140,28,43,0,-1,-1,-1,-1
1555,72,717,133,28,44,0,-1,-1,-1,-1
1555,80,1249,151,27,36,0,-1,-1,-1,-1
1555,107,575,140,28,44,0,-1,-1,-1,-1
1556,72,717,133,26,43,0,-1,-1,-1,-1
1556,80,1249,152,26,36,0,-1,-1,-1,-1
1556,107,576,140,27,44,0,-1,-1,-1,-1
1557,72,716,133,26,43,0,-1,-1,-1,-1
1557,80,1250,151,26,38,0,-1,-1,-1,-1
1557,107,576,140,28,44,0,-1,-1,-1,-1
1558,72,716,133,25,43,0,-1,-1,-1,-1
1558,80,1250,151,27,38,0,-1,-1,-1,-1
1558,107,576,140,29,44,0,-1,-1,-1,-1
1559,72,713,134,26,44,0,-1,-1,-1,-1
1559,80,1252,152,27,37,0,-1,-1,-1,-1
1559,107,577,139,29,46,0,-1,-1,-1,-1
1560,72,712,140,22,38,0,-1,-1,-1,-1
1560,80,1255,152,26,37,0,-1,-1,-1,-1
1560,107,578,139,29,46,0,-1,-1,-1,-1
1561,72,712,141,21,38,0,-1,-1,-1,-1
1561,80,1256,153,26,36,0,-1,-1,-1,-1
1561,107,578,139,29,45,0,-1,-1,-1,-1
1562,72,711,141,21,37,0,-1,-1,-1,-1
1562,80,1259,154,26,35,0,-1,-1,-1,-1
1562,107,579,139,29,45,0,-1,-1,-1,-1
1563,72,710,142,22,36,0,-1,-1,-1,-1
1563,80,1263,155,26,35,0,-1,-1,-1,-1
1563,107,582,140,28,44,0,-1,-1,-1,-1
1564,72,710,142,21,36,0,-1,-1,-1,-1
1564,80,1265,155,25,35,0,-1,-1,-1,-1
1564,107,583,141,27,43,0,-1,-1,-1,-1
1565,72,710,142,21,36,0,-1,-1,-1,-1
1565,80,1267,156,26,35,0,-1,-1,-1,-1
1565,107,585,140,28,44,0,-1,-1,-1,-1
1566,72,709,142,21,36,0,-1,-1,-1,-1
1566,80,1270,157,26,34,0,-1,-1,-1,-1
1566,107,587,140,29,45,0,-1,-1,-1,-1
1567,72,709,142,21,36,0,-1,-1,-1,-1
1567,80,1271,157,26,34,0,-1,-1,-1,-1
1567,107,588,140,29,45,0,-1,-1,-1,-1
1568,72,708,142,21,36,0,-1,-1,-1,-1
1568,80,1272,157,26,35,0,-1,-1,-1,-1
1568,107,590,140,29,44,0,-1,-1,-1,-1
1569,72,708,143,21,35,0,-1,-1,-1,-1
1569,80,1273,157,27,35,0,-1,-1,-1,-1
1569,107,592,140,29,44,0,-1,-1,-1,-1
1570,72,708,143,21,35,0,-1,-1,-1,-1
1570,80,1273,157,27,35,0,-1,-1,-1,-1
1570,107,593,139,29,46,0,-1,-1,-1,-1
1571,72,708,144,20,34,0,-1,-1,-1,-1
1571,80,1274,157,27,36,0,-1,-1,-1,-1
1571,107,594,139,30,45,0,-1,-1,-1,-1
1572,72,708,144,20,34,0,-1,-1,-1,-1
1572,80,1274,157,27,36,0,-1,-1,-1,-1
1572,107,598,139,29,45,0,-1,-1,-1,-1
1573,72,708,145,20,33,0,-1,-1,-1,-1
1573,80,1274,157,27,36,0,-1,-1,-1,-1
1573,107,599,139,29,45,0,-1,-1,-1,-1
1574,72,708,145,20,33,0,-1,-1,-1,-1
1574,80,1275,157,27,35,0,-1,-1,-1,-1
1574,107,601,139,29,45,0,-1,-1,-1,-1
1575,72,708,144,20,34,0,-1,-1,-1,-1
1575,80,1276,156,27,36,0,-1,-1,-1,-1
1575,107,603,138,29,46,0,-1,-1,-1,-1
1575,113,781,164,27,37,0,-1,-1,-1,-1
1576,72,708,144,20,34,0,-1,-1,-1,-1
1576,80,1276,156,27,36,0,-1,-1,-1,-1
1576,107,603,138,30,46,0,-1,-1,-1,-1
1576,113,781,164,26,38,0,-1,-1,-1,-1
1577,72,709,145,19,33,0,-1,-1,-1,-1
1577,80,1277,156,27,36,0,-1,-1,-1,-1
1577,107,606,138,29,46,0,-1,-1,-1,-1
1577,113,779,164,28,38,0,-1,-1,-1,-1
1578,72,709,145,19,33,0,-1,-1,-1,-1
1578,80,1278,157,27,35,0,-1,-1,-1,-1
1578,107,608,138,29,45,0,-1,-1,-1,-1
1578,113,778,163,29,41,0,-1,-1,-1,-1
1579,72,709,145,19,33,0,-1,-1,-1,-1
1579,80,1278,157,27,35,0,-1,-1,-1,-1
1579,107,608,138,29,45,0,-1,-1,-1,-1
1579,113,777,162,30,42,0,-1,-1,-1,-1
1580,72,709,144,20,34,0,-1,-1,-1,-1
1580,80,1278,157,27,35,0,-1,-1,-1,-1
1580,107,609,139,29,45,0,-1,-1,-1,-1
1580,113,776,162,30,42,0,-1,-1,-1,-1
1581,72,710,144,19,34,0,-1,-1,-1,-1
1581,80,1278,157,27,35,0,-1,-1,-1,-1
1581,107,611,139,28,45,0,-1,-1,-1,-1
1581,113,774,163,31,42,0,-1,-1,-1,-1
1582,72,710,144,19,34,0,-1,-1,-1,-1
1582,80,1278,157,27,35,0,-1,-1,-1,-1
1582,107,611,139,29,45,0,-1,-1,-1,-1
1582,113,773,163,32,43,0,-1,-1,-1,-1
1583,72,710,144,19,34,0,-1,-1,-1,-1
1583,80,1278,157,27,35,0,-1,-1,-1,-1
1583,107,612,140,28,44,0,-1,-1,-1,-1
1583,113,772,164,32,43,0,-1,-1,-1,-1
1584,72,710,144,19,34,0,-1,-1,-1,-1
1584,80,1278,157,27,35,0,-1,-1,-1,-1
1584,107,611,140,28,44,0,-1,-1,-1,-1
1584,113,770,164,32,44,0,-1,-1,-1,-1
1585,72,710,144,19,34,0,-1,-1,-1,-1
1585,80,1278,157,27,35,0,-1,-1,-1,-1
1585,107,611,141,28,43,0,-1,-1,-1,-1
1585,113,769,164,33,44,0,-1,-1,-1,-1
1586,72,711,144,18,34,0,-1,-1,-1,-1
1586,80,1278,157,26,35,0,-1,-1,-1,-1
1586,107,611,141,28,44,0,-1,-1,-1,-1
1586,113,768,165,33,44,0,-1,-1,-1,-1
1587,72,711,144,18,33,0,-1,-1,-1,-1
1587,80,1278,157,26,35,0,-1,-1,-1,-1
1587,107,612,141,27,44,0,-1,-1,-1,-1
1587,113,767,166,33,44,0,-1,-1,-1,-1
1588,72,711,144,18,33,0,-1,-1,-1,-1
1588,80,1278,157,26,35,0,-1,-1,-1,-1
1588,107,612,141,27,44,0,-1,-1,-1,-1
1588,113,766,167,33,43,0,-1,-1,-1,-1
1589,72,711,145,18,32,0,-1,-1,-1,-1
1589,80,1278,157,26,35,0,-1,-1,-1,-1
1589,107,611,141,27,44,0,-1,-1,-1,-1
1589,113,764,167,34,44,0,-1,-1,-1,-1
1590,80,1277,157,27,34,0,-1,-1,-1,-1
1590,107,610,141,27,43,0,-1,-1,-1,-1
1590,113,762,166,34,45,0,-1,-1,-1,-1
1591,80,1277,157,26,34,0,-1,-1,-1,-1
1591,107,609,141,28,43,0,-1,-1,-1,-1
1591,113,761,166,35,45,0,-1,-1,-1,-1
1592,80,1277,156,26,35,0,-1,-1,-1,-1
1592,107,608,141,28,43,0,-1,-1,-1,-1
1592,113,758,164,36,46,0,-1,-1,-1,-1
1593,80,1277,156,26,35,0,-1,-1,-1,-1
1593,107,607,141,28,43,0,-1,-1,-1,-1
1593,113,755,163,36,47,0,-1,-1,-1,-1
1594,80,1277,156,26,35,0,-1,-1,-1,-1
1594,107,606,142,28,42,0,-1,-1,-1,-1
1594,113,754,163,36,47,0,-1,-1,-1,-1
1595,80,1276,156,27,35,0,-1,-1,-1,-1
1595,107,605,142,28,42,0,-1,-1,-1,-1
1595,113,751,162,37,47,0,-1,-1,-1,-1
1596,80,1276,156,27,35,0,-1,-1,-1,-1
1596,107,604,142,29,43,0,-1,-1,-1,-1
1596,113,746,161,38,48,0,-1,-1,-1,-1
1597,80,1276,156,27,35,0,-1,-1,-1,-1
1597,107,603,142,30,43,0,-1,-1,-1,-1
1597,113,745,161,38,48,0,-1,-1,-1,-1
1598,80,1276,156,27,35,0,-1,-1,-1,-1
1598,107,603,142,29,43,0,-1,-1,-1,-1
1598,113,741,161,39,48,0,-1,-1,-1,-1
1599,80,1277,156,26,35,0,-1,-1,-1,-1
1599,107,602,142,30,43,0,-1,-1,-1,-1
1599,113,737,162,39,48,0,-1,-1,-1,-1
1600,80,1277,156,26,35,0,-1,-1,-1,-1
1600,107,602,142,30,43,0,-1,-1,-1,-1
1600,113,735,162,39,49,0,-1,-1,-1,-1
1601,80,1277,156,26,35,0,-1,-1,-1,-1
1601,107,602,142,30,43,0,-1,-1,-1,-1
1601,113,730,164,39,48,0,-1,-1,-1,-1
1602,80,1277,156,26,35,0,-1,-1,-1,-1
1602,107,603,142,30,43,0,-1,-1,-1,-1
1602,113,724,168,39,47,0,-1,-1,-1,-1
1603,80,1277,156,26,35,0,-1,-1,-1,-1
1603,107,603,142,30,43,0,-1,-1,-1,-1
1603,113,722,169,39,47,0,-1,-1,-1,-1
1604,80,1277,156,26,35,0,-1,-1,-1,-1
1604,107,603,142,31,43,0,-1,-1,-1,-1
1604,113,716,171,39,48,0,-1,-1,-1,-1
1605,80,1277,156,27,35,0,-1,-1,-1,-1
1605,107,603,142,31,43,0,-1,-1,-1,-1
1605,113,709,177,39,47,0,-1,-1,-1,-1
1606,80,1276,155,27,36,0,-1,-1,-1,-1
1606,107,604,142,31,43,0,-1,-1,-1,-1
1606,113,706,179,39,46,0,-1,-1,-1,-1
1607,80,1276,155,27,36,0,-1,-1,-1,-1
1607,107,604,142,31,43,0,-1,-1,-1,-1
1607,113,699,181,39,48,0,-1,-1,-1,-1
1608,80,1274,155,28,36,0,-1,-1,-1,-1
1608,107,605,142,31,44,0,-1,-1,-1,-1
1608,113,688,183,41,50,0,-1,-1,-1,-1
1609,80,1274,155,27,36,0,-1,-1,-1,-1
1609,107,605,142,32,44,0,-1,-1,-1,-1
1609,113,684,184,42,50,0,-1,-1,-1,-1
1610,80,1272,153,28,37,0,-1,-1,-1,-1
1610,107,606,142,32,44,0,-1,-1,-1,-1
1610,113,675,185,43,51,0,-1,-1,-1,-1
1611,80,1269,153,28,36,0,-1,-1,-1,-1
1611,107,607,143,32,44,0,-1,-1,-1,-1
1611,113,666,186,44,51,0,-1,-1,-1,-1
1612,80,1268,153,27,36,0,-1,-1,-1,-1
1612,107,608,143,31,44,0,-1,-1,-1,-1
1612,113,663,187,44,50,0,-1,-1,-1,-1
1613,80,1265,153,28,35,0,-1,-1,-1,-1
1613,107,609,144,31,43,0,-1,-1,-1,-1
1613,113,658,188,44,50,0,-1,-1,-1,-1
1614,80,1263,151,28,37,0,-1,-1,-1,-1
1614,107,611,145,31,43,0,-1,-1,-1,-1
1614,113,652,187,46,53,0,-1,-1,-1,-1
1615,80,1262,151,28,37,0,-1,-1,-1,-1
1615,107,611,145,32,44,0,-1,-1,-1,-1
1615,113,650,186,46,54,0,-1,-1,-1,-1
1616,80,1261,151,27,37,0,-1,-1,-1,-1
1616,107,613,145,32,44,0,-1,-1,-1,-1
1616,113,647,187,47,54,0,-1,-1,-1,-1
1617,80,1259,151,28,37,0,-1,-1,-1,-1
1617,107,614,145,32,44,0,-1,-1,-1,-1
1617,113,645,188,46,54,0,-1,-1,-1,-1
1618,80,1259,151,27,37,0,-1,-1,-1,-1
1618,107,615,145,32,44,0,-1,-1,-1,-1
1618,113,644,189,47,54,0,-1,-1,-1,-1
1619,80,1258,151,27,36,0,-1,-1,-1,-1
1619,107,616,146,32,44,0,-1,-1,-1,-1
1619,113,644,192,46,53,0,-1,-1,-1,-1
1620,80,1257,150,28,37,0,-1,-1,-1,-1
1620,107,617,146,32,45,0,-1,-1,-1,-1
1620,113,643,195,46,54,0,-1,-1,-1,-1
1621,80,1257,150,28,37,0,-1,-1,-1,-1
1621,107,617,146,33,45,0,-1,-1,-1,-1
1621,113,643,197,47,53,0,-1,-1,-1,-1
1622,80,1255,149,29,38,0,-1,-1,-1,-1
1622,107,618,146,33,45,0,-1,-1,-1,-1
1622,113,644,200,47,54,0,-1,-1,-1,-1
1623,80,1254,149,29,39,0,-1,-1,-1,-1
1623,107,620,147,32,43,0,-1,-1,-1,-1
1623,113,646,203,48,56,0,-1,-1,-1,-1
1624,80,1254,149,28,39,0,-1,-1,-1,-1
1624,107,620,147,32,43,0,-1,-1,-1,-1
1624,113,646,205,49,56,0,-1,-1,-1,-1
1625,80,1253,148,29,40,0,-1,-1,-1,-1
1625,107,621,147,32,43,0,-1,-1,-1,-1
1625,113,649,207,49,57,0,-1,-1,-1,-1
1626,80,1252,147,29,40,0,-1,-1,-1,-1
1626,107,623,147,32,43,0,-1,-1,-1,-1
1626,113,652,208,50,58,0,-1,-1,-1,-1
1627,80,1252,147,28,40,0,-1,-1,-1,-1
1627,107,624,147,32,43,0,-1,-1,-1,-1
1627,113,653,208,51,59,0,-1,-1,-1,-1
1628,80,1251,146,28,41,0,-1,-1,-1,-1
1628,107,625,147,32,44,0,-1,-1,-1,-1
1628,113,656,208,51,60,0,-1,-1,-1,-1
1629,80,1250,147,28,39,0,-1,-1,-1,-1
1629,107,626,147,33,44,0,-1,-1,-1,-1
1629,113,658,208,51,60,0,-1,-1,-1,-1
1630,80,1250,147,27,39,0,-1,-1,-1,-1
1630,107,626,147,33,44,0,-1,-1,-1,-1
1630,113,658,208,52,60,0,-1,-1,-1,-1
1631,80,1248,146,27,40,0,-1,-1,-1,-1
1631,107,628,147,33,44,0,-1,-1,-1,-1
1631,113,659,207,53,61,0,-1,-1,-1,-1
1632,80,1247,146,28,39,0,-1,-1,-1,-1
1632,107,629,147,33,44,0,-1,-1,-1,-1
1632,113,660,207,54,62,0,-1,-1,-1,-1
1633,80,1246,146,29,39,0,-1,-1,-1,-1
1633,107,630,147,33,44,0,-1,-1,-1,-1
1633,113,660,207,54,63,0,-1,-1,-1,-1
1634,80,1244,145,29,40,0,-1,-1,-1,-1
1634,107,630,146,33,45,0,-1,-1,-1,-1
1634,113,661,208,55,64,0,-1,-1,-1,-1
1635,80,1243,142,32,43,0,-1,-1,-1,-1
1635,107,632,147,33,44,0,-1,-1,-1,-1
1635,113,662,211,56,66,0,-1,-1,-1,-1
1636,80,1243,140,34,45,0,-1,-1,-1,-1
1636,107,633,147,32,44,0,-1,-1,-1,-1
1636,113,662,212,57,66,0,-1,-1,-1,-1
1637,80,1241,139,34,45,0,-1,-1,-1,-1
1637,107,633,147,33,44,0,-1,-1,-1,-1
1637,113,663,216,57,67,0,-1,-1,-1,-1
1638,80,1238,139,34,44,0,-1,-1,-1,-1
1638,107,634,145,34,47,0,-1,-1,-1,-1
1638,113,663,222,58,68,0,-1,-1,-1,-1
1639,80,1237,140,33,43,0,-1,-1,-1,-1
1639,107,635,145,34,47,0,-1,-1,-1,-1
1639,113,664,224,58,69,0,-1,-1,-1,-1
1640,80,1233,140,32,43,0,-1,-1,-1,-1
1640,107,635,144,35,48,0,-1,-1,-1,-1
1640,113,663,228,59,70,0,-1,-1,-1,-1
1641,107,637,144,34,47,0,-1,-1,-1,-1
1641,113,660,232,61,72,0,-1,-1,-1,-1
1642,107,637,144,34,47,0,-1,-1,-1,-1
1642,113,659,234,61,72,0,-1,-1,-1,-1
1643,107,637,143,35,48,0,-1,-1,-1,-1
1643,113,658,237,60,72,0,-1,-1,-1,-1
1644,107,638,143,34,48,0,-1,-1,-1,-1
1644,113,655,238,62,74,0,-1,-1,-1,-1
1645,107,639,143,33,47,0,-1,-1,-1,-1
1645,113,654,239,63,75,0,-1,-1,-1,-1
1646,107,639,143,34,48,0,-1,-1,-1,-1
1646,113,654,238,64,77,0,-1,-1,-1,-1
1647,107,641,144,33,47,0,-1,-1,-1,-1
1647,113,656,238,65,77,0,-1,-1,-1,-1
1648,107,641,144,33,47,0,-1,-1,-1,-1
1648,113,657,238,65,78,0,-1,-1,-1,-1
1649,107,642,145,33,47,0,-1,-1,-1,-1
1649,113,659,238,66,79,0,-1,-1,-1,-1
1650,107,644,146,31,46,0,-1,-1,-1,-1
1650,113,663,240,68,82,0,-1,-1,-1,-1
1651,107,644,146,31,46,0,-1,-1,-1,-1
1651,113,665,241,69,82,0,-1,-1,-1,-1
1652,107,645,145,32,47,0,-1,-1,-1,-1
1652,113,670,245,70,84,0,-1,-1,-1,-1
1653,107,647,145,31,47,0,-1,-1,-1,-1
1653,113,677,252,71,86,0,-1,-1,-1,-1
1654,107,647,145,32,46,0,-1,-1,-1,-1
1654,113,680,255,71,86,0,-1,-1,-1,-1
1655,107,649,144,31,47,0,-1,-1,-1,-1
1655,113,686,260,73,88,0,-1,-1,-1,-1
1656,107,651,145,31,46,0,-1,-1,-1,-1
1656,113,696,266,76,90,0,-1,-1,-1,-1
1657,107,652,145,31,46,0,-1,-1,-1,-1
1657,113,699,268,77,92,0,-1,-1,-1,-1
1658,107,653,145,32,47,0,-1,-1,-1,-1
1658,113,709,272,78,92,0,-1,-1,-1,-1
1659,107,655,146,31,47,0,-1,-1,-1,-1
1659,113,722,275,79,93,0,-1,-1,-1,-1
1660,107,655,146,32,47,0,-1,-1,-1,-1
1660,113,727,276,79,93,0,-1,-1,-1,-1
1661,107,655,145,32,47,0,-1,-1,-1,-1
1661,113,736,277,82,96,0,-1,-1,-1,-1
1662,107,657,144,32,48,0,-1,-1,-1,-1
1662,113,746,275,84,101,0,-1,-1,-1,-1
1663,107,657,144,32,47,0,-1,-1,-1,-1
1663,113,749,275,86,102,0,-1,-1,-1,-1
1664,107,659,143,32,48,0,-1,-1,-1,-1
1664,113,755,276,89,105,0,-1,-1,-1,-1
1665,107,661,142,32,48,0,-1,-1,-1,-1
1665,113,763,277,92,109,0,-1,-1,-1,-1
1666,107,662,142,32,48,0,-1,-1,-1,-1
1666,113,766,278,92,110,0,-1,-1,-1,-1
1667,107,663,142,31,48,0,-1,-1,-1,-1
1667,113,771,284,95,113,0,-1,-1,-1,-1
1668,107,664,143,32,47,0,-1,-1,-1,-1
1668,113,777,293,97,117,0,-1,-1,-1,-1
1669,107,665,143,31,47,0,-1,-1,-1,-1
1669,113,779,297,99,118,0,-1,-1,-1,-1
1670,107,666,143,32,47,0,-1,-1,-1,-1
1670,113,785,307,99,120,0,-1,-1,-1,-1
1671,107,669,143,31,47,0,-1,-1,-1,-1
1671,113,790,321,102,123,0,-1,-1,-1,-1
1672,107,669,143,32,47,0,-1,-1,-1,-1
1672,113,792,326,103,124,0,-1,-1,-1,-1
1673,107,671,143,31,48,0,-1,-1,-1,-1
1673,113,796,336,105,127,0,-1,-1,-1,-1
1674,107,673,144,31,47,0,-1,-1,-1,-1
1674,113,799,345,108,132,0,-1,-1,-1,-1
1675,107,674,144,31,47,0,-1,-1,-1,-1
1675,113,800,349,109,133,0,-1,-1,-1,-1
1676,107,677,145,30,46,0,-1,-1,-1,-1
1676,113,802,357,111,135,0,-1,-1,-1,-1
1677,107,679,145,30,47,0,-1,-1,-1,-1
1677,113,807,366,112,137,0,-1,-1,-1,-1
1678,107,680,145,30,48,0,-1,-1,-1,-1
1678,113,808,369,113,138,0,-1,-1,-1,-1
1679,107,683,146,29,46,0,-1,-1,-1,-1
1679,113,814,376,115,140,0,-1,-1,-1,-1
1680,107,686,147,29,45,0,-1,-1,-1,-1
1680,113,824,382,119,145,0,-1,-1,-1,-1
1681,107,687,148,29,44,0,-1,-1,-1,-1
1681,113,827,384,121,147,0,-1,-1,-1,-1
1682,107,689,147,30,47,0,-1,-1,-1,-1
1682,113,839,390,125,151,0,-1,-1,-1,-1
1683,107,691,146,31,48,0,-1,-1,-1,-1
1683,113,849,378,147,182,0,-1,-1,-1,-1
1684,107,692,146,31,48,0,-1,-1,-1,-1
1684,113,853,373,155,194,0,-1,-1,-1,-1
1685,107,697,148,30,46,0,-1,-1,-1,-1
1685,113,871,381,160,205,0,-1,-1,-1,-1
1686,113,915,406,139,176,0,-1,-1,-1,-1
1687,113,932,416,131,164,0,-1,-1,-1,-1
1688,113,965,434,130,161,0,-1,-1,-1,-1
