374,1,272,419,44,39,0.25767019391059875,-1,-1,-1,-1
375,1,272,418,44,40,0.25835585594177246,-1,-1,-1,-1
376,1,272,419,44,39,0.2513645887374878,-1,-1,-1,-1
377,1,272,419,44,39,0.26054081320762634,-1,-1,-1,-1
378,1,272,418,44,40,0.2710840404033661,-1,-1,-1,-1
379,1,272,419,44,39,0.2612133026123047,-1,-1,-1,-1
380,1,272,419,44,39,0.25791653990745544,-1,-1,-1,-1
381,1,272,419,44,39,0.25658807158470154,-1,-1,-1,-1
382,1,272,419,44,39,0.26742786169052124,-1,-1,-1,-1
383,1,272,418,44,40,0.26997676491737366,-1,-1,-1,-1
385,1,272,418,44,40,0.2649843990802765,-1,-1,-1,-1
386,1,271,418,45,40,0.26870429515838623,-1,-1,-1,-1
387,1,272,418,44,40,0.2728678286075592,-1,-1,-1,-1
388,1,272,418,44,40,0.27517423033714294,-1,-1,-1,-1
389,1,272,418,44,40,0.2754875421524048,-1,-1,-1,-1
390,1,272,418,44,40,0.27655693888664246,-1,-1,-1,-1
391,1,272,418,44,40,0.2786014676094055,-1,-1,-1,-1
392,1,272,418,44,40,0.2780383229255676,-1,-1,-1,-1
393,1,272,418,44,40,0.2750207781791687,-1,-1,-1,-1
394,1,272,418,44,40,0.273123174905777,-1,-1,-1,-1
395,1,271,418,45,40,0.28746354579925537,-1,-1,-1,-1
396,1,272,418,44,40,0.2889934480190277,-1,-1,-1,-1
397,1,271,418,45,40,0.28656595945358276,-1,-1,-1,-1
398,1,272,419,44,39,0.2722960114479065,-1,-1,-1,-1
399,1,272,419,44,39,0.27086785435676575,-1,-1,-1,-1
400,1,272,419,44,39,0.2637830674648285,-1,-1,-1,-1
401,1,272,419,45,39,0.2649169862270355,-1,-1,-1,-1
402,1,272,419,45,39,0.26620736718177795,-1,-1,-1,-1
403,1,272,419,45,39,0.27275213599205017,-1,-1,-1,-1
404,1,272,419,45,39,0.2640097439289093,-1,-1,-1,-1
405,1,272,419,45,39,0.2590484619140625,-1,-1,-1,-1
406,1,272,419,45,39,0.25796929001808167,-1,-1,-1,-1
407,1,272,419,45,39,0.2592907249927521,-1,-1,-1,-1
408,1,272,419,45,39,0.25230830907821655,-1,-1,-1,-1
409,1,272,419,45,39,0.25264090299606323,-1,-1,-1,-1
414,1,272,419,44,39,0.25073233246803284,-1,-1,-1,-1
480,1,273,419,43,39,0.2528921663761139,-1,-1,-1,-1
481,1,273,419,43,39,0.2524532377719879,-1,-1,-1,-1
482,1,273,419,43,39,0.25253722071647644,-1,-1,-1,-1
483,1,273,419,43,39,0.2535459101200104,-1,-1,-1,-1
484,1,273,419,43,39,0.25450950860977173,-1,-1,-1,-1
485,1,273,419,43,39,0.252200722694397,-1,-1,-1,-1
486,1,273,419,43,39,0.2519282400608063,-1,-1,-1,-1
487,1,273,419,43,39,0.25178906321525574,-1,-1,-1,-1
488,1,273,419,43,39,0.25531744956970215,-1,-1,-1,-1
489,1,273,419,43,39,0.25462839007377625,-1,-1,-1,-1
490,1,273,419,43,39,0.2667282819747925,-1,-1,-1,-1
491,1,273,419,43,39,0.2574683129787445,-1,-1,-1,-1
492,1,273,419,43,39,0.2599206566810608,-1,-1,-1,-1
493,1,273,419,43,39,0.25696489214897156,-1,-1,-1,-1
494,1,273,419,43,39,0.2510727047920227,-1,-1,-1,-1
1251,7,160,308,56,58,0.40355145931243896,-1,-1,-1,-1
1252,7,160,308,56,59,0.4076288044452667,-1,-1,-1,-1
1253,7,159,308,57,59,0.401716023683548,-1,-1,-1,-1
1254,7,160,308,56,59,0.4002246558666229,-1,-1,-1,-1
1255,7,159,308,57,59,0.39708349108695984,-1,-1,-1,-1
1256,7,160,308,56,58,0.40092259645462036,-1,-1,-1,-1
1257,7,159,308,57,58,0.3926831781864166,-1,-1,-1,-1
1258,7,160,308,56,58,0.39896246790885925,-1,-1,-1,-1
1259,7,160,308,56,58,0.3831401467323303,-1,-1,-1,-1
1260,7,160,308,56,58,0.37325194478034973,-1,-1,-1,-1
1261,7,160,308,56,58,0.369454562664032,-1,-1,-1,-1
1262,7,160,308,56,58,0.3601439297199249,-1,-1,-1,-1
1263,7,160,308,56,58,0.37158748507499695,-1,-1,-1,-1
1264,7,160,308,56,58,0.36411333084106445,-1,-1,-1,-1
1265,7,160,308,56,58,0.3714987337589264,-1,-1,-1,-1
1266,7,160,308,56,58,0.391918808221817,-1,-1,-1,-1
1267,7,160,308,56,58,0.383649617433548,-1,-1,-1,-1
1268,7,160,308,56,58,0.39314767718315125,-1,-1,-1,-1
1269,7,160,308,56,58,0.4033418297767639,-1,-1,-1,-1
1270,7,160,308,56,58,0.4058816730976105,-1,-1,-1,-1
1271,7,160,308,56,58,0.4055362045764923,-1,-1,-1,-1
1272,7,160,308,56,58,0.4078952968120575,-1,-1,-1,-1
1273,7,160,308,56,58,0.40578213334083557,-1,-1,-1,-1
1274,7,160,308,56,58,0.39683014154434204,-1,-1,-1,-1
1275,7,160,308,56,58,0.398608535528183,-1,-1,-1,-1
1276,7,160,308,56,58,0.40273934602737427,-1,-1,-1,-1
1277,7,160,308,56,58,0.3950679898262024,-1,-1,-1,-1
1278,7,160,308,56,58,0.39471498131752014,-1,-1,-1,-1
1279,7,160,308,56,58,0.40589526295661926,-1,-1,-1,-1
1280,7,159,307,58,59,0.4297778904438019,-1,-1,-1,-1
1281,7,158,307,59,60,0.4219439625740051,-1,-1,-1,-1
1282,7,158,307,59,60,0.42774471640586853,-1,-1,-1,-1
1283,7,158,307,59,60,0.42275887727737427,-1,-1,-1,-1
1284,7,158,307,59,60,0.4206532835960388,-1,-1,-1,-1
1285,7,157,307,59,60,0.4412972033023834,-1,-1,-1,-1
1286,7,157,307,59,60,0.4391620457172394,-1,-1,-1,-1
1287,7,158,307,59,60,0.4360044598579407,-1,-1,-1,-1
1288,7,158,307,59,60,0.4422263205051422,-1,-1,-1,-1
1289,7,157,307,59,60,0.44243815541267395,-1,-1,-1,-1
1290,7,156,307,60,60,0.44908612966537476,-1,-1,-1,-1
1291,7,157,307,59,60,0.4539676308631897,-1,-1,-1,-1
1292,7,156,307,60,60,0.4367573857307434,-1,-1,-1,-1
1293,7,158,307,58,59,0.4025716781616211,-1,-1,-1,-1
1294,7,158,308,59,58,0.3911449611186981,-1,-1,-1,-1
1295,7,159,308,58,58,0.3917035758495331,-1,-1,-1,-1
1296,7,159,308,58,58,0.39289039373397827,-1,-1,-1,-1
1297,7,159,308,58,58,0.38949325680732727,-1,-1,-1,-1
1298,7,159,308,58,58,0.4068198800086975,-1,-1,-1,-1
1299,7,158,308,59,58,0.4039991796016693,-1,-1,-1,-1
1300,7,158,307,59,59,0.40514934062957764,-1,-1,-1,-1
1301,7,157,307,60,59,0.4064086675643921,-1,-1,-1,-1
1302,7,157,307,60,59,0.40094655752182007,-1,-1,-1,-1
1303,7,157,307,60,59,0.3968064785003662,-1,-1,-1,-1
1304,7,157,307,60,59,0.42404836416244507,-1,-1,-1,-1
1305,7,157,307,60,59,0.4245804250240326,-1,-1,-1,-1
1306,7,157,307,60,59,0.4130171835422516,-1,-1,-1,-1
1307,7,157,307,60,59,0.4100618064403534,-1,-1,-1,-1
1308,7,156,307,62,59,0.3072585463523865,-1,-1,-1,-1
1309,7,155,307,64,59,0.2948320209980011,-1,-1,-1,-1
1310,7,155,307,64,59,0.30364659428596497,-1,-1,-1,-1
1311,7,155,307,64,59,0.30356988310813904,-1,-1,-1,-1
1312,7,155,307,64,59,0.30601391196250916,-1,-1,-1,-1
1313,7,155,307,64,59,0.29234328866004944,-1,-1,-1,-1
1314,7,155,307,64,59,0.28807538747787476,-1,-1,-1,-1
1315,7,155,307,63,59,0.28506040573120117,-1,-1,-1,-1
1316,7,156,307,62,59,0.25935098528862,-1,-1,-1,-1
1317,7,156,307,62,59,0.2533922493457794,-1,-1,-1,-1
1318,7,156,307,62,59,0.2623917758464813,-1,-1,-1,-1
1319,7,155,307,63,59,0.26850980520248413,-1,-1,-1,-1
1320,7,155,307,63,59,0.2514338493347168,-1,-1,-1,-1
1321,7,156,307,62,59,0.27554643154144287,-1,-1,-1,-1
1322,7,155,307,63,59,0.2783907949924469,-1,-1,-1,-1
1323,7,155,307,63,59,0.2725803256034851,-1,-1,-1,-1
1324,7,156,307,62,59,0.2613518238067627,-1,-1,-1,-1
1325,7,156,307,62,59,0.26079925894737244,-1,-1,-1,-1
1327,7,156,307,62,59,0.2792007625102997,-1,-1,-1,-1
1328,7,156,308,62,58,0.26329508423805237,-1,-1,-1,-1
1329,7,157,308,62,58,0.2554559111595154,-1,-1,-1,-1
1330,7,157,308,62,58,0.2658068537712097,-1,-1,-1,-1
1346,7,158,308,60,58,0.2786138355731964,-1,-1,-1,-1
1348,7,158,308,60,57,0.25024792551994324,-1,-1,-1,-1
1389,7,158,309,60,56,0.253865510225296,-1,-1,-1,-1
1390,7,158,309,60,57,0.2560378909111023,-1,-1,-1,-1
1391,7,158,309,59,57,0.27829185128211975,-1,-1,-1,-1
1392,7,158,309,59,57,0.25795450806617737,-1,-1,-1,-1
1393,7,158,309,59,57,0.272132009267807,-1,-1,-1,-1
1394,7,158,309,59,57,0.27500173449516296,-1,-1,-1,-1
1395,7,158,309,60,57,0.26355239748954773,-1,-1,-1,-1
1396,7,158,309,60,56,0.2520831227302551,-1,-1,-1,-1
1397,7,158,309,60,56,0.2579418122768402,-1,-1,-1,-1
1436,7,159,309,58,56,0.2645025849342346,-1,-1,-1,-1
1437,7,160,309,57,56,0.25903457403182983,-1,-1,-1,-1
1438,7,160,309,57,56,0.26979655027389526,-1,-1,-1,-1
1439,7,160,309,57,56,0.2670643627643585,-1,-1,-1,-1
1440,7,160,308,57,57,0.2807532846927643,-1,-1,-1,-1
1441,7,160,308,57,57,0.3026014566421509,-1,-1,-1,-1
1442,7,160,308,57,57,0.2785683274269104,-1,-1,-1,-1
1443,7,160,308,57,57,0.2761341333389282,-1,-1,-1,-1
1444,7,160,308,57,57,0.2827637791633606,-1,-1,-1,-1
1445,7,160,308,57,57,0.2980687618255615,-1,-1,-1,-1
1446,7,160,308,57,57,0.3067225217819214,-1,-1,-1,-1
1447,7,160,308,57,57,0.31103721261024475,-1,-1,-1,-1
1448,7,159,308,58,57,0.3303631544113159,-1,-1,-1,-1
1449,7,158,307,59,59,0.3347608149051666,-1,-1,-1,-1
1450,7,158,307,59,59,0.33745691180229187,-1,-1,-1,-1
1451,7,158,307,59,59,0.32140570878982544,-1,-1,-1,-1
1452,7,158,308,59,58,0.3231637477874756,-1,-1,-1,-1
1453,7,158,308,59,58,0.30700668692588806,-1,-1,-1,-1
1454,7,159,308,58,58,0.3110876977443695,-1,-1,-1,-1
1455,7,159,308,58,58,0.325837105512619,-1,-1,-1,-1
1456,7,159,308,58,58,0.33205926418304443,-1,-1,-1,-1
1457,7,159,308,58,58,0.32569509744644165,-1,-1,-1,-1
1458,7,159,308,58,58,0.3202638030052185,-1,-1,-1,-1
1459,7,159,308,58,58,0.3181850016117096,-1,-1,-1,-1
1460,7,159,308,58,58,0.32628610730171204,-1,-1,-1,-1
1461,7,159,308,58,58,0.33034154772758484,-1,-1,-1,-1
1462,7,159,308,58,58,0.3289644122123718,-1,-1,-1,-1
1463,7,159,308,58,58,0.32989832758903503,-1,-1,-1,-1
1464,7,159,308,58,58,0.3248273432254791,-1,-1,-1,-1
1465,7,159,308,58,58,0.31866422295570374,-1,-1,-1,-1
1466,7,159,308,58,58,0.3191373348236084,-1,-1,-1,-1
1467,7,159,308,58,58,0.32727891206741333,-1,-1,-1,-1
1468,7,158,308,59,58,0.3114154040813446,-1,-1,-1,-1
1469,7,159,308,58,58,0.3038620948791504,-1,-1,-1,-1
1470,7,158,308,59,58,0.29528576135635376,-1,-1,-1,-1
1471,7,158,308,59,58,0.2915930449962616,-1,-1,-1,-1
1472,7,158,308,59,58,0.29983824491500854,-1,-1,-1,-1
1473,7,158,308,59,58,0.3162870705127716,-1,-1,-1,-1
1474,7,158,308,59,58,0.3057076632976532,-1,-1,-1,-1
1475,7,158,308,59,58,0.30879977345466614,-1,-1,-1,-1
1476,7,158,308,59,58,0.31718766689300537,-1,-1,-1,-1
1477,7,158,308,59,58,0.31185147166252136,-1,-1,-1,-1
1478,7,158,308,59,58,0.3207261264324188,-1,-1,-1,-1
1479,7,158,308,59,58,0.31041014194488525,-1,-1,-1,-1
1480,7,158,308,59,58,0.32521891593933105,-1,-1,-1,-1
1481,7,158,308,59,58,0.32737940549850464,-1,-1,-1,-1
1482,7,158,308,59,58,0.32665055990219116,-1,-1,-1,-1
1483,7,158,308,59,58,0.30490219593048096,-1,-1,-1,-1
1484,7,158,308,59,58,0.30480703711509705,-1,-1,-1,-1
1485,7,158,308,59,58,0.3001596927642822,-1,-1,-1,-1
1486,7,158,308,60,58,0.29049983620643616,-1,-1,-1,-1
1487,7,158,308,60,58,0.2823093831539154,-1,-1,-1,-1
1488,7,158,308,60,58,0.2928667962551117,-1,-1,-1,-1
1489,7,158,308,60,58,0.2894962430000305,-1,-1,-1,-1
1490,7,158,308,60,58,0.2827308177947998,-1,-1,-1,-1
1491,7,158,308,60,58,0.29346024990081787,-1,-1,-1,-1
1492,7,158,308,60,58,0.2908555567264557,-1,-1,-1,-1
1493,7,158,308,60,58,0.2889379858970642,-1,-1,-1,-1
1494,7,157,308,61,58,0.30262449383735657,-1,-1,-1,-1
1495,7,159,308,58,57,0.25475412607192993,-1,-1,-1,-1
1496,7,159,309,58,56,0.2555670440196991,-1,-1,-1,-1
1497,7,159,309,58,56,0.25422778725624084,-1,-1,-1,-1
1498,7,160,309,57,56,0.2698344886302948,-1,-1,-1,-1
1499,7,160,309,57,56,0.27354878187179565,-1,-1,-1,-1
1500,7,160,309,57,56,0.2733110189437866,-1,-1,-1,-1
1529,7,161,310,56,56,0.2622866928577423,-1,-1,-1,-1
1530,7,162,310,54,56,0.2705877721309662,-1,-1,-1,-1
1531,7,163,310,53,56,0.2542625963687897,-1,-1,-1,-1
1532,7,163,310,53,56,0.26715192198753357,-1,-1,-1,-1
1533,7,163,310,53,56,0.25902119278907776,-1,-1,-1,-1
1534,7,163,310,53,56,0.26779451966285706,-1,-1,-1,-1
1535,7,162,310,54,56,0.2672686278820038,-1,-1,-1,-1
1536,7,162,310,54,56,0.28481778502464294,-1,-1,-1,-1
1537,7,162,310,54,56,0.2792338728904724,-1,-1,-1,-1
1538,7,162,310,54,56,0.2827276289463043,-1,-1,-1,-1
1539,7,162,310,54,56,0.28412896394729614,-1,-1,-1,-1
1540,7,162,310,54,56,0.29380688071250916,-1,-1,-1,-1
1541,7,162,310,54,56,0.2841309905052185,-1,-1,-1,-1
1542,7,162,310,54,56,0.2904722988605499,-1,-1,-1,-1
1543,7,162,310,54,56,0.28686416149139404,-1,-1,-1,-1
1544,7,162,310,54,56,0.28125038743019104,-1,-1,-1,-1
1545,7,162,310,54,56,0.2855985760688782,-1,-1,-1,-1
1546,7,162,310,54,56,0.2735719084739685,-1,-1,-1,-1
1547,7,162,310,54,56,0.2897297143936157,-1,-1,-1,-1
1548,7,161,310,55,56,0.2825671434402466,-1,-1,-1,-1
1549,7,161,310,55,56,0.288288414478302,-1,-1,-1,-1
1550,7,161,310,55,56,0.2852010130882263,-1,-1,-1,-1
1551,7,161,310,55,56,0.27737700939178467,-1,-1,-1,-1
1552,7,161,310,55,56,0.286976158618927,-1,-1,-1,-1
1553,7,161,310,55,56,0.28653067350387573,-1,-1,-1,-1
1554,7,161,310,55,56,0.2869032621383667,-1,-1,-1,-1
1555,7,161,310,55,56,0.27671173214912415,-1,-1,-1,-1
1556,7,162,310,54,56,0.2680452764034271,-1,-1,-1,-1
1557,7,162,310,54,56,0.26944440603256226,-1,-1,-1,-1
1620,7,161,310,56,56,0.26926299929618835,-1,-1,-1,-1
1621,7,161,309,56,57,0.2690073251724243,-1,-1,-1,-1
1622,7,161,309,57,57,0.3040451109409332,-1,-1,-1,-1
1623,7,161,309,57,57,0.2901367247104645,-1,-1,-1,-1
1624,7,161,309,57,57,0.2944033443927765,-1,-1,-1,-1
1625,7,161,309,57,57,0.3098104000091553,-1,-1,-1,-1
1626,7,161,309,57,57,0.29470106959342957,-1,-1,-1,-1
1627,7,161,309,57,57,0.2877342104911804,-1,-1,-1,-1
1628,7,162,309,56,57,0.2814309895038605,-1,-1,-1,-1
1629,7,162,309,56,57,0.2959360182285309,-1,-1,-1,-1
1630,7,162,309,56,57,0.2898362874984741,-1,-1,-1,-1
1631,7,162,309,56,57,0.27587732672691345,-1,-1,-1,-1
1632,7,162,309,56,57,0.29143813252449036,-1,-1,-1,-1
1633,7,162,309,56,57,0.2874561548233032,-1,-1,-1,-1
1634,7,162,309,56,57,0.2899073660373688,-1,-1,-1,-1
1635,7,162,309,56,57,0.29244866967201233,-1,-1,-1,-1
1636,7,162,308,56,58,0.29895657300949097,-1,-1,-1,-1
1637,7,162,308,56,58,0.30187639594078064,-1,-1,-1,-1
1638,7,162,308,56,58,0.3032596707344055,-1,-1,-1,-1
1639,7,162,308,56,58,0.30838343501091003,-1,-1,-1,-1
1640,7,162,309,56,57,0.3044174313545227,-1,-1,-1,-1
1641,7,162,309,56,57,0.29092204570770264,-1,-1,-1,-1
1642,7,162,309,56,57,0.312507688999176,-1,-1,-1,-1
1643,7,162,309,56,57,0.30149155855178833,-1,-1,-1,-1
1644,7,162,308,56,58,0.30758535861968994,-1,-1,-1,-1
1645,7,162,309,56,57,0.299446165561676,-1,-1,-1,-1
1646,7,162,308,56,58,0.30235856771469116,-1,-1,-1,-1
1647,7,162,308,56,58,0.30576667189598083,-1,-1,-1,-1
1648,7,161,308,57,58,0.31398430466651917,-1,-1,-1,-1
1649,7,161,309,57,57,0.2908051908016205,-1,-1,-1,-1
1650,7,161,309,57,57,0.28847551345825195,-1,-1,-1,-1
1651,7,161,309,57,57,0.2830113172531128,-1,-1,-1,-1
1652,7,161,309,57,57,0.286960244178772,-1,-1,-1,-1
1653,7,161,309,57,57,0.2766834497451782,-1,-1,-1,-1
1654,7,161,309,57,57,0.2740442752838135,-1,-1,-1,-1
1655,7,161,309,57,57,0.28026363253593445,-1,-1,-1,-1
1656,7,161,309,57,57,0.2757936120033264,-1,-1,-1,-1
1657,7,161,309,57,57,0.27878034114837646,-1,-1,-1,-1
1658,7,161,309,57,57,0.27540045976638794,-1,-1,-1,-1
1659,7,161,309,57,57,0.2648279368877411,-1,-1,-1,-1
1660,7,161,309,57,57,0.26197493076324463,-1,-1,-1,-1
1661,7,161,309,57,57,0.25385189056396484,-1,-1,-1,-1
1662,7,161,309,57,57,0.2540614902973175,-1,-1,-1,-1
1663,7,161,309,57,57,0.2555299401283264,-1,-1,-1,-1
1665,7,161,309,57,57,0.26615652441978455,-1,-1,-1,-1
1666,7,161,309,57,57,0.26721447706222534,-1,-1,-1,-1
1667,7,161,309,57,57,0.26858654618263245,-1,-1,-1,-1
1668,7,161,309,57,57,0.26652494072914124,-1,-1,-1,-1
1669,7,161,309,57,57,0.26169559359550476,-1,-1,-1,-1
1670,7,161,309,57,57,0.271115779876709,-1,-1,-1,-1
1671,7,161,309,57,57,0.27197563648223877,-1,-1,-1,-1
1672,7,161,309,57,57,0.26944348216056824,-1,-1,-1,-1
1673,7,161,309,57,57,0.28001323342323303,-1,-1,-1,-1
1674,7,161,309,57,57,0.28412023186683655,-1,-1,-1,-1
1675,7,161,309,57,57,0.2568707764148712,-1,-1,-1,-1
1676,7,162,309,56,57,0.2634672522544861,-1,-1,-1,-1
1677,7,162,309,56,57,0.2604898512363434,-1,-1,-1,-1
1678,7,162,309,56,57,0.2626907229423523,-1,-1,-1,-1
1679,7,162,309,56,57,0.25187963247299194,-1,-1,-1,-1
1680,7,161,309,57,57,0.2595423758029938,-1,-1,-1,-1
1817,8,690,141,31,54,0.40351682901382446,-1,-1,-1,-1
1818,8,687,138,31,54,0.4621928632259369,-1,-1,-1,-1
1819,8,683,131,34,59,0.714634120464325,-1,-1,-1,-1
1820,8,680,128,37,60,0.7131365537643433,-1,-1,-1,-1
1821,8,679,123,41,61,0.7206079363822937,-1,-1,-1,-1
1822,8,679,121,42,62,0.7210561037063599,-1,-1,-1,-1
1823,8,680,120,42,61,0.7189065217971802,-1,-1,-1,-1
1824,8,681,117,43,63,0.7498493194580078,-1,-1,-1,-1
1825,8,683,115,43,63,0.7522819638252258,-1,-1,-1,-1
1826,8,690,114,43,61,0.7665637731552124,-1,-1,-1,-1
1827,8,692,114,44,60,0.7694709300994873,-1,-1,-1,-1
1828,8,696,110,45,62,0.7976207733154297,-1,-1,-1,-1
1829,8,704,107,44,62,0.7627252340316772,-1,-1,-1,-1
1830,8,709,104,45,62,0.7583414912223816,-1,-1,-1,-1
1831,8,717,99,45,61,0.7551631927490234,-1,-1,-1,-1
1832,8,720,97,45,60,0.7565842270851135,-1,-1,-1,-1
1833,8,723,93,44,62,0.7606499791145325,-1,-1,-1,-1
1834,8,728,89,43,60,0.8014327883720398,-1,-1,-1,-1
1835,8,730,87,44,59,0.7811115980148315,-1,-1,-1,-1
1836,8,732,86,44,57,0.7711107134819031,-1,-1,-1,-1
1837,8,732,85,44,56,0.7694717049598694,-1,-1,-1,-1
1838,8,734,83,43,57,0.7557504177093506,-1,-1,-1,-1
1839,8,735,80,43,59,0.7668994069099426,-1,-1,-1,-1
1840,8,735,80,44,58,0.7854438424110413,-1,-1,-1,-1
1841,8,736,79,43,57,0.7671071290969849,-1,-1,-1,-1
1842,8,737,79,42,57,0.7681997418403625,-1,-1,-1,-1
1843,8,737,81,42,55,0.772843062877655,-1,-1,-1,-1
1844,8,738,80,43,56,0.787193238735199,-1,-1,-1,-1
1845,8,740,79,42,56,0.7416660189628601,-1,-1,-1,-1
1846,8,742,80,42,56,0.7224792242050171,-1,-1,-1,-1
1847,8,743,80,42,56,0.7215786576271057,-1,-1,-1,-1
1848,8,744,78,42,59,0.77768474817276,-1,-1,-1,-1
1849,8,746,78,43,60,0.7306419014930725,-1,-1,-1,-1
1850,8,748,78,43,61,0.7411146759986877,-1,-1,-1,-1
1851,8,750,79,42,60,0.7379641532897949,-1,-1,-1,-1
1852,8,750,80,43,58,0.736352801322937,-1,-1,-1,-1
1853,8,751,80,42,58,0.746478259563446,-1,-1,-1,-1
1854,8,751,81,42,57,0.7465562224388123,-1,-1,-1,-1
1855,8,751,81,42,57,0.7546058893203735,-1,-1,-1,-1
1856,8,751,83,42,55,0.7536853551864624,-1,-1,-1,-1
1857,8,751,84,42,54,0.7536510229110718,-1,-1,-1,-1
1858,8,751,84,42,55,0.7560698390007019,-1,-1,-1,-1
1859,8,750,83,42,56,0.7749385237693787,-1,-1,-1,-1
1860,8,749,82,42,57,0.7727034687995911,-1,-1,-1,-1
1861,8,748,80,42,58,0.7400435209274292,-1,-1,-1,-1
1862,8,748,79,42,59,0.7401343584060669,-1,-1,-1,-1
1863,8,747,79,42,58,0.7645050883293152,-1,-1,-1,-1
1864,8,745,79,42,56,0.7208904027938843,-1,-1,-1,-1
1865,8,744,78,41,55,0.7220852375030518,-1,-1,-1,-1
1866,8,742,79,41,52,0.6971307396888733,-1,-1,-1,-1
1867,8,741,79,41,51,0.6980342268943787,-1,-1,-1,-1
1868,8,740,78,42,51,0.7040301561355591,-1,-1,-1,-1
1869,8,738,75,43,54,0.7062709927558899,-1,-1,-1,-1
1870,8,738,74,42,55,0.7458469867706299,-1,-1,-1,-1
1871,8,737,74,42,56,0.7454953789710999,-1,-1,-1,-1
1872,8,736,75,42,55,0.7456983327865601,-1,-1,-1,-1
1873,8,736,74,42,56,0.7513613104820251,-1,-1,-1,-1
1874,8,736,76,41,55,0.7531014084815979,-1,-1,-1,-1
1875,8,736,76,41,55,0.743874192237854,-1,-1,-1,-1
1876,8,735,76,42,55,0.7296313643455505,-1,-1,-1,-1
1877,8,735,77,42,54,0.7299360036849976,-1,-1,-1,-1
1878,8,735,76,42,55,0.7241895198822021,-1,-1,-1,-1
1879,8,735,76,42,55,0.7205987572669983,-1,-1,-1,-1
1880,8,735,74,43,57,0.7242952585220337,-1,-1,-1,-1
1881,8,736,75,42,57,0.7318739891052246,-1,-1,-1,-1
1882,8,736,75,43,57,0.7308112978935242,-1,-1,-1,-1
1882,9,594,241,83,106,0.35143280029296875,-1,-1,-1,-1
1883,8,736,76,43,56,0.7468891739845276,-1,-1,-1,-1
1884,8,737,77,42,55,0.7278594374656677,-1,-1,-1,-1
1885,8,738,78,41,54,0.7287360429763794,-1,-1,-1,-1
1886,8,738,78,42,53,0.7515320181846619,-1,-1,-1,-1
1887,8,738,78,43,53,0.7516701221466064,-1,-1,-1,-1
1888,8,738,78,43,53,0.7418773174285889,-1,-1,-1,-1
1889,8,739,78,42,53,0.7274951338768005,-1,-1,-1,-1
1890,8,739,78,42,53,0.7357757091522217,-1,-1,-1,-1
1891,8,739,78,42,57,0.719292938709259,-1,-1,-1,-1
1892,8,739,78,42,58,0.718926191329956,-1,-1,-1,-1
1893,8,739,78,42,56,0.6699448227882385,-1,-1,-1,-1
1894,8,738,78,43,55,0.758938729763031,-1,-1,-1,-1
1895,8,738,77,43,55,0.7626427412033081,-1,-1,-1,-1
1896,8,738,76,43,56,0.7534253597259521,-1,-1,-1,-1
1897,8,738,76,43,56,0.7541273236274719,-1,-1,-1,-1
1898,8,738,76,43,56,0.7507002949714661,-1,-1,-1,-1
1899,8,738,77,43,55,0.7528203725814819,-1,-1,-1,-1
1900,8,739,78,42,54,0.7329608798027039,-1,-1,-1,-1
1901,8,741,79,42,56,0.7255159020423889,-1,-1,-1,-1
1902,8,741,79,42,58,0.725789487361908,-1,-1,-1,-1
1903,8,742,81,42,53,0.42795252799987793,-1,-1,-1,-1
1904,8,744,81,43,54,0.7709259986877441,-1,-1,-1,-1
1905,8,746,81,43,56,0.7803213000297546,-1,-1,-1,-1
1906,8,748,81,42,55,0.7343956828117371,-1,-1,-1,-1
1907,8,748,81,42,55,0.7342451810836792,-1,-1,-1,-1
1908,8,748,80,42,55,0.7408974170684814,-1,-1,-1,-1
1909,8,748,79,42,55,0.7116444706916809,-1,-1,-1,-1
1910,8,748,78,42,55,0.7612278461456299,-1,-1,-1,-1
1911,8,747,79,42,53,0.7129161953926086,-1,-1,-1,-1
1912,8,746,79,43,53,0.7139139175415039,-1,-1,-1,-1
1913,8,746,79,42,53,0.7330507636070251,-1,-1,-1,-1
1914,8,745,78,42,53,0.7581923007965088,-1,-1,-1,-1
1915,8,744,77,42,54,0.7757461667060852,-1,-1,-1,-1
1916,8,742,78,43,53,0.8095112442970276,-1,-1,-1,-1
1917,8,741,78,43,53,0.8095829486846924,-1,-1,-1,-1
1918,8,740,78,43,53,0.8144558668136597,-1,-1,-1,-1
1919,8,739,77,42,53,0.7643108367919922,-1,-1,-1,-1
1920,8,738,77,42,53,0.7697071433067322,-1,-1,-1,-1
1921,8,737,76,42,53,0.8050641417503357,-1,-1,-1,-1
1922,8,737,76,42,53,0.8054440021514893,-1,-1,-1,-1
1923,8,736,75,42,54,0.7950618863105774,-1,-1,-1,-1
1924,8,736,73,42,56,0.7777131199836731,-1,-1,-1,-1
1925,8,735,73,42,56,0.7768582105636597,-1,-1,-1,-1
1926,8,734,72,43,57,0.7503626942634583,-1,-1,-1,-1
1927,8,733,72,43,57,0.7514293193817139,-1,-1,-1,-1
1928,8,733,72,43,57,0.7606367468833923,-1,-1,-1,-1
1929,8,733,73,42,56,0.7633426785469055,-1,-1,-1,-1
1930,8,732,75,43,54,0.7649371027946472,-1,-1,-1,-1
1931,8,732,75,42,54,0.7652034163475037,-1,-1,-1,-1
1932,8,732,75,42,54,0.7652764320373535,-1,-1,-1,-1
1933,8,732,74,42,55,0.7703306674957275,-1,-1,-1,-1
1934,8,732,75,42,53,0.7680063247680664,-1,-1,-1,-1
1935,8,731,76,43,52,0.7738715410232544,-1,-1,-1,-1
1935,10,624,218,40,78,0.5680819153785706,-1,-1,-1,-1
1936,8,731,76,42,52,0.767690122127533,-1,-1,-1,-1
1936,10,625,217,45,83,0.6413218975067139,-1,-1,-1,-1
1937,8,731,75,42,53,0.7673472762107849,-1,-1,-1,-1
1937,10,626,216,46,85,0.642637312412262,-1,-1,-1,-1
1938,8,731,76,42,52,0.7741814851760864,-1,-1,-1,-1
1938,10,627,216,48,88,0.686342716217041,-1,-1,-1,-1
1939,8,731,77,42,51,0.7696590423583984,-1,-1,-1,-1
1939,10,629,221,53,89,0.7338676452636719,-1,-1,-1,-1
1940,8,731,77,42,51,0.7713549137115479,-1,-1,-1,-1
1940,10,630,224,57,90,0.731441080570221,-1,-1,-1,-1
1941,8,731,76,42,52,0.7719656825065613,-1,-1,-1,-1
1941,10,631,229,62,91,0.7171491384506226,-1,-1,-1,-1
1942,8,731,76,42,52,0.7711005210876465,-1,-1,-1,-1
1942,10,631,231,64,92,0.7171118855476379,-1,-1,-1,-1
1943,8,731,76,42,52,0.7678528428077698,-1,-1,-1,-1
1943,10,633,233,63,93,0.7552565932273865,-1,-1,-1,-1
1944,8,731,77,42,51,0.7622340321540833,-1,-1,-1,-1
1944,10,632,240,66,92,0.7257302403450012,-1,-1,-1,-1
1945,8,731,77,42,51,0.7635390758514404,-1,-1,-1,-1
1945,10,632,245,67,92,0.7314749956130981,-1,-1,-1,-1
1946,8,731,77,42,52,0.772255539894104,-1,-1,-1,-1
1946,10,634,251,68,93,0.7340348958969116,-1,-1,-1,-1
1947,8,731,77,42,52,0.7712386250495911,-1,-1,-1,-1
1947,10,635,253,68,94,0.7338880896568298,-1,-1,-1,-1
1948,8,731,77,43,52,0.7616832852363586,-1,-1,-1,-1
1948,10,635,257,70,92,0.7477781176567078,-1,-1,-1,-1
1949,8,731,77,43,52,0.7623078227043152,-1,-1,-1,-1
1949,10,635,260,73,94,0.7420499920845032,-1,-1,-1,-1
1950,8,731,76,43,53,0.7654396295547485,-1,-1,-1,-1
1950,10,635,262,74,96,0.7344966530799866,-1,-1,-1,-1
1951,8,731,76,43,53,0.7718758583068848,-1,-1,-1,-1
1951,10,635,264,76,99,0.748752772808075,-1,-1,-1,-1
1952,8,731,76,43,53,0.7720152139663696,-1,-1,-1,-1
1952,10,635,265,77,99,0.7495396733283997,-1,-1,-1,-1
1953,8,731,76,43,53,0.7729383111000061,-1,-1,-1,-1
1953,10,635,266,78,100,0.7488616108894348,-1,-1,-1,-1
1954,8,731,76,43,53,0.7747250199317932,-1,-1,-1,-1
1954,10,636,268,77,100,0.7582718729972839,-1,-1,-1,-1
1955,8,732,77,42,52,0.7708935737609863,-1,-1,-1,-1
1955,10,636,269,78,100,0.7626827359199524,-1,-1,-1,-1
1956,8,732,77,42,52,0.7766589522361755,-1,-1,-1,-1
1956,10,636,269,79,101,0.7760317325592041,-1,-1,-1,-1
1957,8,732,77,42,52,0.7759060859680176,-1,-1,-1,-1
1957,10,636,268,79,102,0.7752512693405151,-1,-1,-1,-1
1958,8,732,77,43,53,0.7761138677597046,-1,-1,-1,-1
1958,10,636,268,79,102,0.7847407460212708,-1,-1,-1,-1
1959,8,733,77,42,53,0.7687252759933472,-1,-1,-1,-1
1959,10,637,270,79,101,0.7848891019821167,-1,-1,-1,-1
1960,8,733,77,42,53,0.7729474306106567,-1,-1,-1,-1
1960,10,638,272,79,99,0.7833095788955688,-1,-1,-1,-1
1961,8,734,77,42,53,0.7739390134811401,-1,-1,-1,-1
1961,10,639,272,79,98,0.7779797315597534,-1,-1,-1,-1
1962,8,734,77,42,53,0.7759367227554321,-1,-1,-1,-1
1962,10,639,273,79,97,0.7782410979270935,-1,-1,-1,-1
1963,8,734,77,42,53,0.7710129022598267,-1,-1,-1,-1
1963,10,639,272,80,98,0.781950831413269,-1,-1,-1,-1
1964,8,734,77,43,53,0.7797191143035889,-1,-1,-1,-1
1964,10,640,271,80,98,0.7816641926765442,-1,-1,-1,-1
1965,8,735,77,42,53,0.7870574593544006,-1,-1,-1,-1
1965,10,640,271,82,99,0.7825268507003784,-1,-1,-1,-1
1966,8,736,77,42,53,0.7794246077537537,-1,-1,-1,-1
1966,10,641,270,82,101,0.7928966879844666,-1,-1,-1,-1
1967,8,736,78,42,52,0.7790553569793701,-1,-1,-1,-1
1967,10,641,270,82,102,0.7931573987007141,-1,-1,-1,-1
1968,8,736,78,42,53,0.782292902469635,-1,-1,-1,-1
1968,10,641,271,82,101,0.7704647779464722,-1,-1,-1,-1
1969,8,736,78,42,53,0.7877002358436584,-1,-1,-1,-1
1969,10,640,275,81,101,0.7674698233604431,-1,-1,-1,-1
1970,8,736,79,43,52,0.7906179428100586,-1,-1,-1,-1
1970,10,637,279,82,101,0.7612975239753723,-1,-1,-1,-1
1971,8,737,78,42,53,0.7887412905693054,-1,-1,-1,-1
1971,10,632,284,83,103,0.758756160736084,-1,-1,-1,-1
1972,8,737,78,43,53,0.7898354530334473,-1,-1,-1,-1
1972,10,630,286,84,104,0.7598469853401184,-1,-1,-1,-1
1973,8,737,78,44,53,0.7827574610710144,-1,-1,-1,-1
1973,10,626,293,84,105,0.7591395974159241,-1,-1,-1,-1
1974,8,738,78,43,53,0.7824668288230896,-1,-1,-1,-1
1974,10,624,295,85,106,0.7589721083641052,-1,-1,-1,-1
1975,8,738,78,43,53,0.7814819812774658,-1,-1,-1,-1
1975,10,622,299,85,107,0.7804995179176331,-1,-1,-1,-1
1976,8,739,78,43,53,0.7764440178871155,-1,-1,-1,-1
1976,10,617,308,87,110,0.7671360969543457,-1,-1,-1,-1
1977,8,739,78,43,53,0.7785807251930237,-1,-1,-1,-1
1977,10,616,311,87,111,0.7683200836181641,-1,-1,-1,-1
1978,8,739,78,43,53,0.7848359942436218,-1,-1,-1,-1
1978,10,613,316,88,112,0.7732789516448975,-1,-1,-1,-1
1979,8,740,78,43,53,0.7832750678062439,-1,-1,-1,-1
1979,10,606,325,91,114,0.7842118740081787,-1,-1,-1,-1
1980,8,740,79,44,53,0.7908681035041809,-1,-1,-1,-1
1980,10,601,333,94,115,0.782386064529419,-1,-1,-1,-1
1981,8,741,78,43,54,0.7862058281898499,-1,-1,-1,-1
1981,10,595,346,96,117,0.8011953830718994,-1,-1,-1,-1
1982,8,742,78,43,54,0.7861272096633911,-1,-1,-1,-1
1982,10,593,350,97,119,0.8017494082450867,-1,-1,-1,-1
1983,8,742,78,43,54,0.7734079957008362,-1,-1,-1,-1
1983,10,590,356,98,120,0.7861350178718567,-1,-1,-1,-1
1984,8,743,79,42,53,0.7547537088394165,-1,-1,-1,-1
1984,10,586,370,101,120,0.7844782471656799,-1,-1,-1,-1
1985,8,744,79,42,53,0.756775438785553,-1,-1,-1,-1
1985,10,583,379,102,122,0.7911309003829956,-1,-1,-1,-1
1986,8,745,80,41,52,0.7560781836509705,-1,-1,-1,-1
1986,10,579,393,105,125,0.8124642968177795,-1,-1,-1,-1
1987,8,745,80,42,53,0.7553794384002686,-1,-1,-1,-1
1987,10,578,398,106,127,0.8124639987945557,-1,-1,-1,-1
1988,8,746,80,41,53,0.7492352724075317,-1,-1,-1,-1
1988,10,576,407,107,127,0.7948397397994995,-1,-1,-1,-1
1989,8,746,79,43,54,0.7489249110221863,-1,-1,-1,-1
1989,10,574,424,110,129,0.8058997988700867,-1,-1,-1,-1
1990,8,747,79,42,53,0.7588915228843689,-1,-1,-1,-1
1990,10,571,438,113,131,0.7889171838760376,-1,-1,-1,-1
1991,8,748,79,42,53,0.7594543695449829,-1,-1,-1,-1
1991,10,570,462,116,130,0.7893272638320923,-1,-1,-1,-1
1992,8,749,79,41,53,0.7592389583587646,-1,-1,-1,-1
1992,10,570,471,117,130,0.7889518737792969,-1,-1,-1,-1
1993,8,749,79,42,53,0.7581988573074341,-1,-1,-1,-1
1993,10,569,482,119,132,0.7690566778182983,-1,-1,-1,-1
1994,8,750,80,42,52,0.7468691468238831,-1,-1,-1,-1
1994,10,569,506,122,134,0.7907528877258301,-1,-1,-1,-1
1995,8,750,79,43,54,0.7477271556854248,-1,-1,-1,-1
1995,10,570,527,123,135,0.7931657433509827,-1,-1,-1,-1
1996,8,751,79,43,54,0.7708765864372253,-1,-1,-1,-1
1996,10,571,559,125,130,0.7813192009925842,-1,-1,-1,-1
1997,8,752,79,42,55,0.7701833844184875,-1,-1,-1,-1
1997,10,571,571,127,127,0.7813915610313416,-1,-1,-1,-1
1998,8,752,79,42,55,0.7689831256866455,-1,-1,-1,-1
1998,10,570,586,128,128,0.7860665321350098,-1,-1,-1,-1
1999,8,754,79,42,56,0.7683965563774109,-1,-1,-1,-1
1999,10,568,614,132,106,0.7681041359901428,-1,-1,-1,-1
2000,8,755,80,41,55,0.7752813100814819,-1,-1,-1,-1
2000,10,564,641,135,79,0.7060078382492065,-1,-1,-1,-1
2001,8,756,78,42,56,0.7495696544647217,-1,-1,-1,-1
2002,8,757,78,41,56,0.7508877515792847,-1,-1,-1,-1
2003,8,757,78,42,56,0.7394202947616577,-1,-1,-1,-1
2004,8,758,79,43,55,0.7595107555389404,-1,-1,-1,-1
2005,8,759,79,43,56,0.7703345417976379,-1,-1,-1,-1
2006,8,761,80,43,55,0.752611517906189,-1,-1,-1,-1
2007,8,761,80,43,55,0.7511539459228516,-1,-1,-1,-1
2008,8,762,80,43,55,0.7497814893722534,-1,-1,-1,-1
2009,8,764,81,42,54,0.7608104944229126,-1,-1,-1,-1
2010,8,765,81,41,55,0.769267201423645,-1,-1,-1,-1
2011,8,765,81,42,55,0.7837880849838257,-1,-1,-1,-1
2012,8,765,81,42,55,0.7845551371574402,-1,-1,-1,-1
2013,8,765,81,42,55,0.7815244197845459,-1,-1,-1,-1
2014,8,765,82,42,54,0.7703531384468079,-1,-1,-1,-1
2015,8,765,82,42,54,0.7891765832901001,-1,-1,-1,-1
2016,8,765,82,41,54,0.7917109131813049,-1,-1,-1,-1
2017,8,765,82,41,54,0.7917275428771973,-1,-1,-1,-1
2018,8,765,82,41,55,0.7978121042251587,-1,-1,-1,-1
2019,8,765,82,41,55,0.8072081208229065,-1,-1,-1,-1
2020,8,765,81,42,56,0.8206871747970581,-1,-1,-1,-1
2021,8,766,81,41,57,0.802458643913269,-1,-1,-1,-1
2022,8,766,81,42,57,0.802352786064148,-1,-1,-1,-1
2023,8,766,82,42,56,0.8141024112701416,-1,-1,-1,-1
2024,8,767,83,42,56,0.808154821395874,-1,-1,-1,-1
2025,8,768,83,41,56,0.8149612545967102,-1,-1,-1,-1
2026,8,768,83,42,57,0.7967255711555481,-1,-1,-1,-1
2027,8,769,83,42,57,0.7989251017570496,-1,-1,-1,-1
2028,8,769,83,42,58,0.806209921836853,-1,-1,-1,-1
2029,8,770,84,42,58,0.7983466982841492,-1,-1,-1,-1
2030,8,771,87,42,56,0.7913711071014404,-1,-1,-1,-1
2031,8,772,89,43,56,0.7932912707328796,-1,-1,-1,-1
2032,8,773,89,42,56,0.7919321060180664,-1,-1,-1,-1
2033,8,774,90,43,56,0.8017681241035461,-1,-1,-1,-1
2034,8,775,92,45,56,0.8068334460258484,-1,-1,-1,-1
2035,8,777,94,44,56,0.8234421014785767,-1,-1,-1,-1
2036,8,780,95,44,58,0.7902684807777405,-1,-1,-1,-1
2037,8,781,95,45,59,0.790283203125,-1,-1,-1,-1
2038,8,782,97,45,58,0.7826512455940247,-1,-1,-1,-1
2039,8,784,99,46,59,0.7929337024688721,-1,-1,-1,-1
2040,8,786,101,46,60,0.8011624217033386,-1,-1,-1,-1
2041,8,788,104,47,62,0.7972198724746704,-1,-1,-1,-1
2042,8,789,106,47,61,0.7972821593284607,-1,-1,-1,-1
2043,8,790,108,47,62,0.7774145603179932,-1,-1,-1,-1
2044,8,792,110,47,63,0.7991982102394104,-1,-1,-1,-1
2045,8,794,113,47,62,0.7863672375679016,-1,-1,-1,-1
2046,8,797,115,48,63,0.7867711782455444,-1,-1,-1,-1
2047,8,798,116,48,62,0.7873477339744568,-1,-1,-1,-1
2048,8,800,118,48,62,0.7860350608825684,-1,-1,-1,-1
2049,8,803,119,49,63,0.8039495944976807,-1,-1,-1,-1
2050,8,805,121,49,62,0.7810866236686707,-1,-1,-1,-1
2051,8,808,123,49,62,0.7779412269592285,-1,-1,-1,-1
2052,8,809,124,49,62,0.7782214283943176,-1,-1,-1,-1
2053,8,811,124,49,62,0.7975403070449829,-1,-1,-1,-1
2054,8,814,126,49,62,0.8021261692047119,-1,-1,-1,-1
2055,8,816,126,49,63,0.792645275592804,-1,-1,-1,-1
2056,8,818,128,49,62,0.8265062570571899,-1,-1,-1,-1
2057,8,818,129,50,62,0.8274701833724976,-1,-1,-1,-1
2058,8,819,129,50,62,0.7757733464241028,-1,-1,-1,-1
2059,8,820,130,50,62,0.7641667723655701,-1,-1,-1,-1
2060,8,820,130,51,63,0.7704461216926575,-1,-1,-1,-1
2061,8,820,131,51,63,0.7652913331985474,-1,-1,-1,-1
2062,8,819,131,52,63,0.7684889435768127,-1,-1,-1,-1
2063,8,819,132,51,63,0.7628648281097412,-1,-1,-1,-1
2064,8,817,133,52,62,0.7859601974487305,-1,-1,-1,-1
2065,8,815,134,51,61,0.7856479287147522,-1,-1,-1,-1
2066,8,810,135,52,61,0.7861803770065308,-1,-1,-1,-1
2067,8,808,135,53,61,0.7862814664840698,-1,-1,-1,-1
2068,8,806,134,52,62,0.7885246872901917,-1,-1,-1,-1
2069,8,800,132,53,66,0.7675399780273438,-1,-1,-1,-1
2070,8,795,132,53,66,0.7872872352600098,-1,-1,-1,-1
2071,8,787,133,53,66,0.7894008755683899,-1,-1,-1,-1
2072,8,784,133,53,67,0.7897188067436218,-1,-1,-1,-1
2073,8,779,132,54,68,0.7921959161758423,-1,-1,-1,-1
2074,8,771,132,54,68,0.7981704473495483,-1,-1,-1,-1
2075,8,764,132,55,67,0.799813449382782,-1,-1,-1,-1
2076,8,754,130,56,69,0.7952733039855957,-1,-1,-1,-1
2077,8,750,130,57,69,0.7954522371292114,-1,-1,-1,-1
2078,8,746,131,56,69,0.7942373752593994,-1,-1,-1,-1
2079,8,738,131,58,72,0.7732144594192505,-1,-1,-1,-1
2080,8,732,131,59,73,0.7868881225585938,-1,-1,-1,-1
2081,8,727,133,58,73,0.8026154637336731,-1,-1,-1,-1
2082,8,725,133,59,74,0.8026815056800842,-1,-1,-1,-1
2083,8,723,134,59,74,0.7961934208869934,-1,-1,-1,-1
2084,8,719,138,60,75,0.7580289840698242,-1,-1,-1,-1
2085,8,717,141,60,76,0.8017638325691223,-1,-1,-1,-1
2086,8,714,146,60,77,0.7579716444015503,-1,-1,-1,-1
2087,8,713,148,61,77,0.7579136490821838,-1,-1,-1,-1
2088,8,712,151,61,78,0.7746613621711731,-1,-1,-1,-1
2089,8,712,159,62,79,0.7443494200706482,-1,-1,-1,-1
2090,8,712,166,63,79,0.759929895401001,-1,-1,-1,-1
2091,8,714,174,65,81,0.7730564475059509,-1,-1,-1,-1
2092,8,715,177,65,82,0.7723439931869507,-1,-1,-1,-1
2093,8,717,182,65,82,0.7803231477737427,-1,-1,-1,-1
2094,8,720,189,68,86,0.7613382339477539,-1,-1,-1,-1
2095,8,722,196,70,86,0.7797510623931885,-1,-1,-1,-1
2096,8,726,206,73,85,0.7767478227615356,-1,-1,-1,-1
2097,8,728,210,74,84,0.7769162058830261,-1,-1,-1,-1
2098,8,730,213,75,86,0.7506470084190369,-1,-1,-1,-1
2099,8,733,218,77,90,0.7652126550674438,-1,-1,-1,-1
2100,8,734,224,79,92,0.7757624387741089,-1,-1,-1,-1
2101,8,733,231,81,94,0.7682166695594788,-1,-1,-1,-1
2102,8,733,233,82,95,0.7685064077377319,-1,-1,-1,-1
2103,8,731,236,84,97,0.7508687376976013,-1,-1,-1,-1
2104,8,725,240,86,103,0.777255117893219,-1,-1,-1,-1
2105,8,720,249,88,101,0.7791085243225098,-1,-1,-1,-1
2106,8,712,248,89,118,0.7812204957008362,-1,-1,-1,-1
2107,8,709,248,90,124,0.7814819812774658,-1,-1,-1,-1
2108,8,703,252,93,126,0.7863534688949585,-1,-1,-1,-1
2109,8,691,266,95,129,0.7483758330345154,-1,-1,-1,-1
2110,8,681,280,96,129,0.7486265301704407,-1,-1,-1,-1
2111,8,663,306,98,123,0.6566826105117798,-1,-1,-1,-1
2112,8,657,315,98,122,0.6559311747550964,-1,-1,-1,-1
2113,8,647,332,99,116,0.7737945914268494,-1,-1,-1,-1
2114,8,627,357,102,109,0.7079377770423889,-1,-1,-1,-1
2115,8,612,367,101,112,0.6655765175819397,-1,-1,-1,-1
2116,8,590,381,105,113,0.7043406963348389,-1,-1,-1,-1
2117,8,582,385,106,115,0.7010927200317383,-1,-1,-1,-1
2118,8,571,391,110,119,0.7247387766838074,-1,-1,-1,-1
2119,8,555,406,114,124,0.6853246092796326,-1,-1,-1,-1
2120,8,545,422,115,124,0.7074742317199707,-1,-1,-1,-1
2121,8,533,443,118,126,0.6212117671966553,-1,-1,-1,-1
2122,8,529,450,118,127,0.6223918795585632,-1,-1,-1,-1
2123,8,523,461,120,128,0.7135351896286011,-1,-1,-1,-1
2124,8,519,492,113,122,0.6036505699157715,-1,-1,-1,-1
2125,8,515,515,116,120,0.6053099632263184,-1,-1,-1,-1
2457,34,827,423,66,69,0.4089716076850891,-1,-1,-1,-1
2462,35,896,445,68,72,0.37883201241493225,-1,-1,-1,-1
2463,35,914,455,66,65,0.504116952419281,-1,-1,-1,-1
2467,38,968,491,70,56,0.4999922513961792,-1,-1,-1,-1
2557,42,979,288,27,39,0.31024664640426636,-1,-1,-1,-1
2606,45,848,179,28,52,0.4320923089981079,-1,-1,-1,-1
2607,45,848,179,28,52,0.43413329124450684,-1,-1,-1,-1
2608,45,848,175,26,51,0.3658409118652344,-1,-1,-1,-1
2609,45,848,172,26,52,0.41401752829551697,-1,-1,-1,-1
2610,45,847,169,26,50,0.40793201327323914,-1,-1,-1,-1
2611,45,846,169,26,48,0.4494171738624573,-1,-1,-1,-1
2612,45,845,169,26,48,0.4496973752975464,-1,-1,-1,-1
2615,47,829,160,26,49,0.5233782529830933,-1,-1,-1,-1
2616,47,826,160,26,48,0.4547724425792694,-1,-1,-1,-1
2617,47,825,160,26,48,0.45358341932296753,-1,-1,-1,-1
2621,50,807,148,24,50,0.5207154154777527,-1,-1,-1,-1
2622,50,807,148,23,49,0.5203278064727783,-1,-1,-1,-1
2623,50,802,146,27,50,0.4741862416267395,-1,-1,-1,-1
2624,50,800,145,28,49,0.3698774576187134,-1,-1,-1,-1
2625,50,797,142,26,48,0.47467657923698425,-1,-1,-1,-1
2626,50,794,138,26,50,0.5415113568305969,-1,-1,-1,-1
2627,50,793,137,27,51,0.5396450161933899,-1,-1,-1,-1
2628,50,790,134,27,50,0.5685428977012634,-1,-1,-1,-1
2629,50,788,128,28,51,0.666115939617157,-1,-1,-1,-1
2630,50,785,124,35,50,0.7065933346748352,-1,-1,-1,-1
2631,50,784,122,38,50,0.7302632331848145,-1,-1,-1,-1
2632,50,783,121,40,50,0.7309966683387756,-1,-1,-1,-1
2633,50,784,119,40,50,0.7850447297096252,-1,-1,-1,-1
2634,50,784,118,41,50,0.742231547832489,-1,-1,-1,-1
2635,50,783,116,41,50,0.7959458827972412,-1,-1,-1,-1
2636,50,782,114,41,50,0.785529613494873,-1,-1,-1,-1
2637,50,782,114,41,49,0.7854257225990295,-1,-1,-1,-1
2638,50,780,111,42,51,0.7490681409835815,-1,-1,-1,-1
2639,50,778,110,42,51,0.7697161436080933,-1,-1,-1,-1
2640,50,775,109,40,51,0.7883506417274475,-1,-1,-1,-1
2641,50,772,109,40,51,0.7579965591430664,-1,-1,-1,-1
2642,50,771,109,40,51,0.7583420276641846,-1,-1,-1,-1
2643,50,767,109,38,50,0.7898997068405151,-1,-1,-1,-1
2644,50,762,108,36,50,0.7604144811630249,-1,-1,-1,-1
2645,50,755,108,31,48,0.6997946500778198,-1,-1,-1,-1
2646,50,750,110,25,45,0.579146146774292,-1,-1,-1,-1
2647,50,749,110,23,45,0.5798143744468689,-1,-1,-1,-1
2648,50,744,111,20,43,0.4983689486980438,-1,-1,-1,-1
2649,50,740,113,19,42,0.46797019243240356,-1,-1,-1,-1
2650,50,736,118,18,36,0.33089715242385864,-1,-1,-1,-1
2651,50,733,114,18,38,0.29037347435951233,-1,-1,-1,-1
2653,50,728,112,17,38,0.4865851402282715,-1,-1,-1,-1
2654,50,725,111,19,37,0.3660971522331238,-1,-1,-1,-1
2655,50,721,111,17,36,0.3750523030757904,-1,-1,-1,-1
2656,50,718,111,18,35,0.36420804262161255,-1,-1,-1,-1
2657,50,717,111,18,34,0.36676082015037537,-1,-1,-1,-1
2667,67,702,86,17,34,0.30477964878082275,-1,-1,-1,-1
2737,69,825,206,46,66,0.5811775326728821,-1,-1,-1,-1
2747,70,640,77,20,34,0.31072676181793213,-1,-1,-1,-1
2748,70,638,77,20,33,0.3065856397151947,-1,-1,-1,-1
2789,70,641,69,25,41,0.5702472925186157,-1,-1,-1,-1
2790,70,640,68,26,41,0.6022146344184875,-1,-1,-1,-1
2791,70,640,66,25,41,0.5648804903030396,-1,-1,-1,-1
2792,70,640,66,25,40,0.5625593066215515,-1,-1,-1,-1
2844,76,687,91,23,46,0.5982779860496521,-1,-1,-1,-1
2845,76,684,89,24,46,0.6706900000572205,-1,-1,-1,-1
2846,76,679,85,28,46,0.6946166753768921,-1,-1,-1,-1
2847,76,678,84,29,46,0.6954008340835571,-1,-1,-1,-1
2848,76,675,83,31,46,0.7075572609901428,-1,-1,-1,-1
2849,76,672,82,32,45,0.7091130018234253,-1,-1,-1,-1
2850,76,669,82,32,44,0.7133150100708008,-1,-1,-1,-1
2851,76,664,81,33,44,0.7197477221488953,-1,-1,-1,-1
2852,76,663,81,33,44,0.7198810577392578,-1,-1,-1,-1
2853,76,660,81,32,43,0.7099100351333618,-1,-1,-1,-1
2854,76,654,81,30,42,0.700721800327301,-1,-1,-1,-1
2855,76,649,80,28,41,0.7018083930015564,-1,-1,-1,-1
2856,76,642,77,25,40,0.643620491027832,-1,-1,-1,-1
2857,76,639,76,25,40,0.6439430117607117,-1,-1,-1,-1
2858,76,638,77,22,37,0.5889209508895874,-1,-1,-1,-1
2882,89,651,69,17,34,0.3298083543777466,-1,-1,-1,-1
2897,93,783,178,28,55,0.4133162200450897,-1,-1,-1,-1
2915,94,641,40,23,36,0.46995922923088074,-1,-1,-1,-1
2916,94,642,40,24,34,0.689734160900116,-1,-1,-1,-1
2917,94,642,40,25,33,0.6895116567611694,-1,-1,-1,-1
2918,94,643,40,25,33,0.6951395273208618,-1,-1,-1,-1
2919,94,644,40,26,33,0.7376593351364136,-1,-1,-1,-1
2920,94,645,40,27,33,0.7467485070228577,-1,-1,-1,-1
2921,94,647,40,27,33,0.7625612616539001,-1,-1,-1,-1
2922,94,647,40,27,33,0.7622512578964233,-1,-1,-1,-1
2922,99,709,95,21,45,0.3038685619831085,-1,-1,-1,-1
2923,94,648,40,27,33,0.7465288043022156,-1,-1,-1,-1
2924,94,648,40,27,33,0.7415496706962585,-1,-1,-1,-1
2925,94,648,40,27,33,0.7663641571998596,-1,-1,-1,-1
2926,94,648,40,27,33,0.7388533353805542,-1,-1,-1,-1
2927,94,648,41,27,32,0.7389833331108093,-1,-1,-1,-1
2928,94,648,40,26,33,0.7302385568618774,-1,-1,-1,-1
2929,94,647,40,27,33,0.7192845940589905,-1,-1,-1,-1
2930,94,647,40,27,33,0.6574711799621582,-1,-1,-1,-1
2931,94,645,40,28,32,0.588087260723114,-1,-1,-1,-1
2932,94,645,40,27,32,0.5842193961143494,-1,-1,-1,-1
2933,94,645,40,27,31,0.49668604135513306,-1,-1,-1,-1
2934,94,644,40,27,29,0.33738481998443604,-1,-1,-1,-1
2935,94,644,40,26,28,0.4127843976020813,-1,-1,-1,-1
2936,94,644,40,24,27,0.333408385515213,-1,-1,-1,-1
2937,94,644,40,24,27,0.3526681065559387,-1,-1,-1,-1
2938,94,644,39,24,29,0.35922563076019287,-1,-1,-1,-1
2939,94,643,40,25,29,0.5197787880897522,-1,-1,-1,-1
2940,94,643,39,25,31,0.5024747252464294,-1,-1,-1,-1
2941,94,644,40,23,29,0.5998885631561279,-1,-1,-1,-1
2942,94,644,40,23,28,0.6025574803352356,-1,-1,-1,-1
2943,94,644,40,23,29,0.5554359555244446,-1,-1,-1,-1
2948,94,642,40,24,31,0.46778401732444763,-1,-1,-1,-1
2949,94,641,40,25,33,0.52442467212677,-1,-1,-1,-1
2950,94,641,40,24,33,0.5289364457130432,-1,-1,-1,-1
2951,94,641,40,24,33,0.5047004818916321,-1,-1,-1,-1
2952,94,641,40,24,33,0.5022319555282593,-1,-1,-1,-1
2953,94,641,40,24,33,0.5756744146347046,-1,-1,-1,-1
2954,94,642,40,23,32,0.5946774482727051,-1,-1,-1,-1
2955,94,642,40,23,31,0.618098258972168,-1,-1,-1,-1
2956,94,642,40,22,31,0.6324381232261658,-1,-1,-1,-1
2957,94,642,40,22,30,0.6255720853805542,-1,-1,-1,-1
2958,94,642,40,22,30,0.6297265887260437,-1,-1,-1,-1
2959,94,642,40,22,30,0.5868014097213745,-1,-1,-1,-1
2960,94,642,40,22,30,0.5916999578475952,-1,-1,-1,-1
2961,94,642,40,22,30,0.6471260190010071,-1,-1,-1,-1
2962,94,642,40,22,30,0.6515164971351624,-1,-1,-1,-1
2963,94,642,40,22,30,0.6584959626197815,-1,-1,-1,-1
2964,94,642,40,22,30,0.6816636323928833,-1,-1,-1,-1
2965,94,642,40,22,30,0.6823817491531372,-1,-1,-1,-1
2966,94,642,40,22,30,0.6632558703422546,-1,-1,-1,-1
2967,94,642,40,22,31,0.6667703986167908,-1,-1,-1,-1
2968,94,642,40,22,30,0.6571218967437744,-1,-1,-1,-1
2969,94,642,40,23,30,0.660088062286377,-1,-1,-1,-1
2970,94,642,40,23,31,0.6766436100006104,-1,-1,-1,-1
2971,94,642,40,23,31,0.6478663086891174,-1,-1,-1,-1
2972,94,642,40,23,31,0.6468992829322815,-1,-1,-1,-1
2973,94,642,40,23,31,0.6588401198387146,-1,-1,-1,-1
2974,94,642,40,23,31,0.6678791642189026,-1,-1,-1,-1
2975,94,642,40,24,31,0.6901741027832031,-1,-1,-1,-1
2976,94,642,40,24,31,0.6888611912727356,-1,-1,-1,-1
2977,94,642,40,24,31,0.687822699546814,-1,-1,-1,-1
2978,94,642,40,24,32,0.6995717883110046,-1,-1,-1,-1
2979,94,642,40,24,34,0.7071283459663391,-1,-1,-1,-1
2980,94,642,40,24,34,0.7132814526557922,-1,-1,-1,-1
2981,94,641,40,24,34,0.6479676961898804,-1,-1,-1,-1
2982,94,641,40,24,34,0.6491323709487915,-1,-1,-1,-1
2983,94,641,40,24,33,0.6036049127578735,-1,-1,-1,-1
2984,94,641,40,24,32,0.590364396572113,-1,-1,-1,-1
2985,94,641,40,24,33,0.5897833704948425,-1,-1,-1,-1
2986,94,642,40,24,33,0.5750465989112854,-1,-1,-1,-1
2987,94,643,40,24,34,0.576322615146637,-1,-1,-1,-1
2988,94,643,40,25,35,0.5576232671737671,-1,-1,-1,-1
2989,94,644,40,25,35,0.5212193727493286,-1,-1,-1,-1
2990,94,645,41,26,34,0.576566755771637,-1,-1,-1,-1
2991,94,649,42,25,34,0.5862041115760803,-1,-1,-1,-1
2992,94,650,42,25,35,0.584463894367218,-1,-1,-1,-1
2993,94,651,42,25,36,0.5239860415458679,-1,-1,-1,-1
2994,94,655,43,24,34,0.5766409635543823,-1,-1,-1,-1
2995,94,657,43,24,37,0.53780597448349,-1,-1,-1,-1
3056,107,639,77,29,37,0.5113911032676697,-1,-1,-1,-1
3057,107,639,77,30,38,0.5171863436698914,-1,-1,-1,-1
3058,107,641,77,32,39,0.5615978240966797,-1,-1,-1,-1
3058,108,664,42,18,30,0.3452669680118561,-1,-1,-1,-1
3059,107,646,75,33,40,0.6519680619239807,-1,-1,-1,-1
3060,107,649,74,35,42,0.5901200771331787,-1,-1,-1,-1
3061,107,655,74,36,42,0.6137575507164001,-1,-1,-1,-1
3062,107,657,74,36,42,0.6112533211708069,-1,-1,-1,-1
3063,107,660,73,36,43,0.5683608055114746,-1,-1,-1,-1
3064,107,666,74,36,43,0.5608789920806885,-1,-1,-1,-1
3065,107,670,74,37,43,0.4165387749671936,-1,-1,-1,-1
3066,107,676,77,37,42,0.4852241277694702,-1,-1,-1,-1
3066,108,660,41,22,31,0.32055413722991943,-1,-1,-1,-1
3067,107,678,77,37,42,0.4885236620903015,-1,-1,-1,-1
3067,108,659,41,23,31,0.32036980986595154,-1,-1,-1,-1
3068,107,680,78,37,42,0.5588995814323425,-1,-1,-1,-1
3068,108,659,41,23,31,0.2894520163536072,-1,-1,-1,-1
3069,107,685,79,37,43,0.6544020771980286,-1,-1,-1,-1
3069,108,660,40,25,33,0.34563374519348145,-1,-1,-1,-1
3070,107,688,80,38,44,0.6346755027770996,-1,-1,-1,-1
3070,108,660,40,26,33,0.3456324636936188,-1,-1,-1,-1
3071,107,691,82,38,45,0.5779918432235718,-1,-1,-1,-1
3071,108,660,40,25,32,0.3570703864097595,-1,-1,-1,-1
3072,107,692,83,38,45,0.5765098333358765,-1,-1,-1,-1
3072,108,660,40,25,31,0.35471636056900024,-1,-1,-1,-1
3073,107,694,84,37,45,0.5379316210746765,-1,-1,-1,-1
3073,108,660,40,25,32,0.30063167214393616,-1,-1,-1,-1
3074,107,696,85,38,46,0.6860314011573792,-1,-1,-1,-1
3074,108,660,40,26,32,0.3052257001399994,-1,-1,-1,-1
3075,107,698,86,38,47,0.6568818092346191,-1,-1,-1,-1
3075,108,660,40,26,32,0.2875514626502991,-1,-1,-1,-1
3076,107,700,87,39,47,0.7181309461593628,-1,-1,-1,-1
3076,108,660,40,26,32,0.3995002210140228,-1,-1,-1,-1
3077,107,701,87,39,48,0.7180946469306946,-1,-1,-1,-1
3077,108,661,40,25,32,0.3896993100643158,-1,-1,-1,-1
3078,107,702,87,40,48,0.7450746893882751,-1,-1,-1,-1
3078,108,661,40,26,32,0.31451863050460815,-1,-1,-1,-1
3079,107,704,87,41,49,0.6540989875793457,-1,-1,-1,-1
3079,108,661,40,26,32,0.3513258397579193,-1,-1,-1,-1
3080,107,705,88,42,49,0.6827883720397949,-1,-1,-1,-1
3080,108,662,40,25,32,0.41059309244155884,-1,-1,-1,-1
3081,107,708,89,42,50,0.7203012108802795,-1,-1,-1,-1
3081,108,662,40,26,32,0.44502800703048706,-1,-1,-1,-1
3082,107,708,90,43,50,0.7196369171142578,-1,-1,-1,-1
3082,108,662,40,26,32,0.4390757083892822,-1,-1,-1,-1
3083,107,709,91,43,51,0.7149591445922852,-1,-1,-1,-1
3083,108,663,40,25,32,0.3724760115146637,-1,-1,-1,-1
3084,107,712,93,43,52,0.7196915149688721,-1,-1,-1,-1
3084,108,663,40,26,33,0.3842543065547943,-1,-1,-1,-1
3085,107,713,95,45,53,0.7105751037597656,-1,-1,-1,-1
3085,108,663,40,26,33,0.3519343137741089,-1,-1,-1,-1
3086,107,717,98,45,54,0.7109141945838928,-1,-1,-1,-1
3086,108,664,41,25,31,0.40200045704841614,-1,-1,-1,-1
3087,107,718,99,45,54,0.7118219137191772,-1,-1,-1,-1
3087,108,664,41,25,31,0.4010828733444214,-1,-1,-1,-1
3088,107,721,102,45,53,0.7315203547477722,-1,-1,-1,-1
3088,108,664,41,26,31,0.4473345875740051,-1,-1,-1,-1
3089,107,726,105,46,54,0.762649655342102,-1,-1,-1,-1
3089,108,664,40,26,33,0.45105352997779846,-1,-1,-1,-1
3090,107,730,107,46,55,0.7701538801193237,-1,-1,-1,-1
3090,108,665,40,26,33,0.523952305316925,-1,-1,-1,-1
3091,107,737,110,47,55,0.7737150192260742,-1,-1,-1,-1
3091,108,666,40,25,33,0.6572052836418152,-1,-1,-1,-1
3092,107,740,111,46,55,0.774715006351471,-1,-1,-1,-1
3092,108,666,40,25,33,0.659675121307373,-1,-1,-1,-1
3093,107,743,112,47,56,0.7876797318458557,-1,-1,-1,-1
3093,108,667,41,25,32,0.6485450267791748,-1,-1,-1,-1
3094,107,749,113,47,57,0.807602047920227,-1,-1,-1,-1
3094,108,667,40,26,33,0.5744400024414062,-1,-1,-1,-1
3095,107,752,114,48,57,0.7953740358352661,-1,-1,-1,-1
3095,108,668,40,26,34,0.3460613787174225,-1,-1,-1,-1
3096,107,756,114,49,59,0.7681246399879456,-1,-1,-1,-1
3096,108,668,40,27,34,0.445570170879364,-1,-1,-1,-1
3097,107,757,114,49,59,0.7689975500106812,-1,-1,-1,-1
3097,108,668,40,27,34,0.4628806412220001,-1,-1,-1,-1
3098,107,759,113,49,61,0.782815158367157,-1,-1,-1,-1
3098,108,669,40,26,34,0.540867030620575,-1,-1,-1,-1
3099,107,760,115,49,62,0.8045087456703186,-1,-1,-1,-1
3099,108,670,41,26,32,0.45202091336250305,-1,-1,-1,-1
3100,107,760,119,50,61,0.7829919457435608,-1,-1,-1,-1
3100,108,670,41,26,32,0.5842167139053345,-1,-1,-1,-1
3101,107,760,123,50,62,0.8017353415489197,-1,-1,-1,-1
3101,108,671,41,25,32,0.6242566108703613,-1,-1,-1,-1
3102,107,759,124,51,63,0.8017679452896118,-1,-1,-1,-1
3102,108,671,41,25,32,0.6253648400306702,-1,-1,-1,-1
3103,107,758,127,52,63,0.805544376373291,-1,-1,-1,-1
3103,108,671,41,25,32,0.659783124923706,-1,-1,-1,-1
3104,107,755,133,53,63,0.8008229732513428,-1,-1,-1,-1
3104,108,672,42,24,31,0.6896499395370483,-1,-1,-1,-1
3105,107,752,136,54,64,0.8059448599815369,-1,-1,-1,-1
3105,108,672,41,25,33,0.6722371578216553,-1,-1,-1,-1
3106,107,748,140,55,65,0.814694344997406,-1,-1,-1,-1
3106,108,673,41,24,33,0.694178581237793,-1,-1,-1,-1
3107,107,746,141,55,66,0.8147038817405701,-1,-1,-1,-1
3107,108,673,41,24,32,0.6934853196144104,-1,-1,-1,-1
3108,107,744,143,56,66,0.8155900835990906,-1,-1,-1,-1
3108,108,673,41,24,33,0.6684228181838989,-1,-1,-1,-1
3109,107,742,146,56,67,0.8123186230659485,-1,-1,-1,-1
3109,108,673,42,24,32,0.6458263397216797,-1,-1,-1,-1
3110,107,740,148,58,69,0.810627281665802,-1,-1,-1,-1
3110,108,673,42,25,32,0.670443058013916,-1,-1,-1,-1
3111,107,740,151,58,69,0.8100323677062988,-1,-1,-1,-1
3111,108,673,42,25,32,0.7149577736854553,-1,-1,-1,-1
3112,107,739,152,59,69,0.8107613325119019,-1,-1,-1,-1
3112,108,673,42,25,31,0.7157830595970154,-1,-1,-1,-1
3113,107,740,152,59,70,0.8020181655883789,-1,-1,-1,-1
3113,108,674,42,24,31,0.7341353893280029,-1,-1,-1,-1
3114,107,741,154,61,72,0.8321920037269592,-1,-1,-1,-1
3114,108,674,42,25,32,0.7027862668037415,-1,-1,-1,-1
3115,107,742,156,62,74,0.7664555311203003,-1,-1,-1,-1
3115,108,674,42,25,32,0.6439564228057861,-1,-1,-1,-1
3116,107,744,163,63,75,0.7687381505966187,-1,-1,-1,-1
3116,108,674,42,25,32,0.6696293354034424,-1,-1,-1,-1
3116,110,633,80,31,42,0.6704970598220825,-1,-1,-1,-1
3117,107,744,165,64,76,0.76982581615448,-1,-1,-1,-1
3117,108,674,41,25,33,0.6787413358688354,-1,-1,-1,-1
3117,110,633,80,32,43,0.6876119375228882,-1,-1,-1,-1
3118,107,746,170,64,76,0.7622934579849243,-1,-1,-1,-1
3118,108,674,42,25,32,0.6645577549934387,-1,-1,-1,-1
3118,110,634,81,33,42,0.6291269063949585,-1,-1,-1,-1
3119,107,749,178,65,77,0.7651594877243042,-1,-1,-1,-1
3119,108,674,41,25,33,0.7017306089401245,-1,-1,-1,-1
3119,110,640,83,34,42,0.6653940677642822,-1,-1,-1,-1
3120,107,751,184,66,78,0.7963215708732605,-1,-1,-1,-1
3120,108,674,41,25,34,0.7078883051872253,-1,-1,-1,-1
3120,110,644,85,36,42,0.7399227619171143,-1,-1,-1,-1
3121,107,754,190,69,81,0.8109352588653564,-1,-1,-1,-1
3121,108,674,41,25,33,0.6162016987800598,-1,-1,-1,-1
3121,110,653,88,36,43,0.6826695203781128,-1,-1,-1,-1
3122,107,755,192,70,83,0.8110013008117676,-1,-1,-1,-1
3122,108,674,41,25,33,0.6214260458946228,-1,-1,-1,-1
3122,110,656,89,37,43,0.6887725591659546,-1,-1,-1,-1
3123,107,757,196,70,84,0.7650202512741089,-1,-1,-1,-1
3123,108,674,41,25,33,0.5758846998214722,-1,-1,-1,-1
3123,110,659,91,38,43,0.6865789890289307,-1,-1,-1,-1
3124,107,759,203,71,86,0.7419522404670715,-1,-1,-1,-1
3124,108,674,41,25,33,0.41602271795272827,-1,-1,-1,-1
3124,110,670,94,37,43,0.5201454758644104,-1,-1,-1,-1
3125,107,759,209,72,87,0.6931350827217102,-1,-1,-1,-1
3125,108,674,41,25,33,0.39121341705322266,-1,-1,-1,-1
3125,110,678,96,38,43,0.524848222732544,-1,-1,-1,-1
3126,107,756,214,75,89,0.7530658841133118,-1,-1,-1,-1
3126,108,674,41,25,33,0.5446010828018188,-1,-1,-1,-1
3126,110,689,97,38,43,0.6503731608390808,-1,-1,-1,-1
3127,107,755,216,76,90,0.7546092867851257,-1,-1,-1,-1
3127,108,674,41,25,32,0.5488385558128357,-1,-1,-1,-1
3127,110,693,98,38,43,0.6535423994064331,-1,-1,-1,-1
3128,107,754,216,76,92,0.7810876965522766,-1,-1,-1,-1
3128,108,674,41,26,33,0.611741840839386,-1,-1,-1,-1
3128,110,697,98,39,43,0.6894659399986267,-1,-1,-1,-1
3129,107,749,219,78,93,0.7865476012229919,-1,-1,-1,-1
3129,108,675,41,25,33,0.6234267950057983,-1,-1,-1,-1
3129,110,703,99,39,43,0.7477132678031921,-1,-1,-1,-1
3130,107,745,224,79,93,0.7786190509796143,-1,-1,-1,-1
3130,108,675,42,25,32,0.6549036502838135,-1,-1,-1,-1
3130,110,707,100,39,43,0.7132481336593628,-1,-1,-1,-1
3131,107,737,234,81,95,0.8305245637893677,-1,-1,-1,-1
3131,108,675,42,25,32,0.7044113278388977,-1,-1,-1,-1
3131,110,710,103,40,42,0.7511005401611328,-1,-1,-1,-1
3132,107,734,238,82,95,0.8303068280220032,-1,-1,-1,-1
3132,108,675,42,25,32,0.7045964002609253,-1,-1,-1,-1
3132,110,711,103,40,42,0.7512534260749817,-1,-1,-1,-1
3133,107,730,243,82,97,0.8260644674301147,-1,-1,-1,-1
3133,108,675,42,25,32,0.6374649405479431,-1,-1,-1,-1
3133,110,712,105,40,42,0.6655274629592896,-1,-1,-1,-1
3134,107,719,254,86,99,0.8150308728218079,-1,-1,-1,-1
3134,108,675,42,25,31,0.6178845167160034,-1,-1,-1,-1
3134,110,713,107,38,42,0.6209781169891357,-1,-1,-1,-1
3135,107,711,262,87,102,0.8170254826545715,-1,-1,-1,-1
3135,108,675,42,24,31,0.6357569098472595,-1,-1,-1,-1
3135,110,713,109,38,41,0.676868200302124,-1,-1,-1,-1
3136,107,698,274,90,104,0.8225683569908142,-1,-1,-1,-1
3136,108,675,42,24,31,0.738608717918396,-1,-1,-1,-1
3136,110,714,111,38,41,0.7702446579933167,-1,-1,-1,-1
3137,107,693,279,91,104,0.8225051164627075,-1,-1,-1,-1
3137,108,674,42,25,31,0.7386694550514221,-1,-1,-1,-1
3137,110,714,112,37,41,0.7701921463012695,-1,-1,-1,-1
3138,107,687,283,92,107,0.8537544012069702,-1,-1,-1,-1
3138,108,674,43,25,30,0.7566424012184143,-1,-1,-1,-1
3138,110,714,113,38,40,0.7633675932884216,-1,-1,-1,-1
3139,107,677,292,95,113,0.8233281970024109,-1,-1,-1,-1
3139,108,674,42,25,32,0.661633312702179,-1,-1,-1,-1
3139,110,716,117,38,42,0.6093441247940063,-1,-1,-1,-1
3140,107,671,300,97,117,0.8143911361694336,-1,-1,-1,-1
3140,108,674,42,25,32,0.6295288801193237,-1,-1,-1,-1
3140,110,717,120,38,42,0.5654619932174683,-1,-1,-1,-1
3141,107,663,310,101,122,0.8027957081794739,-1,-1,-1,-1
3141,108,673,42,26,32,0.582208514213562,-1,-1,-1,-1
3141,110,717,124,39,42,0.33187127113342285,-1,-1,-1,-1
3142,107,661,313,102,125,0.8026123642921448,-1,-1,-1,-1
3142,108,673,42,26,32,0.5830175280570984,-1,-1,-1,-1
3142,110,717,125,39,43,0.3305361866950989,-1,-1,-1,-1
3143,107,658,320,104,125,0.795424222946167,-1,-1,-1,-1
3143,108,673,42,26,32,0.563936710357666,-1,-1,-1,-1
3143,110,717,126,40,44,0.4810158610343933,-1,-1,-1,-1
3144,107,654,335,107,128,0.8089127540588379,-1,-1,-1,-1
3144,108,673,42,25,32,0.6784752011299133,-1,-1,-1,-1
3144,110,715,128,41,45,0.5788211226463318,-1,-1,-1,-1
3145,107,651,349,110,131,0.8267511129379272,-1,-1,-1,-1
3145,108,673,42,25,32,0.6853739023208618,-1,-1,-1,-1
3145,110,714,128,42,46,0.5372175574302673,-1,-1,-1,-1
3146,107,646,376,114,134,0.7977786064147949,-1,-1,-1,-1
3146,108,673,41,25,33,0.712458074092865,-1,-1,-1,-1
3146,110,716,128,43,49,0.5379135608673096,-1,-1,-1,-1
3147,107,645,387,115,134,0.7979863286018372,-1,-1,-1,-1
3147,108,673,41,25,33,0.7117699980735779,-1,-1,-1,-1
3147,110,717,128,42,50,0.5368303656578064,-1,-1,-1,-1
3148,107,642,401,117,139,0.8115248084068298,-1,-1,-1,-1
3148,108,673,41,25,33,0.6667583584785461,-1,-1,-1,-1
3148,110,719,127,42,50,0.4494452476501465,-1,-1,-1,-1
3149,107,639,432,121,139,0.7950782179832458,-1,-1,-1,-1
3149,108,673,41,25,33,0.7206607460975647,-1,-1,-1,-1
3149,110,722,130,44,48,0.6447290182113647,-1,-1,-1,-1
3150,107,636,455,125,141,0.8067845106124878,-1,-1,-1,-1
3150,108,673,42,25,32,0.7234529852867126,-1,-1,-1,-1
3150,110,724,132,45,47,0.6820594072341919,-1,-1,-1,-1
3151,107,634,487,132,143,0.7797470092773438,-1,-1,-1,-1
3151,108,674,43,24,31,0.7431897521018982,-1,-1,-1,-1
3151,110,725,134,46,49,0.6232795119285583,-1,-1,-1,-1
3152,107,633,499,134,144,0.7797349095344543,-1,-1,-1,-1
3152,108,674,44,24,30,0.7431447505950928,-1,-1,-1,-1
3152,110,725,135,47,49,0.623077392578125,-1,-1,-1,-1
3152,111,643,54,26,31,0.5740517377853394,-1,-1,-1,-1
3153,107,632,517,137,145,0.7797030806541443,-1,-1,-1,-1
3153,108,677,44,22,29,0.5155937075614929,-1,-1,-1,-1
3153,110,727,140,46,46,0.6069080829620361,-1,-1,-1,-1
3153,111,646,54,29,33,0.6216622591018677,-1,-1,-1,-1
3154,107,624,553,146,143,0.7717272639274597,-1,-1,-1,-1
3154,110,730,144,45,46,0.5053527355194092,-1,-1,-1,-1
3154,111,652,53,31,35,0.6742371916770935,-1,-1,-1,-1
3155,107,618,580,148,138,0.7348827123641968,-1,-1,-1,-1
3155,110,731,147,46,45,0.5271546840667725,-1,-1,-1,-1
3155,111,656,53,34,36,0.6876762509346008,-1,-1,-1,-1
3156,107,605,618,154,102,0.705240786075592,-1,-1,-1,-1
3156,110,733,150,46,46,0.6400623917579651,-1,-1,-1,-1
3156,111,662,55,34,35,0.7112537622451782,-1,-1,-1,-1
3157,107,599,630,157,90,0.705071210861206,-1,-1,-1,-1
3157,110,734,150,45,46,0.6403931975364685,-1,-1,-1,-1
3157,111,664,55,34,36,0.7119317650794983,-1,-1,-1,-1
3158,107,589,654,162,66,0.501164436340332,-1,-1,-1,-1
3158,110,735,153,47,47,0.6773698925971985,-1,-1,-1,-1
3158,111,666,55,36,37,0.6940767168998718,-1,-1,-1,-1
3159,110,742,157,48,48,0.4754958152770996,-1,-1,-1,-1
3159,111,670,55,36,39,0.5982574224472046,-1,-1,-1,-1
3160,110,748,161,49,49,0.6325462460517883,-1,-1,-1,-1
3160,111,672,56,37,38,0.6538898944854736,-1,-1,-1,-1
3161,110,756,166,50,50,0.6557126641273499,-1,-1,-1,-1
3161,111,674,56,37,40,0.6622174978256226,-1,-1,-1,-1
3162,110,759,168,51,50,0.6564170122146606,-1,-1,-1,-1
3162,111,675,56,37,41,0.6633778810501099,-1,-1,-1,-1
3163,110,763,169,52,52,0.6666730046272278,-1,-1,-1,-1
3163,111,676,58,36,40,0.7024742364883423,-1,-1,-1,-1
3164,110,772,169,53,55,0.7198679447174072,-1,-1,-1,-1
3164,111,676,60,37,39,0.669413685798645,-1,-1,-1,-1
3165,110,777,171,54,56,0.727435827255249,-1,-1,-1,-1
3165,111,676,60,37,40,0.7264570593833923,-1,-1,-1,-1
3166,110,783,176,55,54,0.6890196800231934,-1,-1,-1,-1
3166,111,674,62,37,40,0.7160363793373108,-1,-1,-1,-1
3167,110,785,178,55,53,0.6904728412628174,-1,-1,-1,-1
3167,111,673,62,38,41,0.7171496152877808,-1,-1,-1,-1
3168,110,787,175,55,58,0.7091561555862427,-1,-1,-1,-1
3168,111,673,63,37,41,0.657712996006012,-1,-1,-1,-1
3169,110,790,179,55,57,0.7077369689941406,-1,-1,-1,-1
3169,111,671,64,37,41,0.6306486129760742,-1,-1,-1,-1
3170,110,791,181,55,57,0.6735368967056274,-1,-1,-1,-1
3170,111,669,65,38,42,0.590618908405304,-1,-1,-1,-1
3171,110,789,185,56,58,0.700225830078125,-1,-1,-1,-1
3171,111,668,66,38,43,0.5587202310562134,-1,-1,-1,-1
3172,110,788,186,57,59,0.6971486210823059,-1,-1,-1,-1
3172,111,668,66,38,44,0.5575251579284668,-1,-1,-1,-1
3173,110,786,187,57,60,0.6935719847679138,-1,-1,-1,-1
3173,111,668,67,39,44,0.5516364574432373,-1,-1,-1,-1
3174,110,779,189,57,63,0.7208650708198547,-1,-1,-1,-1
3174,111,670,68,39,44,0.6799929738044739,-1,-1,-1,-1
3175,110,773,193,58,64,0.6691691279411316,-1,-1,-1,-1
3175,111,673,68,38,44,0.668624222278595,-1,-1,-1,-1
3176,110,761,199,59,65,0.7091653943061829,-1,-1,-1,-1
3176,111,677,68,39,45,0.6985203623771667,-1,-1,-1,-1
3177,110,757,201,59,65,0.7086073756217957,-1,-1,-1,-1
3177,111,678,68,39,45,0.6984120011329651,-1,-1,-1,-1
3178,110,750,203,60,67,0.7035030126571655,-1,-1,-1,-1
3178,111,680,67,40,46,0.7046021223068237,-1,-1,-1,-1
3179,110,736,205,61,69,0.6596375107765198,-1,-1,-1,-1
3179,111,686,69,40,46,0.6634609699249268,-1,-1,-1,-1
3180,110,726,206,62,71,0.6946422457695007,-1,-1,-1,-1
3180,111,690,71,40,46,0.6666886210441589,-1,-1,-1,-1
3181,110,714,205,62,74,0.7524827122688293,-1,-1,-1,-1
3181,111,697,73,41,47,0.6640490293502808,-1,-1,-1,-1
3182,110,710,205,62,75,0.752467155456543,-1,-1,-1,-1
3182,111,699,73,42,48,0.6646742224693298,-1,-1,-1,-1
3183,110,706,205,62,76,0.8016236424446106,-1,-1,-1,-1
3183,111,704,74,41,49,0.7222043871879578,-1,-1,-1,-1
3184,110,701,206,64,78,0.790260910987854,-1,-1,-1,-1
3184,111,713,78,42,48,0.7255181670188904,-1,-1,-1,-1
3185,110,699,207,64,79,0.7884025573730469,-1,-1,-1,-1
3185,111,721,81,41,47,0.7152369618415833,-1,-1,-1,-1
3186,110,697,210,66,81,0.7874079942703247,-1,-1,-1,-1
3186,111,732,83,41,47,0.760259747505188,-1,-1,-1,-1
3187,110,696,211,67,82,0.7868020534515381,-1,-1,-1,-1
3187,111,736,83,42,48,0.7604422569274902,-1,-1,-1,-1
3188,110,696,214,68,83,0.8039118051528931,-1,-1,-1,-1
3188,111,741,83,42,49,0.7103098034858704,-1,-1,-1,-1
3189,110,698,221,69,85,0.7571541666984558,-1,-1,-1,-1
3189,111,749,84,42,48,0.701825737953186,-1,-1,-1,-1
3190,110,701,230,70,85,0.7897220253944397,-1,-1,-1,-1
3190,111,754,84,42,48,0.7236179709434509,-1,-1,-1,-1
3191,110,707,242,73,87,0.798729419708252,-1,-1,-1,-1
3191,111,761,85,42,48,0.7979852557182312,-1,-1,-1,-1
3192,110,710,247,74,88,0.7986659407615662,-1,-1,-1,-1
3192,111,763,85,42,48,0.7973170876502991,-1,-1,-1,-1
3193,110,714,256,75,87,0.783854603767395,-1,-1,-1,-1
3193,111,766,86,42,49,0.7832001447677612,-1,-1,-1,-1
3194,110,725,266,77,91,0.7860947251319885,-1,-1,-1,-1
3194,111,770,89,44,49,0.7520060539245605,-1,-1,-1,-1
3195,110,733,276,80,91,0.7833642363548279,-1,-1,-1,-1
3195,111,775,93,43,47,0.735036313533783,-1,-1,-1,-1
3196,110,743,288,82,95,0.7870307564735413,-1,-1,-1,-1
3196,111,778,96,46,49,0.7859545946121216,-1,-1,-1,-1
3197,110,747,292,83,96,0.7869677543640137,-1,-1,-1,-1
3197,111,779,97,47,50,0.7861461043357849,-1,-1,-1,-1
3198,110,750,300,85,95,0.811684787273407,-1,-1,-1,-1
3198,111,780,100,47,50,0.7396190762519836,-1,-1,-1,-1
3199,110,754,309,85,96,0.8054956197738647,-1,-1,-1,-1
3199,111,783,105,47,49,0.6993545889854431,-1,-1,-1,-1
3200,110,755,315,87,97,0.7878257036209106,-1,-1,-1,-1
3200,111,784,109,47,50,0.7364540696144104,-1,-1,-1,-1
3201,110,753,324,89,99,0.785260796546936,-1,-1,-1,-1
3201,111,782,115,48,49,0.6969611048698425,-1,-1,-1,-1
3201,113,692,51,23,30,0.46617817878723145,-1,-1,-1,-1
3202,110,752,327,90,101,0.786390483379364,-1,-1,-1,-1
3202,111,782,117,47,49,0.6979451775550842,-1,-1,-1,-1
3202,113,692,51,22,30,0.4673270285129547,-1,-1,-1,-1
3203,110,749,331,92,103,0.7787532210350037,-1,-1,-1,-1
3203,111,779,120,48,50,0.7036454081535339,-1,-1,-1,-1
3203,113,692,52,23,31,0.5642516016960144,-1,-1,-1,-1
3204,110,742,344,95,106,0.8087444305419922,-1,-1,-1,-1
3204,111,773,124,49,50,0.7358956336975098,-1,-1,-1,-1
3204,113,692,52,25,33,0.5051217675209045,-1,-1,-1,-1
3205,110,734,357,97,107,0.7868954539299011,-1,-1,-1,-1
3205,111,768,125,48,51,0.702687680721283,-1,-1,-1,-1
3205,113,692,52,25,34,0.5052504539489746,-1,-1,-1,-1
3206,110,720,376,99,109,0.7897654175758362,-1,-1,-1,-1
3206,111,760,124,49,52,0.7108156085014343,-1,-1,-1,-1
3206,113,690,52,27,35,0.5315365195274353,-1,-1,-1,-1
3207,110,715,383,100,110,0.789969265460968,-1,-1,-1,-1
3207,111,758,124,48,53,0.7107612490653992,-1,-1,-1,-1
3207,113,689,52,28,35,0.5334377884864807,-1,-1,-1,-1
3208,110,707,394,101,110,0.770404577255249,-1,-1,-1,-1
3208,111,753,123,49,53,0.6444728374481201,-1,-1,-1,-1
3208,113,688,53,28,34,0.42993491888046265,-1,-1,-1,-1
3209,110,689,411,104,114,0.777952253818512,-1,-1,-1,-1
3209,111,745,121,50,55,0.6912735104560852,-1,-1,-1,-1
3209,113,687,52,29,36,0.5322510600090027,-1,-1,-1,-1
3210,110,674,427,106,113,0.7874763607978821,-1,-1,-1,-1
3210,111,741,119,50,57,0.7072511911392212,-1,-1,-1,-1
3210,113,686,52,29,36,0.591073215007782,-1,-1,-1,-1
3211,110,655,444,108,116,0.7414672374725342,-1,-1,-1,-1
3211,111,736,119,51,59,0.7278515100479126,-1,-1,-1,-1
3211,113,685,52,29,36,0.5982482433319092,-1,-1,-1,-1
3212,110,647,451,110,116,0.7413974404335022,-1,-1,-1,-1
3212,111,734,119,52,60,0.7278739809989929,-1,-1,-1,-1
3212,113,685,52,28,36,0.5989441871643066,-1,-1,-1,-1
3213,110,639,460,112,118,0.7105104327201843,-1,-1,-1,-1
3213,111,733,121,52,60,0.7413532137870789,-1,-1,-1,-1
3213,113,684,53,29,35,0.5880498886108398,-1,-1,-1,-1
3214,110,630,475,114,121,0.6992900967597961,-1,-1,-1,-1
3214,111,730,123,53,61,0.7232394218444824,-1,-1,-1,-1
3214,113,684,54,28,35,0.6602852940559387,-1,-1,-1,-1
3215,110,624,490,116,120,0.641669511795044,-1,-1,-1,-1
3215,111,727,126,54,61,0.7314110994338989,-1,-1,-1,-1
3215,113,683,54,28,34,0.6642985343933105,-1,-1,-1,-1
3216,110,615,508,122,125,0.7067704796791077,-1,-1,-1,-1
3216,111,726,128,54,64,0.6807125210762024,-1,-1,-1,-1
3216,113,683,54,28,34,0.6169484257698059,-1,-1,-1,-1
3217,110,611,515,124,127,0.7072678804397583,-1,-1,-1,-1
3217,111,726,129,54,64,0.6804252862930298,-1,-1,-1,-1
3217,113,683,54,28,34,0.6166951060295105,-1,-1,-1,-1
3218,110,608,526,126,128,0.699614405632019,-1,-1,-1,-1
3218,111,726,134,54,63,0.6936663389205933,-1,-1,-1,-1
3218,113,682,54,29,34,0.6387470364570618,-1,-1,-1,-1
3219,110,603,551,132,136,0.7205625176429749,-1,-1,-1,-1
3219,111,726,141,54,63,0.6657561659812927,-1,-1,-1,-1
3219,113,682,54,28,34,0.5851900577545166,-1,-1,-1,-1
3220,110,610,576,127,135,0.6823592185974121,-1,-1,-1,-1
3220,111,726,145,55,65,0.6683170795440674,-1,-1,-1,-1
3220,113,681,54,28,34,0.6040141582489014,-1,-1,-1,-1
3221,110,607,611,139,109,0.4546724259853363,-1,-1,-1,-1
3221,111,728,153,55,64,0.649540901184082,-1,-1,-1,-1
3221,113,680,54,28,34,0.6143450140953064,-1,-1,-1,-1
3222,110,606,624,143,96,0.4536040723323822,-1,-1,-1,-1
3222,111,728,155,56,65,0.6485307812690735,-1,-1,-1,-1
3222,113,680,54,28,34,0.6132805347442627,-1,-1,-1,-1
3223,111,730,160,57,66,0.6573184728622437,-1,-1,-1,-1
3223,113,680,54,27,34,0.5464245080947876,-1,-1,-1,-1
3224,111,731,162,57,66,0.656434178352356,-1,-1,-1,-1
3224,113,679,54,28,35,0.5445806980133057,-1,-1,-1,-1
3225,111,733,163,56,66,0.6751294732093811,-1,-1,-1,-1
3225,113,679,55,28,34,0.579150915145874,-1,-1,-1,-1
3226,111,734,163,58,70,0.6919978260993958,-1,-1,-1,-1
3226,113,678,55,28,34,0.6065025329589844,-1,-1,-1,-1
3227,111,735,162,58,72,0.6916749477386475,-1,-1,-1,-1
3227,113,678,55,28,34,0.6071651577949524,-1,-1,-1,-1
3228,111,736,164,59,71,0.6921872496604919,-1,-1,-1,-1
3228,113,678,55,28,34,0.562946617603302,-1,-1,-1,-1
3229,111,735,165,61,74,0.6585626602172852,-1,-1,-1,-1
3229,113,678,55,28,34,0.5651359558105469,-1,-1,-1,-1
3230,111,733,167,63,77,0.6635980606079102,-1,-1,-1,-1
3230,113,678,55,28,34,0.5202628374099731,-1,-1,-1,-1
3231,111,731,175,63,77,0.6617358326911926,-1,-1,-1,-1
3231,113,679,54,28,35,0.5973176956176758,-1,-1,-1,-1
3232,111,730,178,64,77,0.6622516512870789,-1,-1,-1,-1
3232,113,679,54,28,35,0.5975225567817688,-1,-1,-1,-1
3233,111,728,180,64,80,0.6154285073280334,-1,-1,-1,-1
3233,113,680,54,27,35,0.6167715787887573,-1,-1,-1,-1
3234,111,722,192,66,81,0.6517171859741211,-1,-1,-1,-1
3234,113,681,54,28,36,0.5977548360824585,-1,-1,-1,-1
3235,111,717,204,68,79,0.650202751159668,-1,-1,-1,-1
3235,113,681,55,29,35,0.6006432175636292,-1,-1,-1,-1
3236,111,706,217,72,82,0.6566694378852844,-1,-1,-1,-1
3236,113,684,55,28,36,0.5790361762046814,-1,-1,-1,-1
3237,111,702,222,73,83,0.6561577320098877,-1,-1,-1,-1
3237,113,684,56,28,35,0.5808579921722412,-1,-1,-1,-1
3238,111,697,229,74,86,0.6869820952415466,-1,-1,-1,-1
3238,113,685,56,28,35,0.6063780784606934,-1,-1,-1,-1
3239,111,683,243,78,88,0.5830307602882385,-1,-1,-1,-1
3239,113,687,57,28,35,0.692071795463562,-1,-1,-1,-1
3240,111,672,253,80,90,0.6521247029304504,-1,-1,-1,-1
3240,113,688,58,28,33,0.6779019832611084,-1,-1,-1,-1
3240,116,640,80,27,36,0.6301594972610474,-1,-1,-1,-1
3241,111,655,266,84,92,0.6386181712150574,-1,-1,-1,-1
3241,113,691,58,28,34,0.6234503388404846,-1,-1,-1,-1
3241,116,646,80,29,38,0.6167129874229431,-1,-1,-1,-1
3242,111,648,271,86,93,0.6377097964286804,-1,-1,-1,-1
3242,113,692,57,28,35,0.6215472221374512,-1,-1,-1,-1
3242,116,649,80,29,38,0.6134539246559143,-1,-1,-1,-1
3243,111,641,275,87,93,0.5826742053031921,-1,-1,-1,-1
3243,113,692,58,29,35,0.407961368560791,-1,-1,-1,-1
3243,116,651,81,30,38,0.41318991780281067,-1,-1,-1,-1
3244,111,627,279,92,98,0.5770784020423889,-1,-1,-1,-1
3245,111,617,280,94,102,0.4948970675468445,-1,-1,-1,-1
3246,111,606,290,96,102,0.4360256791114807,-1,-1,-1,-1
3246,113,698,57,29,38,0.4726315140724182,-1,-1,-1,-1
3247,111,601,293,98,103,0.43839314579963684,-1,-1,-1,-1
3247,117,675,83,33,42,0.3934819996356964,-1,-1,-1,-1
3247,113,699,57,29,38,0.47036004066467285,-1,-1,-1,-1
3248,111,597,299,97,105,0.4686545431613922,-1,-1,-1,-1
3248,117,680,83,33,42,0.5414614081382751,-1,-1,-1,-1
3248,113,700,57,29,38,0.5962106585502625,-1,-1,-1,-1
3249,111,590,310,99,111,0.3960408866405487,-1,-1,-1,-1
3249,117,689,83,33,42,0.7196162343025208,-1,-1,-1,-1
3249,113,703,58,29,35,0.6365600824356079,-1,-1,-1,-1
3250,117,695,82,34,43,0.6783695816993713,-1,-1,-1,-1
3250,113,705,58,28,34,0.5061728358268738,-1,-1,-1,-1
3251,117,703,82,34,43,0.6644287109375,-1,-1,-1,-1
3251,111,579,346,103,118,0.45346975326538086,-1,-1,-1,-1
3252,117,706,82,34,43,0.6672304272651672,-1,-1,-1,-1
3252,111,577,354,104,119,0.4560513198375702,-1,-1,-1,-1
3253,117,709,82,35,44,0.722281277179718,-1,-1,-1,-1
3253,111,575,366,104,121,0.4089152216911316,-1,-1,-1,-1
3254,117,715,83,35,44,0.7369764447212219,-1,-1,-1,-1
3254,111,573,385,112,133,0.5288680195808411,-1,-1,-1,-1
3254,113,710,59,29,35,0.43915265798568726,-1,-1,-1,-1
3255,117,720,83,35,45,0.7569096684455872,-1,-1,-1,-1
3255,111,572,402,120,141,0.4960225224494934,-1,-1,-1,-1
3255,113,712,60,29,36,0.6173679828643799,-1,-1,-1,-1
3256,117,725,85,35,45,0.7974087595939636,-1,-1,-1,-1
3256,111,572,431,131,147,0.6970651149749756,-1,-1,-1,-1
3256,113,713,60,29,36,0.7131158113479614,-1,-1,-1,-1
3257,117,727,86,35,45,0.7981444001197815,-1,-1,-1,-1
3257,111,572,441,135,150,0.6972268223762512,-1,-1,-1,-1
3257,113,714,60,29,36,0.7142529487609863,-1,-1,-1,-1
3258,117,729,87,35,45,0.8051874041557312,-1,-1,-1,-1
3258,111,570,448,143,160,0.7573192119598389,-1,-1,-1,-1
3258,113,715,61,29,35,0.6937903761863708,-1,-1,-1,-1
3259,117,732,89,36,46,0.7931337356567383,-1,-1,-1,-1
3259,111,565,469,156,167,0.7895273566246033,-1,-1,-1,-1
3259,113,716,61,29,36,0.6869115829467773,-1,-1,-1,-1
3260,117,734,91,37,46,0.7623181343078613,-1,-1,-1,-1
3260,111,562,481,163,177,0.813309371471405,-1,-1,-1,-1
3260,113,717,61,29,36,0.6703035831451416,-1,-1,-1,-1
3261,117,736,94,36,47,0.7739167213439941,-1,-1,-1,-1
3261,111,553,498,174,189,0.7899370193481445,-1,-1,-1,-1
3261,113,718,61,29,35,0.6798742413520813,-1,-1,-1,-1
3262,117,736,95,36,47,0.7740097045898438,-1,-1,-1,-1
3262,111,549,504,179,194,0.7892930507659912,-1,-1,-1,-1
3262,113,718,60,29,36,0.6802592873573303,-1,-1,-1,-1
3263,117,736,96,36,47,0.7900488376617432,-1,-1,-1,-1
3263,111,542,516,186,196,0.8297278881072998,-1,-1,-1,-1
3263,113,719,60,28,37,0.7034748792648315,-1,-1,-1,-1
3264,117,734,99,37,48,0.8032904267311096,-1,-1,-1,-1
3264,111,528,538,191,182,0.8267216086387634,-1,-1,-1,-1
3264,113,719,60,29,37,0.7231597900390625,-1,-1,-1,-1
3265,117,732,101,37,48,0.7978744506835938,-1,-1,-1,-1
3265,111,516,565,199,155,0.8432414531707764,-1,-1,-1,-1
3265,113,719,60,29,37,0.7097631096839905,-1,-1,-1,-1
3266,117,729,101,37,50,0.7868650555610657,-1,-1,-1,-1
3266,111,496,597,200,123,0.724880576133728,-1,-1,-1,-1
3266,113,719,60,29,36,0.7286352515220642,-1,-1,-1,-1
3267,117,727,102,38,49,0.7873241901397705,-1,-1,-1,-1
3267,111,488,607,201,113,0.7253323793411255,-1,-1,-1,-1
3267,113,719,60,29,36,0.7292121648788452,-1,-1,-1,-1
3268,117,726,102,38,50,0.7928252220153809,-1,-1,-1,-1
3268,111,474,624,208,96,0.6467962265014648,-1,-1,-1,-1
3268,113,719,60,29,36,0.7236679792404175,-1,-1,-1,-1
3269,117,722,103,39,50,0.7808378338813782,-1,-1,-1,-1
3269,113,719,59,29,37,0.7160829305648804,-1,-1,-1,-1
3270,117,720,104,40,51,0.8025749921798706,-1,-1,-1,-1
3270,113,719,58,29,38,0.7216533422470093,-1,-1,-1,-1
3271,117,717,105,40,53,0.7975464463233948,-1,-1,-1,-1
3271,113,718,58,29,37,0.6733750104904175,-1,-1,-1,-1
3272,117,716,106,40,54,0.7982258200645447,-1,-1,-1,-1
3272,113,718,58,29,37,0.6721199750900269,-1,-1,-1,-1
3273,117,714,106,41,55,0.7881330251693726,-1,-1,-1,-1
3273,113,718,57,29,37,0.6904948353767395,-1,-1,-1,-1
3274,117,711,108,41,54,0.7986869812011719,-1,-1,-1,-1
3274,113,717,57,29,36,0.6955244541168213,-1,-1,-1,-1
3275,117,708,109,42,55,0.7689460515975952,-1,-1,-1,-1
3275,113,717,57,28,36,0.7140126824378967,-1,-1,-1,-1
3276,117,705,110,41,56,0.7991438508033752,-1,-1,-1,-1
3276,113,717,57,28,36,0.7189112901687622,-1,-1,-1,-1
3277,117,704,110,41,57,0.8014129996299744,-1,-1,-1,-1
3277,113,717,57,28,36,0.721538245677948,-1,-1,-1,-1
3278,117,702,111,41,57,0.8099744915962219,-1,-1,-1,-1
3278,113,717,57,27,35,0.7243030071258545,-1,-1,-1,-1
3279,117,699,113,42,57,0.8010618090629578,-1,-1,-1,-1
3279,113,717,56,27,35,0.7383550405502319,-1,-1,-1,-1
3279,118,638,42,25,44,0.6193717122077942,-1,-1,-1,-1
3280,117,697,115,43,57,0.8102312088012695,-1,-1,-1,-1
3280,113,717,56,27,35,0.7482814788818359,-1,-1,-1,-1
3280,118,640,41,27,45,0.6803981065750122,-1,-1,-1,-1
3281,117,695,118,43,57,0.8239245414733887,-1,-1,-1,-1
3281,113,716,55,28,35,0.7479378581047058,-1,-1,-1,-1
3281,118,642,43,31,45,0.7233288288116455,-1,-1,-1,-1
3282,117,695,119,42,58,0.8244969844818115,-1,-1,-1,-1
3282,113,716,55,28,35,0.7484167218208313,-1,-1,-1,-1
3282,118,643,44,32,44,0.7241038680076599,-1,-1,-1,-1
3283,117,694,120,44,58,0.8217595815658569,-1,-1,-1,-1
3283,113,716,55,28,35,0.7558040022850037,-1,-1,-1,-1
3283,118,644,44,34,45,0.7669880390167236,-1,-1,-1,-1
3284,117,693,124,45,59,0.8293443918228149,-1,-1,-1,-1
3284,113,716,54,27,36,0.7717005610466003,-1,-1,-1,-1
3284,118,649,47,35,45,0.7646579146385193,-1,-1,-1,-1
3285,117,694,127,44,59,0.8311524391174316,-1,-1,-1,-1
3285,113,715,55,28,35,0.7880217432975769,-1,-1,-1,-1
3285,118,653,50,35,44,0.7766166925430298,-1,-1,-1,-1
3286,117,694,129,45,60,0.8353906869888306,-1,-1,-1,-1
3286,113,715,54,28,35,0.7598271369934082,-1,-1,-1,-1
3286,118,660,54,35,43,0.7524301409721375,-1,-1,-1,-1
3287,117,695,130,44,60,0.8354992270469666,-1,-1,-1,-1
3287,113,715,54,28,35,0.7600277066230774,-1,-1,-1,-1
3287,118,662,55,36,43,0.753303050994873,-1,-1,-1,-1
3288,117,695,130,45,61,0.8263954520225525,-1,-1,-1,-1
3288,113,715,54,28,35,0.7452261447906494,-1,-1,-1,-1
3288,118,666,54,36,46,0.7368000745773315,-1,-1,-1,-1
3289,117,696,131,46,61,0.7995756268501282,-1,-1,-1,-1
3289,113,715,53,28,36,0.7494235634803772,-1,-1,-1,-1
3289,118,672,56,37,47,0.7730109095573425,-1,-1,-1,-1
3290,117,696,132,47,62,0.7904574275016785,-1,-1,-1,-1
3290,113,715,53,28,36,0.7019768953323364,-1,-1,-1,-1
3290,118,678,58,37,47,0.7231597304344177,-1,-1,-1,-1
3291,117,695,134,48,63,0.7665649056434631,-1,-1,-1,-1
3291,118,687,57,36,49,0.7232768535614014,-1,-1,-1,-1
3292,117,695,134,48,64,0.7643033862113953,-1,-1,-1,-1
3292,118,690,57,36,49,0.7211286425590515,-1,-1,-1,-1
3293,117,694,135,49,65,0.752460241317749,-1,-1,-1,-1
3293,118,694,57,38,50,0.689649760723114,-1,-1,-1,-1
3294,117,692,136,50,67,0.7387819886207581,-1,-1,-1,-1
3294,118,700,57,40,51,0.7027627825737,-1,-1,-1,-1
3295,117,691,138,50,67,0.7482306957244873,-1,-1,-1,-1
3295,118,705,57,40,53,0.7192131876945496,-1,-1,-1,-1
3296,117,688,141,51,68,0.8035121560096741,-1,-1,-1,-1
3296,118,711,60,39,52,0.7900788187980652,-1,-1,-1,-1
3297,117,687,142,51,69,0.8043274879455566,-1,-1,-1,-1
3297,118,713,60,40,53,0.7900686860084534,-1,-1,-1,-1
3298,117,685,144,52,69,0.7926806807518005,-1,-1,-1,-1
3298,118,716,61,39,53,0.7613568305969238,-1,-1,-1,-1
3299,117,681,148,53,70,0.7941482663154602,-1,-1,-1,-1
3299,118,719,63,40,53,0.7843163013458252,-1,-1,-1,-1
3300,117,678,152,53,70,0.8021665811538696,-1,-1,-1,-1
3300,118,722,66,40,53,0.7638299465179443,-1,-1,-1,-1
3301,117,672,158,54,71,0.7387877106666565,-1,-1,-1,-1
3301,118,725,70,40,52,0.7695759534835815,-1,-1,-1,-1
3301,113,713,52,28,35,0.6792345643043518,-1,-1,-1,-1
3302,117,670,160,54,72,0.7373746037483215,-1,-1,-1,-1
3302,118,725,72,40,51,0.7688733339309692,-1,-1,-1,-1
3302,113,713,52,28,35,0.676373302936554,-1,-1,-1,-1
3303,117,666,163,54,72,0.7625429034233093,-1,-1,-1,-1
3303,118,725,73,42,53,0.7884043455123901,-1,-1,-1,-1
3303,113,713,52,28,34,0.7288583517074585,-1,-1,-1,-1
3304,117,658,165,56,74,0.786356508731842,-1,-1,-1,-1
3304,118,725,74,43,55,0.7833185791969299,-1,-1,-1,-1
3304,113,713,51,28,37,0.7311744689941406,-1,-1,-1,-1
3305,117,652,165,56,74,0.7984263300895691,-1,-1,-1,-1
3305,118,725,76,43,56,0.8056910037994385,-1,-1,-1,-1
3305,113,713,51,28,38,0.7243891954421997,-1,-1,-1,-1
3306,117,644,163,58,75,0.7984645366668701,-1,-1,-1,-1
3306,118,723,81,43,54,0.7935799956321716,-1,-1,-1,-1
3306,113,713,51,28,36,0.7222349643707275,-1,-1,-1,-1
3307,117,641,163,58,75,0.7987161874771118,-1,-1,-1,-1
3307,118,723,82,42,54,0.7934891581535339,-1,-1,-1,-1
3307,113,713,51,28,36,0.7220196723937988,-1,-1,-1,-1
3308,117,637,162,59,76,0.8104581236839294,-1,-1,-1,-1
3308,118,721,83,42,54,0.8131162524223328,-1,-1,-1,-1
3308,113,712,51,29,35,0.721208930015564,-1,-1,-1,-1
3309,117,631,164,60,75,0.8180134296417236,-1,-1,-1,-1
3309,118,718,82,44,56,0.809628427028656,-1,-1,-1,-1
3309,113,713,51,28,34,0.6306445002555847,-1,-1,-1,-1
3310,117,627,165,60,76,0.8236204385757446,-1,-1,-1,-1
3310,118,716,82,44,57,0.782122790813446,-1,-1,-1,-1
3310,113,712,51,28,33,0.49585017561912537,-1,-1,-1,-1
3311,117,621,167,60,76,0.7580845952033997,-1,-1,-1,-1
3311,118,714,82,45,58,0.7846912145614624,-1,-1,-1,-1
3311,113,712,51,27,33,0.5475362539291382,-1,-1,-1,-1
3312,117,619,167,60,77,0.7563206553459167,-1,-1,-1,-1
3312,118,714,82,45,59,0.7829945087432861,-1,-1,-1,-1
3312,113,712,51,27,32,0.5471266508102417,-1,-1,-1,-1
3313,117,616,169,62,77,0.7884957194328308,-1,-1,-1,-1
3313,118,713,83,46,59,0.7930756211280823,-1,-1,-1,-1
3313,113,712,51,27,33,0.6284629702568054,-1,-1,-1,-1
3314,117,613,172,62,79,0.7942796945571899,-1,-1,-1,-1
3314,118,713,85,46,58,0.7870527505874634,-1,-1,-1,-1
3314,113,712,52,27,32,0.5755522847175598,-1,-1,-1,-1
3315,117,610,176,63,80,0.7829029560089111,-1,-1,-1,-1
3315,118,713,86,46,59,0.7802751660346985,-1,-1,-1,-1
3315,113,712,52,27,32,0.6024337410926819,-1,-1,-1,-1
3316,117,607,182,64,82,0.8188256025314331,-1,-1,-1,-1
3316,118,713,89,48,60,0.8017280697822571,-1,-1,-1,-1
3316,113,712,53,26,31,0.6799664497375488,-1,-1,-1,-1
3317,117,606,184,64,82,0.8179618716239929,-1,-1,-1,-1
3317,118,713,89,48,62,0.8011307716369629,-1,-1,-1,-1
3317,113,712,53,26,31,0.6770991086959839,-1,-1,-1,-1
3318,117,605,187,65,83,0.8163402080535889,-1,-1,-1,-1
3318,118,714,92,48,61,0.8114393353462219,-1,-1,-1,-1
3318,113,712,53,26,32,0.6685572266578674,-1,-1,-1,-1
3319,117,605,193,66,84,0.8055137395858765,-1,-1,-1,-1
3319,118,715,95,49,63,0.8026548027992249,-1,-1,-1,-1
3319,113,711,54,28,33,0.7212178707122803,-1,-1,-1,-1
3320,117,605,199,67,85,0.7781479358673096,-1,-1,-1,-1
3320,118,716,98,49,64,0.7865187525749207,-1,-1,-1,-1
3320,113,712,54,27,35,0.7049272656440735,-1,-1,-1,-1
3321,117,606,207,68,87,0.7152857184410095,-1,-1,-1,-1
3321,118,718,103,50,65,0.7755223512649536,-1,-1,-1,-1
3321,113,712,56,27,35,0.6952382326126099,-1,-1,-1,-1
3322,117,606,210,69,88,0.7165359854698181,-1,-1,-1,-1
3322,118,719,105,51,66,0.7755551338195801,-1,-1,-1,-1
3322,113,712,56,28,35,0.6944904923439026,-1,-1,-1,-1
3323,117,607,214,70,89,0.7144066691398621,-1,-1,-1,-1
3323,118,720,107,52,67,0.7788690328598022,-1,-1,-1,-1
3323,113,712,57,28,36,0.6837602257728577,-1,-1,-1,-1
3324,117,609,220,71,91,0.7494985461235046,-1,-1,-1,-1
3324,118,725,114,52,65,0.8074992299079895,-1,-1,-1,-1
3324,113,713,59,28,35,0.7305151224136353,-1,-1,-1,-1
3325,117,610,225,72,92,0.7784172892570496,-1,-1,-1,-1
3325,118,728,117,52,66,0.8137264847755432,-1,-1,-1,-1
3325,113,714,61,28,35,0.7337135672569275,-1,-1,-1,-1
3326,117,611,231,73,95,0.7121105790138245,-1,-1,-1,-1
3326,118,733,119,54,66,0.7707176208496094,-1,-1,-1,-1
3326,113,715,63,29,36,0.6751265525817871,-1,-1,-1,-1
3327,117,611,233,74,96,0.7154292464256287,-1,-1,-1,-1
3327,118,735,120,54,66,0.7703222036361694,-1,-1,-1,-1
3327,113,716,63,29,38,0.6741043329238892,-1,-1,-1,-1
3328,117,611,238,75,96,0.7233206033706665,-1,-1,-1,-1
3328,118,738,122,54,65,0.8190640211105347,-1,-1,-1,-1
3328,113,717,65,29,37,0.7169365882873535,-1,-1,-1,-1
3329,117,610,245,77,100,0.8008167147636414,-1,-1,-1,-1
3329,118,741,125,56,66,0.8388696908950806,-1,-1,-1,-1
3329,113,720,68,29,35,0.7435966730117798,-1,-1,-1,-1
3330,117,609,250,79,102,0.7637569308280945,-1,-1,-1,-1
3330,118,742,128,58,67,0.8237410187721252,-1,-1,-1,-1
3330,113,722,69,29,35,0.7447229027748108,-1,-1,-1,-1
3331,117,608,260,80,105,0.7859730124473572,-1,-1,-1,-1
3331,118,744,131,59,69,0.8016861081123352,-1,-1,-1,-1
3331,113,724,70,31,36,0.7200525999069214,-1,-1,-1,-1
3332,117,607,263,81,107,0.7867297530174255,-1,-1,-1,-1
3332,118,745,132,58,69,0.8020216822624207,-1,-1,-1,-1
3332,113,725,71,31,36,0.7207515239715576,-1,-1,-1,-1
3333,117,606,268,82,109,0.7729761600494385,-1,-1,-1,-1
3333,118,745,134,59,69,0.8037098050117493,-1,-1,-1,-1
3333,113,727,71,31,35,0.7026157379150391,-1,-1,-1,-1
3334,117,603,281,84,112,0.7818619608879089,-1,-1,-1,-1
3334,118,745,139,59,68,0.7999577522277832,-1,-1,-1,-1
3334,113,729,71,30,36,0.7423596382141113,-1,-1,-1,-1
3335,117,601,290,86,115,0.7617756724357605,-1,-1,-1,-1
3335,118,744,141,60,70,0.810661792755127,-1,-1,-1,-1
3335,113,730,72,31,35,0.7399790287017822,-1,-1,-1,-1
3336,117,596,306,88,119,0.7058864235877991,-1,-1,-1,-1
3336,118,743,144,60,73,0.8352811336517334,-1,-1,-1,-1
3336,113,732,71,30,36,0.7031272053718567,-1,-1,-1,-1
3337,117,594,311,88,122,0.7089219093322754,-1,-1,-1,-1
3337,118,742,145,61,74,0.835908055305481,-1,-1,-1,-1
3337,113,732,71,31,36,0.703106164932251,-1,-1,-1,-1
3338,117,590,319,91,124,0.7398151755332947,-1,-1,-1,-1
3338,118,741,145,62,77,0.8455929160118103,-1,-1,-1,-1
3338,113,733,71,31,37,0.7283025979995728,-1,-1,-1,-1
3339,117,582,335,93,128,0.7877020835876465,-1,-1,-1,-1
3339,118,738,149,62,78,0.7768111228942871,-1,-1,-1,-1
3339,113,734,72,30,37,0.7188053727149963,-1,-1,-1,-1
3340,117,575,346,96,131,0.8123825788497925,-1,-1,-1,-1
3340,118,735,152,64,79,0.794681191444397,-1,-1,-1,-1
3340,113,734,73,31,38,0.6986433863639832,-1,-1,-1,-1
3340,119,640,49,20,32,0.5607077479362488,-1,-1,-1,-1
3341,117,565,359,99,136,0.7799631357192993,-1,-1,-1,-1
3341,118,730,157,65,80,0.814487636089325,-1,-1,-1,-1
3341,113,734,74,31,39,0.7353278994560242,-1,-1,-1,-1
3341,119,641,50,21,33,0.6831020712852478,-1,-1,-1,-1
3342,117,562,364,99,138,0.7786850929260254,-1,-1,-1,-1
3342,118,728,159,66,81,0.8153592944145203,-1,-1,-1,-1
3342,113,734,75,31,38,0.7352281212806702,-1,-1,-1,-1
3342,119,641,51,22,33,0.6837016940116882,-1,-1,-1,-1
3343,117,557,370,101,141,0.7936305999755859,-1,-1,-1,-1
3343,118,725,161,66,81,0.7970163822174072,-1,-1,-1,-1
3343,113,733,76,31,39,0.718440055847168,-1,-1,-1,-1
3343,119,641,52,23,33,0.6977148652076721,-1,-1,-1,-1
3344,117,549,385,104,146,0.7770037055015564,-1,-1,-1,-1
3344,118,719,165,66,84,0.7913734912872314,-1,-1,-1,-1
3344,113,732,78,31,39,0.7543851733207703,-1,-1,-1,-1
3344,119,642,54,24,32,0.6041658520698547,-1,-1,-1,-1
3345,117,542,398,108,150,0.7728835940361023,-1,-1,-1,-1
3345,118,713,170,67,83,0.8006137013435364,-1,-1,-1,-1
3345,113,730,79,32,39,0.7605410218238831,-1,-1,-1,-1
3345,119,643,55,26,32,0.6914525628089905,-1,-1,-1,-1
3346,117,535,418,112,156,0.7982281446456909,-1,-1,-1,-1
3346,118,705,173,69,84,0.8468037247657776,-1,-1,-1,-1
3346,113,727,80,33,40,0.7691049575805664,-1,-1,-1,-1
3346,119,646,58,27,32,0.7230885028839111,-1,-1,-1,-1
3347,117,533,426,112,158,0.7991776466369629,-1,-1,-1,-1
3347,118,702,175,69,84,0.8469607830047607,-1,-1,-1,-1
3347,113,727,80,32,40,0.7693220376968384,-1,-1,-1,-1
3347,119,648,58,26,32,0.7232798933982849,-1,-1,-1,-1
3348,117,529,438,115,160,0.7541535496711731,-1,-1,-1,-1
3348,118,697,175,70,85,0.8182814121246338,-1,-1,-1,-1
3348,113,725,81,33,40,0.772246241569519,-1,-1,-1,-1
3348,119,649,60,27,31,0.7117995619773865,-1,-1,-1,-1
3349,117,525,464,119,164,0.79059898853302,-1,-1,-1,-1
3349,118,690,176,72,88,0.8172981142997742,-1,-1,-1,-1
3349,113,723,82,33,39,0.7729731798171997,-1,-1,-1,-1
3349,119,653,61,26,31,0.711891770362854,-1,-1,-1,-1
3350,117,522,485,121,168,0.7943591475486755,-1,-1,-1,-1
3350,118,684,178,73,89,0.8279268741607666,-1,-1,-1,-1
3350,113,722,83,33,39,0.7819586396217346,-1,-1,-1,-1
3350,119,655,62,27,31,0.7483527660369873,-1,-1,-1,-1
3351,117,520,524,124,168,0.8110930919647217,-1,-1,-1,-1
3351,118,676,183,75,89,0.8130595684051514,-1,-1,-1,-1
3351,113,720,83,33,41,0.7982379198074341,-1,-1,-1,-1
3351,119,658,63,26,31,0.7498465180397034,-1,-1,-1,-1
3352,117,519,538,125,168,0.8115331530570984,-1,-1,-1,-1
3352,118,674,184,75,90,0.812674880027771,-1,-1,-1,-1
3352,113,719,84,34,40,0.7976646423339844,-1,-1,-1,-1
3352,119,659,63,26,31,0.7496688961982727,-1,-1,-1,-1
3353,117,518,559,126,161,0.7521377205848694,-1,-1,-1,-1
3353,118,670,187,77,91,0.8104617595672607,-1,-1,-1,-1
3353,113,718,84,35,41,0.7980359792709351,-1,-1,-1,-1
3353,119,660,65,26,30,0.7225432395935059,-1,-1,-1,-1
3354,117,517,597,130,123,0.7513301372528076,-1,-1,-1,-1
3354,118,664,191,79,94,0.8262555003166199,-1,-1,-1,-1
3354,113,718,86,34,41,0.805630087852478,-1,-1,-1,-1
3354,119,662,65,26,31,0.69065260887146,-1,-1,-1,-1
3355,117,515,629,136,91,0.4280925989151001,-1,-1,-1,-1
3355,118,659,194,81,96,0.8062291741371155,-1,-1,-1,-1
3355,113,717,87,35,41,0.7806981801986694,-1,-1,-1,-1
3355,119,663,65,27,32,0.6532866358757019,-1,-1,-1,-1
3356,118,654,202,81,99,0.8092536330223083,-1,-1,-1,-1
3356,113,717,89,35,42,0.7586104869842529,-1,-1,-1,-1
3356,119,664,66,28,32,0.6813073754310608,-1,-1,-1,-1
3357,118,653,206,80,99,0.8092871904373169,-1,-1,-1,-1
3357,113,717,90,35,42,0.7583991289138794,-1,-1,-1,-1
3357,119,664,66,29,32,0.680517852306366,-1,-1,-1,-1
3358,118,650,212,82,99,0.8433392643928528,-1,-1,-1,-1
3358,113,717,91,36,42,0.8064258098602295,-1,-1,-1,-1
3358,119,665,66,29,33,0.757775068283081,-1,-1,-1,-1
3359,118,645,222,84,103,0.8163090944290161,-1,-1,-1,-1
3359,113,719,93,35,44,0.7677789926528931,-1,-1,-1,-1
3359,119,666,68,30,32,0.7314292788505554,-1,-1,-1,-1
3360,118,642,229,86,107,0.8153025507926941,-1,-1,-1,-1
3360,113,720,94,36,44,0.7367031574249268,-1,-1,-1,-1
3360,119,667,67,30,34,0.6932113766670227,-1,-1,-1,-1
3361,118,638,237,89,114,0.8009729385375977,-1,-1,-1,-1
3361,113,723,95,37,46,0.7500960826873779,-1,-1,-1,-1
3361,119,670,68,30,35,0.6646848320960999,-1,-1,-1,-1
3362,118,637,240,89,117,0.8012848496437073,-1,-1,-1,-1
3362,113,724,95,37,47,0.7508188486099243,-1,-1,-1,-1
3362,119,670,68,31,35,0.666183590888977,-1,-1,-1,-1
3363,118,636,247,91,118,0.796161413192749,-1,-1,-1,-1
3363,113,726,96,37,47,0.768561065196991,-1,-1,-1,-1
3363,119,671,69,31,36,0.662822425365448,-1,-1,-1,-1
3364,118,636,253,94,126,0.8494827151298523,-1,-1,-1,-1
3364,113,730,96,37,47,0.777701735496521,-1,-1,-1,-1
3364,119,674,70,31,36,0.7458282709121704,-1,-1,-1,-1
3365,118,636,260,96,128,0.8126434087753296,-1,-1,-1,-1
3365,113,732,96,38,48,0.8104226589202881,-1,-1,-1,-1
3365,119,677,71,31,37,0.7740400433540344,-1,-1,-1,-1
3366,118,635,269,100,134,0.8110709190368652,-1,-1,-1,-1
3366,113,736,97,37,49,0.8114325404167175,-1,-1,-1,-1
3366,119,681,72,31,36,0.7349328994750977,-1,-1,-1,-1
3367,118,635,273,101,135,0.8107072114944458,-1,-1,-1,-1
3367,113,737,98,38,48,0.8119081258773804,-1,-1,-1,-1
3367,119,682,72,31,37,0.7358453869819641,-1,-1,-1,-1
3368,118,633,279,104,138,0.8167718052864075,-1,-1,-1,-1
3368,113,738,98,38,49,0.8065533638000488,-1,-1,-1,-1
3368,119,684,72,31,37,0.7114097476005554,-1,-1,-1,-1
3369,118,628,290,109,145,0.7727888226509094,-1,-1,-1,-1
3369,113,739,99,39,50,0.7883986830711365,-1,-1,-1,-1
3369,119,687,72,31,38,0.7483944892883301,-1,-1,-1,-1
3370,118,624,301,111,148,0.7755835652351379,-1,-1,-1,-1
3370,113,740,100,39,51,0.7893962860107422,-1,-1,-1,-1
3370,119,689,72,32,39,0.7315343022346497,-1,-1,-1,-1
3371,118,614,314,117,156,0.7722436785697937,-1,-1,-1,-1
3371,113,740,103,40,52,0.7658804655075073,-1,-1,-1,-1
3371,119,692,75,32,38,0.7621342539787292,-1,-1,-1,-1
3372,118,610,319,119,160,0.772058367729187,-1,-1,-1,-1
3372,113,740,104,40,52,0.7656499147415161,-1,-1,-1,-1
3372,119,693,75,32,38,0.7618184089660645,-1,-1,-1,-1
3373,118,605,333,121,157,0.7514634728431702,-1,-1,-1,-1
3373,113,739,105,40,53,0.7823520302772522,-1,-1,-1,-1
3373,119,694,76,33,38,0.7155647277832031,-1,-1,-1,-1
3374,118,593,348,126,168,0.7552892565727234,-1,-1,-1,-1
3374,113,737,107,41,55,0.8064053058624268,-1,-1,-1,-1
3374,119,696,77,33,39,0.7614313364028931,-1,-1,-1,-1
3375,118,583,360,127,176,0.7274338603019714,-1,-1,-1,-1
3375,113,735,110,42,55,0.8083776831626892,-1,-1,-1,-1
3375,119,698,77,33,41,0.743328332901001,-1,-1,-1,-1
3376,118,567,400,129,169,0.7004241347312927,-1,-1,-1,-1
3376,113,730,114,43,55,0.8176846504211426,-1,-1,-1,-1
3376,119,700,80,33,40,0.7376054525375366,-1,-1,-1,-1
3377,118,561,415,129,166,0.7000969052314758,-1,-1,-1,-1
3377,113,729,115,42,56,0.8175433278083801,-1,-1,-1,-1
3377,119,700,81,33,40,0.7377171516418457,-1,-1,-1,-1
3378,118,551,430,132,168,0.6454591751098633,-1,-1,-1,-1
3378,113,726,116,42,56,0.7831400036811829,-1,-1,-1,-1
3378,119,701,82,34,40,0.7673228979110718,-1,-1,-1,-1
3379,118,531,461,134,165,0.6688688397407532,-1,-1,-1,-1
3379,113,722,117,43,57,0.7948009967803955,-1,-1,-1,-1
3379,119,702,83,34,42,0.7031582593917847,-1,-1,-1,-1
3380,118,514,481,135,169,0.662087082862854,-1,-1,-1,-1
3380,113,718,117,44,58,0.8056362867355347,-1,-1,-1,-1
3380,119,702,85,34,41,0.6706377863883972,-1,-1,-1,-1
3381,118,487,513,138,167,0.7091705799102783,-1,-1,-1,-1
3381,113,714,117,45,59,0.8101561069488525,-1,-1,-1,-1
3381,119,701,87,34,40,0.6234230399131775,-1,-1,-1,-1
3382,118,477,525,139,166,0.7092618346214294,-1,-1,-1,-1
3382,113,712,117,46,60,0.8100743889808655,-1,-1,-1,-1
3382,119,701,88,34,40,0.6235346794128418,-1,-1,-1,-1
3383,118,462,539,144,167,0.7721030712127686,-1,-1,-1,-1
3383,113,711,117,45,61,0.7920470237731934,-1,-1,-1,-1
3383,119,700,89,35,41,0.5580670833587646,-1,-1,-1,-1
3384,118,437,572,145,148,0.7057023048400879,-1,-1,-1,-1
3384,113,708,117,47,63,0.8078679442405701,-1,-1,-1,-1
3384,119,699,90,35,41,0.5718551278114319,-1,-1,-1,-1
3385,118,415,597,149,123,0.6851933002471924,-1,-1,-1,-1
3385,113,707,119,46,63,0.8141979575157166,-1,-1,-1,-1
3385,119,697,90,36,43,0.6197326183319092,-1,-1,-1,-1
3386,113,705,123,47,64,0.8212553858757019,-1,-1,-1,-1
3386,119,697,90,36,43,0.6569740772247314,-1,-1,-1,-1
3387,113,704,124,48,64,0.8212932348251343,-1,-1,-1,-1
3387,119,697,90,36,43,0.6570907235145569,-1,-1,-1,-1
3388,113,703,127,49,65,0.8263480067253113,-1,-1,-1,-1
3388,119,696,90,38,45,0.6705316305160522,-1,-1,-1,-1
3389,113,703,132,49,66,0.8229596614837646,-1,-1,-1,-1
3389,119,696,91,39,45,0.6971597075462341,-1,-1,-1,-1
3390,113,703,137,50,66,0.8171465992927551,-1,-1,-1,-1
3390,119,697,91,38,45,0.7284584045410156,-1,-1,-1,-1
3391,113,704,142,51,69,0.7973170876502991,-1,-1,-1,-1
3391,119,697,90,39,47,0.7238252758979797,-1,-1,-1,-1
3392,113,704,144,52,70,0.7970660328865051,-1,-1,-1,-1
3392,119,697,90,39,48,0.7228044271469116,-1,-1,-1,-1
3393,113,705,147,52,70,0.8073203563690186,-1,-1,-1,-1
3393,119,698,90,39,48,0.7152585387229919,-1,-1,-1,-1
3394,113,707,152,53,70,0.808297872543335,-1,-1,-1,-1
3394,119,700,90,39,47,0.7083289623260498,-1,-1,-1,-1
3395,113,708,154,54,72,0.7946393489837646,-1,-1,-1,-1
3395,119,702,91,38,47,0.6920187473297119,-1,-1,-1,-1
3396,113,708,157,55,74,0.7735110521316528,-1,-1,-1,-1
3396,119,705,92,38,48,0.7678019404411316,-1,-1,-1,-1
3397,113,708,157,55,75,0.7732539772987366,-1,-1,-1,-1
3397,119,707,93,37,47,0.7676509022712708,-1,-1,-1,-1
3398,113,708,159,56,76,0.7778007984161377,-1,-1,-1,-1
3398,119,709,93,38,48,0.7378911375999451,-1,-1,-1,-1
3399,113,706,162,58,78,0.8048422336578369,-1,-1,-1,-1
3399,119,713,95,39,48,0.7066724300384521,-1,-1,-1,-1
3400,113,705,166,58,78,0.7554187774658203,-1,-1,-1,-1
3400,119,717,97,39,48,0.6772758960723877,-1,-1,-1,-1
3401,113,701,172,60,80,0.759363055229187,-1,-1,-1,-1
3401,119,724,101,39,47,0.7377526760101318,-1,-1,-1,-1
3402,113,700,174,60,81,0.7592889070510864,-1,-1,-1,-1
3402,119,727,102,39,48,0.7372470498085022,-1,-1,-1,-1
3403,113,698,177,60,83,0.7926331162452698,-1,-1,-1,-1
3403,119,731,102,39,49,0.7266476154327393,-1,-1,-1,-1
3404,113,692,186,62,83,0.7959654331207275,-1,-1,-1,-1
3404,119,738,104,40,49,0.7471834421157837,-1,-1,-1,-1
3405,113,687,194,64,84,0.7788609266281128,-1,-1,-1,-1
3405,119,744,105,40,50,0.7796477675437927,-1,-1,-1,-1
3406,113,679,201,65,86,0.8428959250450134,-1,-1,-1,-1
3406,119,751,107,40,51,0.7904651761054993,-1,-1,-1,-1
3407,113,676,203,66,87,0.8429852724075317,-1,-1,-1,-1
3407,119,754,108,40,51,0.7899811267852783,-1,-1,-1,-1
3408,113,672,207,67,88,0.7849826812744141,-1,-1,-1,-1
3408,119,757,109,40,50,0.7331569790840149,-1,-1,-1,-1
3409,113,666,212,68,90,0.7969329357147217,-1,-1,-1,-1
3409,119,761,110,41,51,0.7608102560043335,-1,-1,-1,-1
3410,113,661,216,69,93,0.8196280002593994,-1,-1,-1,-1
3410,119,764,111,42,51,0.7577983736991882,-1,-1,-1,-1
3411,113,655,220,72,98,0.7696946263313293,-1,-1,-1,-1
3411,119,769,112,41,50,0.7573258280754089,-1,-1,-1,-1
3412,113,653,222,72,99,0.7708898782730103,-1,-1,-1,-1
3412,119,770,113,41,49,0.757196843624115,-1,-1,-1,-1
3413,113,650,226,74,100,0.8036443591117859,-1,-1,-1,-1
3413,119,771,113,41,50,0.762394905090332,-1,-1,-1,-1
3414,113,646,235,76,103,0.7607689499855042,-1,-1,-1,-1
3414,119,773,113,41,50,0.751706063747406,-1,-1,-1,-1
3415,113,643,243,78,104,0.7811565399169922,-1,-1,-1,-1
3415,119,774,113,42,50,0.7504156827926636,-1,-1,-1,-1
3416,113,640,256,80,108,0.7724291086196899,-1,-1,-1,-1
3416,119,774,114,42,49,0.7556921243667603,-1,-1,-1,-1
3417,113,639,262,80,108,0.7728485465049744,-1,-1,-1,-1
3417,119,775,114,41,49,0.7561042904853821,-1,-1,-1,-1
3418,113,637,270,82,110,0.7709373831748962,-1,-1,-1,-1
3418,119,775,115,41,48,0.7594175338745117,-1,-1,-1,-1
3419,113,636,285,84,112,0.768984317779541,-1,-1,-1,-1
3419,119,775,115,40,48,0.7584440112113953,-1,-1,-1,-1
3420,113,635,295,86,116,0.7752881050109863,-1,-1,-1,-1
3420,119,775,115,40,48,0.770979106426239,-1,-1,-1,-1
3421,113,634,310,89,120,0.7820554971694946,-1,-1,-1,-1
3421,119,774,115,40,48,0.7615203261375427,-1,-1,-1,-1
3422,113,634,315,90,122,0.7824329733848572,-1,-1,-1,-1
3422,119,774,115,39,48,0.761332631111145,-1,-1,-1,-1
3423,113,633,323,92,123,0.8087755441665649,-1,-1,-1,-1
3423,119,774,115,39,48,0.748248815536499,-1,-1,-1,-1
3424,113,630,336,94,127,0.8027380704879761,-1,-1,-1,-1
3424,119,772,115,38,48,0.7383117079734802,-1,-1,-1,-1
3425,113,627,348,97,128,0.7958850264549255,-1,-1,-1,-1
3425,119,771,114,37,48,0.7028079032897949,-1,-1,-1,-1
3426,113,621,367,101,131,0.7469990253448486,-1,-1,-1,-1
3426,119,770,114,34,48,0.665276050567627,-1,-1,-1,-1
3427,113,619,374,102,132,0.7463536858558655,-1,-1,-1,-1
3427,119,769,114,34,48,0.6650388240814209,-1,-1,-1,-1
3428,113,615,386,104,132,0.773421049118042,-1,-1,-1,-1
3428,119,767,114,34,48,0.6902665495872498,-1,-1,-1,-1
3429,113,606,410,107,135,0.8051779270172119,-1,-1,-1,-1
3429,119,767,114,33,48,0.6972623467445374,-1,-1,-1,-1
3430,113,598,430,110,137,0.7842535376548767,-1,-1,-1,-1
3430,119,767,113,33,49,0.7136223912239075,-1,-1,-1,-1
3431,113,584,464,113,136,0.7629984617233276,-1,-1,-1,-1
3431,119,767,114,35,49,0.7483783960342407,-1,-1,-1,-1
3432,113,579,476,114,136,0.7627058625221252,-1,-1,-1,-1
3432,119,768,115,34,48,0.7481805682182312,-1,-1,-1,-1
3433,113,572,494,115,135,0.7713834643363953,-1,-1,-1,-1
3433,119,768,115,34,48,0.7543887495994568,-1,-1,-1,-1
3434,113,557,526,116,133,0.7539075016975403,-1,-1,-1,-1
3434,119,768,116,35,48,0.7770363688468933,-1,-1,-1,-1
3435,113,544,550,119,132,0.7634613513946533,-1,-1,-1,-1
3435,119,768,116,35,49,0.7693241238594055,-1,-1,-1,-1
3436,113,528,583,124,126,0.7504282593727112,-1,-1,-1,-1
3436,119,769,116,34,49,0.7678523063659668,-1,-1,-1,-1
3437,113,521,595,127,124,0.7504693865776062,-1,-1,-1,-1
3437,119,769,116,34,49,0.7678701281547546,-1,-1,-1,-1
3438,113,513,612,129,108,0.7763597965240479,-1,-1,-1,-1
3438,119,768,116,34,50,0.7429953813552856,-1,-1,-1,-1
3439,113,501,651,136,69,0.49528399109840393,-1,-1,-1,-1
3439,119,766,117,33,50,0.7481845021247864,-1,-1,-1,-1
3440,119,764,117,32,50,0.7416543960571289,-1,-1,-1,-1
3441,119,760,118,30,50,0.7506950497627258,-1,-1,-1,-1
3442,119,758,118,30,50,0.750520646572113,-1,-1,-1,-1
3443,119,757,117,29,52,0.7199969291687012,-1,-1,-1,-1
3444,119,752,117,30,53,0.646179735660553,-1,-1,-1,-1
3445,119,749,119,28,51,0.6551882028579712,-1,-1,-1,-1
3446,119,743,120,29,52,0.7011686563491821,-1,-1,-1,-1
3447,119,742,120,28,53,0.7009052038192749,-1,-1,-1,-1
3448,119,739,122,27,51,0.6837404370307922,-1,-1,-1,-1
3449,119,733,121,30,52,0.6435028314590454,-1,-1,-1,-1
3450,119,728,122,31,49,0.6748185753822327,-1,-1,-1,-1
3450,131,270,416,39,42,0.3098888099193573,-1,-1,-1,-1
3451,119,725,122,33,51,0.7422007322311401,-1,-1,-1,-1
3451,131,270,416,39,42,0.30954793095588684,-1,-1,-1,-1
3452,119,723,122,35,52,0.7423022985458374,-1,-1,-1,-1
3452,131,270,416,39,42,0.30711838603019714,-1,-1,-1,-1
3453,119,721,123,38,51,0.741646409034729,-1,-1,-1,-1
3453,131,270,416,39,42,0.30717310309410095,-1,-1,-1,-1
3453,134,1130,411,32,38,0.3084452748298645,-1,-1,-1,-1
3454,119,719,122,41,54,0.7459564208984375,-1,-1,-1,-1
3454,131,270,416,39,42,0.28350651264190674,-1,-1,-1,-1
3454,134,1129,411,33,38,0.3496983051300049,-1,-1,-1,-1
3455,119,718,123,42,54,0.743418276309967,-1,-1,-1,-1
3455,134,1129,411,33,38,0.36023110151290894,-1,-1,-1,-1
3456,119,717,124,44,55,0.7517322897911072,-1,-1,-1,-1
3457,119,717,124,44,56,0.7512222528457642,-1,-1,-1,-1
3458,119,716,124,45,57,0.7520586252212524,-1,-1,-1,-1
3459,119,715,125,46,58,0.7429180145263672,-1,-1,-1,-1
3460,119,714,126,46,59,0.7455514669418335,-1,-1,-1,-1
3461,119,713,129,48,59,0.7463762760162354,-1,-1,-1,-1
3462,119,713,130,48,59,0.746401846408844,-1,-1,-1,-1
3463,119,713,131,48,60,0.7441762685775757,-1,-1,-1,-1
3464,119,713,135,48,60,0.7507164478302002,-1,-1,-1,-1
3465,119,713,136,49,62,0.7504264116287231,-1,-1,-1,-1
3465,131,270,417,39,41,0.2921673357486725,-1,-1,-1,-1
3466,119,714,141,49,62,0.7512730360031128,-1,-1,-1,-1
3466,131,270,417,39,41,0.3151947557926178,-1,-1,-1,-1
3467,119,714,142,49,63,0.7515219449996948,-1,-1,-1,-1
3467,131,270,417,39,41,0.2917340099811554,-1,-1,-1,-1
3468,119,715,145,49,62,0.7118345499038696,-1,-1,-1,-1
3468,131,270,417,38,41,0.2917560935020447,-1,-1,-1,-1
3469,119,716,149,50,63,0.7381119132041931,-1,-1,-1,-1
3469,131,270,417,38,41,0.32600390911102295,-1,-1,-1,-1
3470,119,717,150,52,65,0.7533443570137024,-1,-1,-1,-1
3470,131,270,417,38,41,0.32514429092407227,-1,-1,-1,-1
3471,119,720,154,52,66,0.8000050187110901,-1,-1,-1,-1
3472,119,721,155,53,67,0.8000956773757935,-1,-1,-1,-1
3473,119,723,154,53,69,0.7831670641899109,-1,-1,-1,-1
3474,119,727,157,54,70,0.7470199465751648,-1,-1,-1,-1
3475,119,729,159,55,71,0.758563220500946,-1,-1,-1,-1
3476,119,732,162,55,72,0.7637854814529419,-1,-1,-1,-1
3477,119,732,164,56,71,0.7637418508529663,-1,-1,-1,-1
3478,119,733,165,57,72,0.7827301025390625,-1,-1,-1,-1
3479,119,733,168,58,74,0.7573574185371399,-1,-1,-1,-1
3480,119,732,172,59,75,0.775528073310852,-1,-1,-1,-1
3481,119,731,181,60,75,0.7593593597412109,-1,-1,-1,-1
3482,119,731,185,60,74,0.7598502039909363,-1,-1,-1,-1
3483,119,730,189,60,76,0.7785776257514954,-1,-1,-1,-1
3484,119,726,199,61,76,0.7565240263938904,-1,-1,-1,-1
3485,119,722,207,63,76,0.7837502956390381,-1,-1,-1,-1
3486,119,716,215,66,80,0.7748821973800659,-1,-1,-1,-1
3487,119,714,218,67,81,0.7748881578445435,-1,-1,-1,-1
3488,119,711,224,68,81,0.7744491100311279,-1,-1,-1,-1
3489,119,705,233,70,82,0.7607228755950928,-1,-1,-1,-1
3490,119,700,237,71,86,0.7951691150665283,-1,-1,-1,-1
3491,119,693,241,75,91,0.7835379838943481,-1,-1,-1,-1
3492,119,691,243,75,92,0.7840585708618164,-1,-1,-1,-1
3493,119,688,245,77,94,0.7820014953613281,-1,-1,-1,-1
3494,119,686,254,78,94,0.770346462726593,-1,-1,-1,-1
3495,119,685,260,80,97,0.7940227389335632,-1,-1,-1,-1
3496,119,684,274,83,100,0.7628961801528931,-1,-1,-1,-1
3497,119,684,280,83,100,0.7621185183525085,-1,-1,-1,-1
3498,119,683,290,86,99,0.7542997002601624,-1,-1,-1,-1
3499,119,683,310,88,99,0.7543237209320068,-1,-1,-1,-1
3500,119,683,325,90,102,0.7333430051803589,-1,-1,-1,-1
3501,119,683,350,95,103,0.7537906169891357,-1,-1,-1,-1
3502,119,684,360,96,103,0.7542344331741333,-1,-1,-1,-1
3503,119,686,372,95,105,0.7453267574310303,-1,-1,-1,-1
3504,119,688,392,98,110,0.7159097790718079,-1,-1,-1,-1
3505,119,690,409,101,110,0.7285565733909607,-1,-1,-1,-1
3506,119,694,432,105,113,0.7294074892997742,-1,-1,-1,-1
3507,119,695,440,107,115,0.7287392616271973,-1,-1,-1,-1
3508,119,696,453,110,115,0.7233526706695557,-1,-1,-1,-1
3509,119,698,476,115,120,0.7057980895042419,-1,-1,-1,-1
3510,119,698,498,118,118,0.7114207744598389,-1,-1,-1,-1
3511,119,697,533,123,115,0.6346611976623535,-1,-1,-1,-1
3512,119,697,546,125,114,0.6342252492904663,-1,-1,-1,-1
3513,119,696,566,128,112,0.689624011516571,-1,-1,-1,-1
3514,119,693,608,132,103,0.5323215126991272,-1,-1,-1,-1
3515,119,690,638,135,82,0.2952336072921753,-1,-1,-1,-1
