156,53,552,146,26,40,0,-1,-1,-1,-1
157,53,554,148,25,39,0,-1,-1,-1,-1
158,53,552,147,26,41,0,-1,-1,-1,-1
159,53,552,147,27,43,0,-1,-1,-1,-1
160,53,552,147,28,43,0,-1,-1,-1,-1
161,53,552,145,29,46,0,-1,-1,-1,-1
162,53,550,143,31,49,0,-1,-1,-1,-1
163,53,550,143,31,49,0,-1,-1,-1,-1
164,53,550,142,32,51,0,-1,-1,-1,-1
165,53,549,141,33,52,0,-1,-1,-1,-1
166,53,549,141,34,52,0,-1,-1,-1,-1
167,53,547,140,35,53,0,-1,-1,-1,-1
168,53,545,140,36,53,0,-1,-1,-1,-1
169,53,544,138,35,54,0,-1,-1,-1,-1
170,53,543,138,36,55,0,-1,-1,-1,-1
171,53,543,139,36,54,0,-1,-1,-1,-1
172,53,543,139,35,54,0,-1,-1,-1,-1
173,53,542,139,36,54,0,-1,-1,-1,-1
174,53,542,139,36,54,0,-1,-1,-1,-1
175,53,542,138,36,54,0,-1,-1,-1,-1
176,53,541,138,37,54,0,-1,-1,-1,-1
177,53,541,138,37,55,0,-1,-1,-1,-1
178,53,541,138,37,55,0,-1,-1,-1,-1
179,53,541,138,37,55,0,-1,-1,-1,-1
180,53,541,138,37,54,0,-1,-1,-1,-1
181,53,542,138,36,54,0,-1,-1,-1,-1
182,53,542,138,36,54,0,-1,-1,-1,-1
183,53,541,138,38,54,0,-1,-1,-1,-1
184,53,541,138,38,54,0,-1,-1,-1,-1
185,53,542,140,37,53,0,-1,-1,-1,-1
186,53,542,140,37,53,0,-1,-1,-1,-1
187,53,542,140,37,53,0,-1,-1,-1,-1
188,53,542,140,37,52,0,-1,-1,-1,-1
189,53,541,140,37,52,0,-1,-1,-1,-1
190,53,541,140,37,52,0,-1,-1,-1,-1
191,53,541,140,37,52,0,-1,-1,-1,-1
192,53,540,140,37,52,0,-1,-1,-1,-1
193,53,540,140,37,52,0,-1,-1,-1,-1
194,53,540,140,37,52,0,-1,-1,-1,-1
195,53,539,140,37,52,0,-1,-1,-1,-1
196,53,539,140,37,52,0,-1,-1,-1,-1
197,53,538,140,38,52,0,-1,-1,-1,-1
198,53,537,139,38,53,0,-1,-1,-1,-1
199,53,536,139,39,53,0,-1,-1,-1,-1
200,53,535,138,39,54,0,-1,-1,-1,-1
201,53,535,138,39,54,0,-1,-1,-1,-1
202,53,534,138,40,54,0,-1,-1,-1,-1
203,53,534,138,40,54,0,-1,-1,-1,-1
204,53,534,138,40,54,0,-1,-1,-1,-1
205,53,534,138,40,54,0,-1,-1,-1,-1
206,53,534,138,40,54,0,-1,-1,-1,-1
207,53,534,138,40,54,0,-1,-1,-1,-1
208,53,535,139,40,53,0,-1,-1,-1,-1
209,53,534,138,41,54,0,-1,-1,-1,-1
210,53,535,137,41,54,0,-1,-1,-1,-1
211,53,536,137,40,54,0,-1,-1,-1,-1
212,53,539,139,39,53,0,-1,-1,-1,-1
213,53,542,140,38,52,0,-1,-1,-1,-1
214,53,544,140,37,52,0,-1,-1,-1,-1
215,53,546,142,36,50,0,-1,-1,-1,-1
216,53,547,143,35,49,0,-1,-1,-1,-1
217,53,547,144,35,48,0,-1,-1,-1,-1
218,53,547,144,34,48,0,-1,-1,-1,-1
219,53,547,144,33,48,0,-1,-1,-1,-1
220,53,547,144,33,48,0,-1,-1,-1,-1
221,53,547,144,32,47,0,-1,-1,-1,-1
222,53,546,143,32,47,0,-1,-1,-1,-1
223,53,546,143,31,47,0,-1,-1,-1,-1
224,53,546,144,31,46,0,-1,-1,-1,-1
225,53,545,144,31,46,0,-1,-1,-1,-1
226,53,545,144,31,46,0,-1,-1,-1,-1
227,53,544,146,31,45,0,-1,-1,-1,-1
228,53,544,146,30,46,0,-1,-1,-1,-1
229,53,543,147,31,45,0,-1,-1,-1,-1
230,53,543,147,31,45,0,-1,-1,-1,-1
231,53,541,145,31,47,0,-1,-1,-1,-1
232,53,540,145,32,47,0,-1,-1,-1,-1
233,53,540,144,32,48,0,-1,-1,-1,-1
234,53,539,144,34,49,0,-1,-1,-1,-1
235,53,539,143,34,50,0,-1,-1,-1,-1
236,53,539,142,35,51,0,-1,-1,-1,-1
237,53,539,143,35,51,0,-1,-1,-1,-1
238,53,539,143,35,52,0,-1,-1,-1,-1
239,53,540,143,35,52,0,-1,-1,-1,-1
240,53,541,142,35,53,0,-1,-1,-1,-1
241,53,540,141,35,54,0,-1,-1,-1,-1
242,53,542,143,35,53,0,-1,-1,-1,-1
243,53,542,143,35,53,0,-1,-1,-1,-1
244,53,542,143,35,53,0,-1,-1,-1,-1
245,53,542,143,35,54,0,-1,-1,-1,-1
246,53,543,144,35,54,0,-1,-1,-1,-1
247,53,543,144,36,54,0,-1,-1,-1,-1
248,53,544,145,36,54,0,-1,-1,-1,-1
249,53,545,145,35,54,0,-1,-1,-1,-1
250,53,546,147,35,53,0,-1,-1,-1,-1
251,53,546,147,36,53,0,-1,-1,-1,-1
252,53,545,147,37,54,0,-1,-1,-1,-1
253,53,545,147,38,54,0,-1,-1,-1,-1
254,53,546,148,38,55,0,-1,-1,-1,-1
255,53,547,149,38,55,0,-1,-1,-1,-1
256,53,547,149,39,56,0,-1,-1,-1,-1
257,53,547,150,39,55,0,-1,-1,-1,-1
258,53,548,150,40,58,0,-1,-1,-1,-1
259,53,548,151,41,57,0,-1,-1,-1,-1
260,53,549,151,41,57,0,-1,-1,-1,-1
261,53,550,151,41,57,0,-1,-1,-1,-1
262,53,550,151,41,57,0,-1,-1,-1,-1
263,53,551,150,41,57,0,-1,-1,-1,-1
264,53,552,150,42,57,0,-1,-1,-1,-1
265,53,553,149,42,58,0,-1,-1,-1,-1
266,53,554,149,42,57,0,-1,-1,-1,-1
267,53,556,150,42,57,0,-1,-1,-1,-1
268,53,556,150,43,58,0,-1,-1,-1,-1
269,53,559,150,43,58,0,-1,-1,-1,-1
270,53,563,151,43,58,0,-1,-1,-1,-1
271,53,564,152,43,58,0,-1,-1,-1,-1
272,53,567,153,45,58,0,-1,-1,-1,-1
273,53,574,155,44,58,0,-1,-1,-1,-1
274,53,576,155,45,59,0,-1,-1,-1,-1
275,53,581,157,45,59,0,-1,-1,-1,-1
276,53,586,156,46,60,0,-1,-1,-1,-1
277,53,588,155,47,61,0,-1,-1,-1,-1
278,53,593,154,48,62,0,-1,-1,-1,-1
279,53,599,152,49,63,0,-1,-1,-1,-1
280,53,602,151,48,63,0,-1,-1,-1,-1
281,53,606,150,49,63,0,-1,-1,-1,-1
282,53,611,148,50,65,0,-1,-1,-1,-1
283,53,613,148,50,65,0,-1,-1,-1,-1
284,53,618,148,50,65,0,-1,-1,-1,-1
285,53,622,148,51,66,0,-1,-1,-1,-1
286,53,623,148,51,66,0,-1,-1,-1,-1
287,53,626,146,51,68,0,-1,-1,-1,-1
288,53,632,147,51,67,0,-1,-1,-1,-1
289,53,633,147,53,68,0,-1,-1,-1,-1
290,53,637,148,53,69,0,-1,-1,-1,-1
291,53,641,152,53,68,0,-1,-1,-1,-1
292,53,643,153,52,68,0,-1,-1,-1,-1
293,53,646,155,53,69,0,-1,-1,-1,-1
294,53,649,159,54,69,0,-1,-1,-1,-1
295,53,651,160,53,69,0,-1,-1,-1,-1
296,53,653,163,54,69,0,-1,-1,-1,-1
297,53,656,165,54,69,0,-1,-1,-1,-1
298,53,657,165,54,70,0,-1,-1,-1,-1
299,53,659,165,54,70,0,-1,-1,-1,-1
300,53,662,166,55,70,0,-1,-1,-1,-1
301,53,663,166,55,71,0,-1,-1,-1,-1
302,53,666,167,55,71,0,-1,-1,-1,-1
303,53,669,168,56,71,0,-1,-1,-1,-1
304,53,670,168,56,72,0,-1,-1,-1,-1
305,53,673,168,57,73,0,-1,-1,-1,-1
306,53,675,168,58,74,0,-1,-1,-1,-1
307,53,676,169,59,74,0,-1,-1,-1,-1
308,53,679,170,60,76,0,-1,-1,-1,-1
309,53,683,174,62,77,0,-1,-1,-1,-1
310,53,685,175,62,78,0,-1,-1,-1,-1
311,53,687,176,64,80,0,-1,-1,-1,-1
312,53,693,180,64,81,0,-1,-1,-1,-1
313,53,695,182,64,81,0,-1,-1,-1,-1
314,53,698,182,66,84,0,-1,-1,-1,-1
315,53,704,183,67,84,0,-1,-1,-1,-1
316,53,706,183,67,84,0,-1,-1,-1,-1
317,53,710,183,68,85,0,-1,-1,-1,-1
318,53,713,181,68,87,0,-1,-1,-1,-1
319,53,714,181,69,87,0,-1,-1,-1,-1
320,53,717,180,70,88,0,-1,-1,-1,-1
321,53,720,179,71,89,0,-1,-1,-1,-1
322,53,720,179,72,89,0,-1,-1,-1,-1
323,53,722,178,73,92,0,-1,-1,-1,-1
324,53,724,180,74,93,0,-1,-1,-1,-1
324,88,720,149,39,48,0,-1,-1,-1,-1
325,53,724,179,74,94,0,-1,-1,-1,-1
325,88,720,149,39,48,0,-1,-1,-1,-1
326,53,725,182,75,95,0,-1,-1,-1,-1
326,88,718,149,39,49,0,-1,-1,-1,-1
327,53,727,187,76,96,0,-1,-1,-1,-1
327,88,715,148,40,49,0,-1,-1,-1,-1
328,53,728,189,76,96,0,-1,-1,-1,-1
328,88,714,148,40,49,0,-1,-1,-1,-1
329,53,729,195,77,97,0,-1,-1,-1,-1
329,88,711,148,41,51,0,-1,-1,-1,-1
330,53,728,198,79,101,0,-1,-1,-1,-1
330,88,707,147,43,53,0,-1,-1,-1,-1
331,53,728,200,80,102,0,-1,-1,-1,-1
331,88,705,145,43,54,0,-1,-1,-1,-1
332,53,728,201,82,104,0,-1,-1,-1,-1
332,88,704,147,42,53,0,-1,-1,-1,-1
333,53,728,203,83,105,0,-1,-1,-1,-1
333,88,702,147,42,53,0,-1,-1,-1,-1
334,53,728,203,83,106,0,-1,-1,-1,-1
334,88,701,147,42,53,0,-1,-1,-1,-1
335,53,728,203,84,108,0,-1,-1,-1,-1
335,88,699,147,42,53,0,-1,-1,-1,-1
336,53,729,204,86,111,0,-1,-1,-1,-1
336,88,698,147,41,53,0,-1,-1,-1,-1
337,53,729,205,87,111,0,-1,-1,-1,-1
337,88,698,148,40,52,0,-1,-1,-1,-1
338,53,731,205,89,113,0,-1,-1,-1,-1
338,88,697,148,41,52,0,-1,-1,-1,-1
339,53,732,203,91,116,0,-1,-1,-1,-1
339,88,698,147,40,52,0,-1,-1,-1,-1
340,53,733,203,91,116,0,-1,-1,-1,-1
340,88,698,147,40,52,0,-1,-1,-1,-1
341,53,735,203,93,118,0,-1,-1,-1,-1
341,88,699,147,40,52,0,-1,-1,-1,-1
342,53,739,207,93,118,0,-1,-1,-1,-1
342,88,700,146,40,52,0,-1,-1,-1,-1
343,53,740,208,93,119,0,-1,-1,-1,-1
343,88,701,146,39,52,0,-1,-1,-1,-1
344,53,742,212,94,120,0,-1,-1,-1,-1
344,88,702,146,40,52,0,-1,-1,-1,-1
345,53,746,218,97,123,0,-1,-1,-1,-1
345,88,704,146,40,53,0,-1,-1,-1,-1
346,53,748,220,97,124,0,-1,-1,-1,-1
346,88,705,146,39,53,0,-1,-1,-1,-1
347,53,750,223,101,129,0,-1,-1,-1,-1
347,88,706,146,39,52,0,-1,-1,-1,-1
348,53,757,227,103,133,0,-1,-1,-1,-1
348,88,708,146,38,51,0,-1,-1,-1,-1
349,53,758,228,104,134,0,-1,-1,-1,-1
349,88,709,146,38,50,0,-1,-1,-1,-1
350,53,765,232,104,134,0,-1,-1,-1,-1
350,88,710,146,38,50,0,-1,-1,-1,-1
351,53,772,236,105,135,0,-1,-1,-1,-1
351,88,712,146,37,50,0,-1,-1,-1,-1
352,53,775,237,105,135,0,-1,-1,-1,-1
352,88,712,146,38,50,0,-1,-1,-1,-1
353,53,780,240,107,137,0,-1,-1,-1,-1
353,88,714,146,37,50,0,-1,-1,-1,-1
354,53,784,242,110,140,0,-1,-1,-1,-1
354,88,715,147,37,49,0,-1,-1,-1,-1
355,53,786,243,111,141,0,-1,-1,-1,-1
355,88,715,147,37,49,0,-1,-1,-1,-1
356,53,791,244,113,145,0,-1,-1,-1,-1
356,88,717,146,37,50,0,-1,-1,-1,-1
357,53,795,246,116,147,0,-1,-1,-1,-1
357,88,718,146,37,49,0,-1,-1,-1,-1
358,53,797,247,117,148,0,-1,-1,-1,-1
358,88,718,146,37,49,0,-1,-1,-1,-1
359,53,802,250,119,150,0,-1,-1,-1,-1
359,88,719,146,37,49,0,-1,-1,-1,-1
360,53,806,254,122,154,0,-1,-1,-1,-1
360,88,720,145,37,50,0,-1,-1,-1,-1
361,53,808,256,123,155,0,-1,-1,-1,-1
361,88,720,145,37,49,0,-1,-1,-1,-1
362,53,812,261,125,159,0,-1,-1,-1,-1
362,88,721,146,36,48,0,-1,-1,-1,-1
363,53,816,268,128,161,0,-1,-1,-1,-1
363,88,721,146,37,48,0,-1,-1,-1,-1
364,53,818,271,129,162,0,-1,-1,-1,-1
364,88,721,146,37,48,0,-1,-1,-1,-1
365,53,821,276,131,165,0,-1,-1,-1,-1
365,88,722,146,36,48,0,-1,-1,-1,-1
366,53,823,280,133,168,0,-1,-1,-1,-1
366,88,722,146,37,48,0,-1,-1,-1,-1
367,53,824,282,134,169,0,-1,-1,-1,-1
367,88,722,146,37,49,0,-1,-1,-1,-1
368,53,826,283,136,172,0,-1,-1,-1,-1
368,88,723,146,36,49,0,-1,-1,-1,-1
369,53,828,284,138,175,0,-1,-1,-1,-1
369,88,723,146,36,49,0,-1,-1,-1,-1
370,53,829,285,139,176,0,-1,-1,-1,-1
370,88,723,147,36,48,0,-1,-1,-1,-1
371,53,832,287,142,180,0,-1,-1,-1,-1
371,88,724,147,36,48,0,-1,-1,-1,-1
372,53,838,291,144,183,0,-1,-1,-1,-1
372,88,724,147,36,48,0,-1,-1,-1,-1
373,53,840,293,145,184,0,-1,-1,-1,-1
373,88,724,147,36,48,0,-1,-1,-1,-1
374,53,848,295,147,188,0,-1,-1,-1,-1
374,88,724,147,36,48,0,-1,-1,-1,-1
375,53,859,300,151,191,0,-1,-1,-1,-1
375,88,724,147,37,49,0,-1,-1,-1,-1
376,53,862,300,153,194,0,-1,-1,-1,-1
376,88,725,147,36,49,0,-1,-1,-1,-1
377,53,872,306,154,195,0,-1,-1,-1,-1
377,88,725,147,36,49,0,-1,-1,-1,-1
378,88,725,147,36,48,0,-1,-1,-1,-1
379,88,725,147,36,48,0,-1,-1,-1,-1
380,88,726,147,36,48,0,-1,-1,-1,-1
381,88,726,147,36,48,0,-1,-1,-1,-1
382,88,726,147,36,48,0,-1,-1,-1,-1
383,88,726,147,36,48,0,-1,-1,-1,-1
384,88,726,148,36,47,0,-1,-1,-1,-1
385,88,726,148,36,47,0,-1,-1,-1,-1
386,88,727,148,35,47,0,-1,-1,-1,-1
387,88,727,148,35,47,0,-1,-1,-1,-1
388,88,727,148,35,47,0,-1,-1,-1,-1
389,88,727,148,36,47,0,-1,-1,-1,-1
390,88,727,148,36,47,0,-1,-1,-1,-1
391,88,727,148,36,47,0,-1,-1,-1,-1
392,88,727,148,36,47,0,-1,-1,-1,-1
393,88,727,148,37,47,0,-1,-1,-1,-1
394,88,727,148,37,47,0,-1,-1,-1,-1
395,88,728,148,36,47,0,-1,-1,-1,-1
396,88,728,148,36,47,0,-1,-1,-1,-1
397,88,728,148,36,47,0,-1,-1,-1,-1
398,88,728,148,36,47,0,-1,-1,-1,-1
399,88,728,148,36,47,0,-1,-1,-1,-1
400,88,728,148,35,47,0,-1,-1,-1,-1
401,88,728,149,34,45,0,-1,-1,-1,-1
402,88,726,148,35,46,0,-1,-1,-1,-1
403,88,726,148,35,46,0,-1,-1,-1,-1
404,88,723,146,35,47,0,-1,-1,-1,-1
405,88,721,146,34,47,0,-1,-1,-1,-1
406,88,720,146,34,47,0,-1,-1,-1,-1
407,88,720,146,34,47,0,-1,-1,-1,-1
408,88,721,147,33,47,0,-1,-1,-1,-1
409,88,721,147,33,48,0,-1,-1,-1,-1
410,88,720,147,34,48,0,-1,-1,-1,-1
411,88,721,148,33,47,0,-1,-1,-1,-1
412,88,721,148,33,47,0,-1,-1,-1,-1
413,88,722,149,32,47,0,-1,-1,-1,-1
414,88,723,153,30,44,0,-1,-1,-1,-1
415,88,723,154,29,43,0,-1,-1,-1,-1
416,88,723,155,29,43,0,-1,-1,-1,-1
417,88,724,156,29,43,0,-1,-1,-1,-1
418,88,724,157,29,42,0,-1,-1,-1,-1
419,88,724,157,29,42,0,-1,-1,-1,-1
420,88,724,156,29,44,0,-1,-1,-1,-1
421,88,724,156,29,44,0,-1,-1,-1,-1
422,88,723,155,31,45,0,-1,-1,-1,-1
423,88,724,155,30,45,0,-1,-1,-1,-1
424,88,724,155,30,45,0,-1,-1,-1,-1
425,88,724,155,30,44,0,-1,-1,-1,-1
426,88,723,155,31,45,0,-1,-1,-1,-1
427,88,723,155,31,45,0,-1,-1,-1,-1
428,88,723,155,30,45,0,-1,-1,-1,-1
429,88,723,156,30,44,0,-1,-1,-1,-1
430,88,723,156,30,44,0,-1,-1,-1,-1
431,88,723,156,30,44,0,-1,-1,-1,-1
432,88,724,157,29,43,0,-1,-1,-1,-1
433,88,724,157,29,43,0,-1,-1,-1,-1
434,88,724,157,29,43,0,-1,-1,-1,-1
435,88,724,158,28,42,0,-1,-1,-1,-1
436,88,724,158,28,42,0,-1,-1,-1,-1
437,88,724,159,28,41,0,-1,-1,-1,-1
438,88,724,160,28,40,0,-1,-1,-1,-1
439,88,724,160,28,41,0,-1,-1,-1,-1
440,88,724,160,28,41,0,-1,-1,-1,-1
441,88,724,159,28,42,0,-1,-1,-1,-1
442,88,724,159,28,41,0,-1,-1,-1,-1
443,88,724,158,29,42,0,-1,-1,-1,-1
444,88,723,158,29,42,0,-1,-1,-1,-1
445,88,722,158,30,42,0,-1,-1,-1,-1
446,88,720,157,30,44,0,-1,-1,-1,-1
447,88,717,154,32,46,0,-1,-1,-1,-1
448,88,715,152,32,47,0,-1,-1,-1,-1
449,88,713,151,32,48,0,-1,-1,-1,-1
450,88,712,151,32,48,0,-1,-1,-1,-1
451,88,711,150,33,49,0,-1,-1,-1,-1
452,88,710,150,34,50,0,-1,-1,-1,-1
453,88,709,151,34,49,0,-1,-1,-1,-1
454,88,709,151,33,49,0,-1,-1,-1,-1
455,88,708,152,34,48,0,-1,-1,-1,-1
456,88,706,153,34,48,0,-1,-1,-1,-1
457,88,706,153,34,49,0,-1,-1,-1,-1
458,88,704,154,34,49,0,-1,-1,-1,-1
459,88,702,155,34,49,0,-1,-1,-1,-1
460,88,701,156,35,48,0,-1,-1,-1,-1
461,88,699,156,36,49,0,-1,-1,-1,-1
462,88,698,157,35,49,0,-1,-1,-1,-1
463,88,697,158,36,48,0,-1,-1,-1,-1
464,88,695,159,36,49,0,-1,-1,-1,-1
465,88,694,160,36,49,0,-1,-1,-1,-1
466,88,693,160,37,49,0,-1,-1,-1,-1
467,88,692,161,37,49,0,-1,-1,-1,-1
468,88,691,163,38,49,0,-1,-1,-1,-1
469,88,691,163,37,50,0,-1,-1,-1,-1
470,88,690,165,39,50,0,-1,-1,-1,-1
471,88,691,167,38,50,0,-1,-1,-1,-1
472,88,691,168,39,50,0,-1,-1,-1,-1
473,88,691,170,39,50,0,-1,-1,-1,-1
474,88,693,172,39,51,0,-1,-1,-1,-1
475,88,693,173,40,51,0,-1,-1,-1,-1
476,88,695,174,40,50,0,-1,-1,-1,-1
477,88,698,173,41,52,0,-1,-1,-1,-1
478,88,699,173,41,52,0,-1,-1,-1,-1
479,88,702,172,41,53,0,-1,-1,-1,-1
480,88,706,173,41,52,0,-1,-1,-1,-1
481,88,707,173,41,52,0,-1,-1,-1,-1
482,88,709,173,42,52,0,-1,-1,-1,-1
483,88,712,174,42,52,0,-1,-1,-1,-1
484,88,713,174,42,52,0,-1,-1,-1,-1
485,88,714,175,42,52,0,-1,-1,-1,-1
486,88,715,175,43,53,0,-1,-1,-1,-1
487,88,715,174,43,54,0,-1,-1,-1,-1
488,88,715,174,43,55,0,-1,-1,-1,-1
489,88,715,176,43,55,0,-1,-1,-1,-1
490,88,715,176,43,56,0,-1,-1,-1,-1
491,88,714,178,44,56,0,-1,-1,-1,-1
492,88,712,180,46,58,0,-1,-1,-1,-1
493,88,712,181,46,58,0,-1,-1,-1,-1
494,88,709,182,47,60,0,-1,-1,-1,-1
495,88,706,184,48,61,0,-1,-1,-1,-1
496,88,705,185,48,61,0,-1,-1,-1,-1
497,88,702,187,49,61,0,-1,-1,-1,-1
498,88,699,187,49,62,0,-1,-1,-1,-1
499,88,698,187,49,63,0,-1,-1,-1,-1
500,88,696,187,49,62,0,-1,-1,-1,-1
501,88,694,186,50,63,0,-1,-1,-1,-1
502,88,694,186,49,62,0,-1,-1,-1,-1
503,88,693,185,51,64,0,-1,-1,-1,-1
504,88,694,185,51,64,0,-1,-1,-1,-1
505,88,694,185,52,65,0,-1,-1,-1,-1
506,88,696,186,51,65,0,-1,-1,-1,-1
507,88,697,188,53,66,0,-1,-1,-1,-1
508,88,698,189,53,66,0,-1,-1,-1,-1
509,88,699,190,53,68,0,-1,-1,-1,-1
510,88,700,194,56,70,0,-1,-1,-1,-1
511,88,701,195,56,71,0,-1,-1,-1,-1
512,88,704,199,57,73,0,-1,-1,-1,-1
513,88,707,203,58,74,0,-1,-1,-1,-1
514,88,709,205,58,74,0,-1,-1,-1,-1
514,115,694,188,36,47,0,-1,-1,-1,-1
514,116,792,149,28,43,0,-1,-1,-1,-1
515,88,715,210,58,73,0,-1,-1,-1,-1
515,115,691,189,35,47,0,-1,-1,-1,-1
515,116,792,151,26,41,0,-1,-1,-1,-1
516,88,722,212,58,72,0,-1,-1,-1,-1
516,115,688,191,39,52,0,-1,-1,-1,-1
516,116,791,152,26,41,0,-1,-1,-1,-1
517,88,725,212,57,72,0,-1,-1,-1,-1
517,115,686,190,40,54,0,-1,-1,-1,-1
517,116,791,153,26,40,0,-1,-1,-1,-1
518,88,729,211,59,73,0,-1,-1,-1,-1
518,115,686,191,41,56,0,-1,-1,-1,-1
518,116,789,152,27,41,0,-1,-1,-1,-1
519,88,733,209,60,74,0,-1,-1,-1,-1
519,115,686,193,42,57,0,-1,-1,-1,-1
519,116,787,151,29,44,0,-1,-1,-1,-1
520,88,735,208,61,76,0,-1,-1,-1,-1
520,115,686,193,42,57,0,-1,-1,-1,-1
520,116,787,151,29,44,0,-1,-1,-1,-1
521,88,738,208,62,77,0,-1,-1,-1,-1
521,115,686,195,43,58,0,-1,-1,-1,-1
521,116,786,151,30,44,0,-1,-1,-1,-1
522,88,740,208,64,78,0,-1,-1,-1,-1
522,115,687,196,42,59,0,-1,-1,-1,-1
522,116,784,151,30,44,0,-1,-1,-1,-1
523,88,741,208,64,79,0,-1,-1,-1,-1
523,115,687,196,42,59,0,-1,-1,-1,-1
523,116,783,151,31,44,0,-1,-1,-1,-1
524,88,741,208,65,80,0,-1,-1,-1,-1
524,115,686,195,43,60,0,-1,-1,-1,-1
524,116,782,151,30,44,0,-1,-1,-1,-1
525,88,742,210,66,82,0,-1,-1,-1,-1
525,115,685,195,44,61,0,-1,-1,-1,-1
525,116,780,150,30,44,0,-1,-1,-1,-1
526,88,742,210,67,84,0,-1,-1,-1,-1
526,115,685,195,43,61,0,-1,-1,-1,-1
526,116,779,150,30,44,0,-1,-1,-1,-1
527,88,743,214,67,84,0,-1,-1,-1,-1
527,115,684,195,43,61,0,-1,-1,-1,-1
527,116,778,151,30,43,0,-1,-1,-1,-1
528,88,742,219,69,87,0,-1,-1,-1,-1
528,115,682,195,43,61,0,-1,-1,-1,-1
528,116,777,151,30,43,0,-1,-1,-1,-1
529,88,742,222,70,87,0,-1,-1,-1,-1
529,115,681,195,43,61,0,-1,-1,-1,-1
529,116,777,151,30,44,0,-1,-1,-1,-1
530,88,742,228,71,89,0,-1,-1,-1,-1
530,115,679,195,43,61,0,-1,-1,-1,-1
530,116,776,151,31,44,0,-1,-1,-1,-1
531,88,742,235,71,91,0,-1,-1,-1,-1
531,115,676,196,44,61,0,-1,-1,-1,-1
531,116,776,151,31,45,0,-1,-1,-1,-1
532,88,741,238,72,91,0,-1,-1,-1,-1
532,115,675,196,44,62,0,-1,-1,-1,-1
532,116,775,151,32,45,0,-1,-1,-1,-1
533,88,740,244,73,93,0,-1,-1,-1,-1
533,115,673,198,44,62,0,-1,-1,-1,-1
533,116,775,151,32,45,0,-1,-1,-1,-1
534,88,736,249,75,95,0,-1,-1,-1,-1
534,115,671,201,44,63,0,-1,-1,-1,-1
534,116,775,152,32,45,0,-1,-1,-1,-1
535,88,735,251,76,96,0,-1,-1,-1,-1
535,115,670,203,44,62,0,-1,-1,-1,-1
535,116,775,152,32,45,0,-1,-1,-1,-1
536,88,733,252,77,97,0,-1,-1,-1,-1
536,115,667,206,44,63,0,-1,-1,-1,-1
536,116,775,152,32,46,0,-1,-1,-1,-1
537,88,732,252,77,99,0,-1,-1,-1,-1
537,115,662,209,46,65,0,-1,-1,-1,-1
537,116,775,153,33,45,0,-1,-1,-1,-1
538,88,730,250,78,100,0,-1,-1,-1,-1
538,115,661,211,45,64,0,-1,-1,-1,-1
538,116,776,153,32,46,0,-1,-1,-1,-1
539,88,729,250,80,103,0,-1,-1,-1,-1
539,115,657,213,45,65,0,-1,-1,-1,-1
539,116,775,152,32,47,0,-1,-1,-1,-1
540,88,729,251,82,106,0,-1,-1,-1,-1
540,115,650,214,47,67,0,-1,-1,-1,-1
540,116,775,153,32,47,0,-1,-1,-1,-1
541,88,728,250,82,107,0,-1,-1,-1,-1
541,115,648,215,47,67,0,-1,-1,-1,-1
541,116,775,153,32,47,0,-1,-1,-1,-1
542,88,729,253,83,107,0,-1,-1,-1,-1
542,115,644,216,48,68,0,-1,-1,-1,-1
542,116,775,153,32,47,0,-1,-1,-1,-1
543,88,731,257,84,110,0,-1,-1,-1,-1
543,115,640,216,48,69,0,-1,-1,-1,-1
543,116,776,154,32,47,0,-1,-1,-1,-1
544,88,731,259,86,110,0,-1,-1,-1,-1
544,115,639,217,48,68,0,-1,-1,-1,-1
544,116,776,155,32,47,0,-1,-1,-1,-1
545,88,734,262,87,113,0,-1,-1,-1,-1
545,115,637,216,49,70,0,-1,-1,-1,-1
545,116,776,155,32,47,0,-1,-1,-1,-1
546,88,737,269,88,113,0,-1,-1,-1,-1
546,115,636,216,49,71,0,-1,-1,-1,-1
546,116,776,156,31,47,0,-1,-1,-1,-1
547,88,737,270,89,114,0,-1,-1,-1,-1
547,115,635,216,50,71,0,-1,-1,-1,-1
547,116,776,157,31,47,0,-1,-1,-1,-1
548,88,741,276,91,117,0,-1,-1,-1,-1
548,115,636,217,50,72,0,-1,-1,-1,-1
548,116,777,159,30,46,0,-1,-1,-1,-1
549,88,747,285,92,120,0,-1,-1,-1,-1
549,115,636,218,51,73,0,-1,-1,-1,-1
549,116,776,161,30,46,0,-1,-1,-1,-1
550,88,749,289,93,121,0,-1,-1,-1,-1
550,115,637,219,51,73,0,-1,-1,-1,-1
550,116,776,162,30,45,0,-1,-1,-1,-1
551,88,756,297,95,124,0,-1,-1,-1,-1
551,115,637,220,52,75,0,-1,-1,-1,-1
551,116,774,163,31,45,0,-1,-1,-1,-1
552,88,768,308,97,126,0,-1,-1,-1,-1
552,115,638,223,53,76,0,-1,-1,-1,-1
552,116,772,163,31,46,0,-1,-1,-1,-1
553,88,772,311,98,127,0,-1,-1,-1,-1
553,115,639,224,53,77,0,-1,-1,-1,-1
553,116,769,162,32,47,0,-1,-1,-1,-1
554,88,784,318,100,130,0,-1,-1,-1,-1
554,115,641,227,54,79,0,-1,-1,-1,-1
554,116,767,162,32,48,0,-1,-1,-1,-1
555,88,801,325,102,131,0,-1,-1,-1,-1
555,115,644,231,55,80,0,-1,-1,-1,-1
555,116,762,163,34,48,0,-1,-1,-1,-1
556,88,808,327,102,131,0,-1,-1,-1,-1
556,115,645,232,55,81,0,-1,-1,-1,-1
556,116,761,163,34,49,0,-1,-1,-1,-1
557,88,822,328,104,134,0,-1,-1,-1,-1
557,115,650,235,56,81,0,-1,-1,-1,-1
557,116,757,165,34,49,0,-1,-1,-1,-1
558,88,842,332,106,136,0,-1,-1,-1,-1
558,115,657,237,55,81,0,-1,-1,-1,-1
558,116,751,167,35,49,0,-1,-1,-1,-1
559,88,849,333,107,138,0,-1,-1,-1,-1
559,115,659,238,56,81,0,-1,-1,-1,-1
559,116,749,167,35,49,0,-1,-1,-1,-1
560,88,864,336,111,142,0,-1,-1,-1,-1
560,115,663,237,57,84,0,-1,-1,-1,-1
560,116,743,167,37,51,0,-1,-1,-1,-1
561,88,887,345,115,147,0,-1,-1,-1,-1
561,115,667,237,57,84,0,-1,-1,-1,-1
561,116,737,167,38,52,0,-1,-1,-1,-1
562,88,895,348,117,150,0,-1,-1,-1,-1
562,115,669,237,56,83,0,-1,-1,-1,-1
562,116,734,168,39,52,0,-1,-1,-1,-1
563,115,670,237,57,84,0,-1,-1,-1,-1
563,116,729,168,39,53,0,-1,-1,-1,-1
564,115,669,236,59,87,0,-1,-1,-1,-1
564,116,724,168,39,53,0,-1,-1,-1,-1
565,115,669,236,60,88,0,-1,-1,-1,-1
565,116,722,169,39,52,0,-1,-1,-1,-1
566,115,669,239,61,89,0,-1,-1,-1,-1
566,116,718,169,39,52,0,-1,-1,-1,-1
567,115,670,244,61,91,0,-1,-1,-1,-1
567,116,713,169,40,53,0,-1,-1,-1,-1
568,115,670,246,62,92,0,-1,-1,-1,-1
568,116,712,169,40,53,0,-1,-1,-1,-1
569,115,669,249,63,95,0,-1,-1,-1,-1
569,116,708,168,41,54,0,-1,-1,-1,-1
570,115,669,257,64,95,0,-1,-1,-1,-1
570,116,707,171,40,53,0,-1,-1,-1,-1
571,115,669,260,64,96,0,-1,-1,-1,-1
571,116,705,170,40,54,0,-1,-1,-1,-1
572,115,669,266,64,97,0,-1,-1,-1,-1
572,116,703,171,40,54,0,-1,-1,-1,-1
573,115,668,272,65,98,0,-1,-1,-1,-1
573,116,701,174,41,54,0,-1,-1,-1,-1
574,115,667,274,66,99,0,-1,-1,-1,-1
574,116,701,174,41,56,0,-1,-1,-1,-1
575,115,665,274,68,102,0,-1,-1,-1,-1
575,116,700,176,42,57,0,-1,-1,-1,-1
576,115,667,276,69,106,0,-1,-1,-1,-1
576,116,700,180,42,56,0,-1,-1,-1,-1
577,115,668,277,70,106,0,-1,-1,-1,-1
577,116,700,181,42,57,0,-1,-1,-1,-1
578,115,670,278,71,108,0,-1,-1,-1,-1
578,116,701,184,42,56,0,-1,-1,-1,-1
579,115,677,281,72,110,0,-1,-1,-1,-1
579,116,702,186,42,56,0,-1,-1,-1,-1
580,115,680,283,72,110,0,-1,-1,-1,-1
580,116,702,187,43,56,0,-1,-1,-1,-1
581,115,688,289,71,110,0,-1,-1,-1,-1
581,116,703,187,43,57,0,-1,-1,-1,-1
582,115,697,297,73,112,0,-1,-1,-1,-1
582,116,704,187,44,57,0,-1,-1,-1,-1
583,115,701,300,73,113,0,-1,-1,-1,-1
583,116,705,187,44,57,0,-1,-1,-1,-1
584,115,708,308,74,114,0,-1,-1,-1,-1
584,116,705,186,45,59,0,-1,-1,-1,-1
585,115,725,326,70,108,0,-1,-1,-1,-1
585,116,706,187,45,58,0,-1,-1,-1,-1
586,115,730,332,69,107,0,-1,-1,-1,-1
586,116,706,187,45,58,0,-1,-1,-1,-1
587,115,741,344,71,107,0,-1,-1,-1,-1
587,116,706,188,45,58,0,-1,-1,-1,-1
588,115,761,354,73,111,0,-1,-1,-1,-1
588,116,706,188,46,59,0,-1,-1,-1,-1
589,115,768,357,74,113,0,-1,-1,-1,-1
589,116,705,187,47,60,0,-1,-1,-1,-1
590,115,783,363,76,114,0,-1,-1,-1,-1
590,116,707,190,47,59,0,-1,-1,-1,-1
591,115,804,371,78,117,0,-1,-1,-1,-1
591,116,708,193,47,59,0,-1,-1,-1,-1
592,115,812,374,79,117,0,-1,-1,-1,-1
592,116,708,193,47,60,0,-1,-1,-1,-1
593,115,831,381,80,119,0,-1,-1,-1,-1
593,116,709,195,48,61,0,-1,-1,-1,-1
594,115,853,392,81,119,0,-1,-1,-1,-1
594,116,709,198,49,63,0,-1,-1,-1,-1
595,115,861,395,81,119,0,-1,-1,-1,-1
595,116,710,199,49,63,0,-1,-1,-1,-1
596,115,875,402,84,121,0,-1,-1,-1,-1
596,116,710,200,50,65,0,-1,-1,-1,-1
597,115,883,400,94,134,0,-1,-1,-1,-1
597,116,711,201,51,66,0,-1,-1,-1,-1
597,132,783,133,26,49,0,-1,-1,-1,-1
598,115,886,400,98,139,0,-1,-1,-1,-1
598,116,711,202,51,66,0,-1,-1,-1,-1
598,132,783,132,26,50,0,-1,-1,-1,-1
599,115,897,409,101,141,0,-1,-1,-1,-1
599,116,711,200,52,68,0,-1,-1,-1,-1
599,132,779,132,27,51,0,-1,-1,-1,-1
600,115,916,425,103,143,0,-1,-1,-1,-1
600,116,712,200,52,69,0,-1,-1,-1,-1
600,132,776,131,27,52,0,-1,-1,-1,-1
601,115,922,430,105,145,0,-1,-1,-1,-1
601,116,712,201,53,68,0,-1,-1,-1,-1
601,132,776,131,27,51,0,-1,-1,-1,-1
602,116,714,201,53,70,0,-1,-1,-1,-1
602,132,774,132,27,50,0,-1,-1,-1,-1
603,116,715,202,54,70,0,-1,-1,-1,-1
603,132,773,132,27,50,0,-1,-1,-1,-1
604,116,716,202,54,71,0,-1,-1,-1,-1
604,132,772,132,27,50,0,-1,-1,-1,-1
605,116,719,204,53,70,0,-1,-1,-1,-1
605,132,770,132,29,50,0,-1,-1,-1,-1
606,116,721,205,55,72,0,-1,-1,-1,-1
606,132,768,132,29,50,0,-1,-1,-1,-1
607,116,722,206,55,72,0,-1,-1,-1,-1
607,132,767,131,30,52,0,-1,-1,-1,-1
608,116,724,208,56,73,0,-1,-1,-1,-1
608,132,765,132,30,50,0,-1,-1,-1,-1
609,116,726,211,56,74,0,-1,-1,-1,-1
609,132,763,132,30,50,0,-1,-1,-1,-1
610,116,727,213,57,74,0,-1,-1,-1,-1
610,132,762,132,30,50,0,-1,-1,-1,-1
611,116,730,218,56,74,0,-1,-1,-1,-1
611,132,761,133,31,49,0,-1,-1,-1,-1
612,116,735,224,56,74,0,-1,-1,-1,-1
612,132,760,135,30,48,0,-1,-1,-1,-1
613,116,736,227,56,74,0,-1,-1,-1,-1
613,132,759,135,31,48,0,-1,-1,-1,-1
614,116,740,232,56,74,0,-1,-1,-1,-1
614,132,758,136,31,48,0,-1,-1,-1,-1
615,116,746,236,57,75,0,-1,-1,-1,-1
615,132,758,137,31,48,0,-1,-1,-1,-1
616,116,748,237,57,75,0,-1,-1,-1,-1
616,132,757,137,32,48,0,-1,-1,-1,-1
617,116,752,238,58,76,0,-1,-1,-1,-1
617,132,757,137,32,48,0,-1,-1,-1,-1
618,116,758,238,60,79,0,-1,-1,-1,-1
618,132,757,137,32,48,0,-1,-1,-1,-1
619,116,761,239,60,79,0,-1,-1,-1,-1
619,132,756,137,33,48,0,-1,-1,-1,-1
620,116,765,239,61,80,0,-1,-1,-1,-1
620,132,756,137,33,48,0,-1,-1,-1,-1
621,116,770,239,64,83,0,-1,-1,-1,-1
621,132,755,137,34,48,0,-1,-1,-1,-1
622,116,772,239,64,84,0,-1,-1,-1,-1
622,132,755,136,34,50,0,-1,-1,-1,-1
623,116,776,240,66,86,0,-1,-1,-1,-1
623,132,754,136,35,50,0,-1,-1,-1,-1
624,116,779,242,68,88,0,-1,-1,-1,-1
624,132,754,135,35,51,0,-1,-1,-1,-1
625,116,781,243,69,89,0,-1,-1,-1,-1
625,132,754,135,35,51,0,-1,-1,-1,-1
626,116,785,248,69,90,0,-1,-1,-1,-1
626,132,753,135,36,51,0,-1,-1,-1,-1
627,116,789,254,70,92,0,-1,-1,-1,-1
627,132,753,135,36,51,0,-1,-1,-1,-1
628,116,790,256,71,93,0,-1,-1,-1,-1
628,132,752,135,37,51,0,-1,-1,-1,-1
629,116,792,262,72,94,0,-1,-1,-1,-1
629,132,752,136,36,51,0,-1,-1,-1,-1
630,116,794,272,73,95,0,-1,-1,-1,-1
630,132,751,136,37,52,0,-1,-1,-1,-1
631,116,795,276,73,95,0,-1,-1,-1,-1
631,132,750,136,38,53,0,-1,-1,-1,-1
632,116,797,283,73,97,0,-1,-1,-1,-1
632,132,750,137,37,53,0,-1,-1,-1,-1
633,116,798,289,75,99,0,-1,-1,-1,-1
633,132,748,138,38,53,0,-1,-1,-1,-1
634,116,797,290,76,100,0,-1,-1,-1,-1
634,132,748,138,38,53,0,-1,-1,-1,-1
635,116,798,291,78,103,0,-1,-1,-1,-1
635,132,747,139,38,53,0,-1,-1,-1,-1
636,116,802,294,79,105,0,-1,-1,-1,-1
636,132,746,139,38,53,0,-1,-1,-1,-1
637,116,803,295,80,106,0,-1,-1,-1,-1
637,132,745,138,38,54,0,-1,-1,-1,-1
638,116,806,297,81,107,0,-1,-1,-1,-1
638,132,743,138,38,54,0,-1,-1,-1,-1
639,116,811,300,82,110,0,-1,-1,-1,-1
639,132,741,139,38,54,0,-1,-1,-1,-1
640,116,813,301,83,111,0,-1,-1,-1,-1
640,132,741,139,38,54,0,-1,-1,-1,-1
641,116,818,306,84,113,0,-1,-1,-1,-1
641,132,738,140,38,54,0,-1,-1,-1,-1
642,116,823,314,86,116,0,-1,-1,-1,-1
642,132,736,141,38,54,0,-1,-1,-1,-1
643,116,826,318,86,116,0,-1,-1,-1,-1
643,132,735,141,38,54,0,-1,-1,-1,-1
644,116,832,325,88,120,0,-1,-1,-1,-1
644,132,732,144,39,53,0,-1,-1,-1,-1
645,116,839,337,92,125,0,-1,-1,-1,-1
645,132,726,144,39,54,0,-1,-1,-1,-1
646,116,840,341,94,127,0,-1,-1,-1,-1
646,132,725,144,39,55,0,-1,-1,-1,-1
647,116,849,351,97,132,0,-1,-1,-1,-1
647,132,720,146,39,54,0,-1,-1,-1,-1
648,116,862,363,100,136,0,-1,-1,-1,-1
648,132,713,146,40,55,0,-1,-1,-1,-1
649,116,868,368,101,138,0,-1,-1,-1,-1
649,132,711,146,40,56,0,-1,-1,-1,-1
650,116,882,377,101,138,0,-1,-1,-1,-1
650,132,705,146,41,56,0,-1,-1,-1,-1
651,116,900,384,105,142,0,-1,-1,-1,-1
651,132,697,144,42,58,0,-1,-1,-1,-1
652,116,907,386,107,144,0,-1,-1,-1,-1
652,132,694,144,43,58,0,-1,-1,-1,-1
653,116,922,392,109,146,0,-1,-1,-1,-1
653,132,689,143,43,58,0,-1,-1,-1,-1
654,132,683,142,43,59,0,-1,-1,-1,-1
655,132,680,142,44,58,0,-1,-1,-1,-1
656,132,676,140,45,60,0,-1,-1,-1,-1
657,132,671,141,46,60,0,-1,-1,-1,-1
658,132,669,141,46,60,0,-1,-1,-1,-1
659,132,666,143,46,59,0,-1,-1,-1,-1
660,132,661,145,46,59,0,-1,-1,-1,-1
661,132,660,145,45,59,0,-1,-1,-1,-1
662,132,657,147,46,59,0,-1,-1,-1,-1
663,132,654,148,46,60,0,-1,-1,-1,-1
664,132,654,149,46,60,0,-1,-1,-1,-1
665,132,653,151,47,61,0,-1,-1,-1,-1
666,132,653,154,47,62,0,-1,-1,-1,-1
667,132,653,155,48,62,0,-1,-1,-1,-1
668,132,654,157,48,63,0,-1,-1,-1,-1
669,132,656,158,48,64,0,-1,-1,-1,-1
670,132,656,158,49,65,0,-1,-1,-1,-1
671,132,658,158,49,65,0,-1,-1,-1,-1
672,132,660,157,49,66,0,-1,-1,-1,-1
673,132,660,157,49,66,0,-1,-1,-1,-1
674,132,660,155,49,67,0,-1,-1,-1,-1
675,132,661,156,50,66,0,-1,-1,-1,-1
676,132,660,154,50,67,0,-1,-1,-1,-1
677,132,660,155,50,67,0,-1,-1,-1,-1
678,132,661,156,50,68,0,-1,-1,-1,-1
679,132,661,157,50,67,0,-1,-1,-1,-1
680,132,660,158,52,70,0,-1,-1,-1,-1
681,132,660,162,52,71,0,-1,-1,-1,-1
682,132,659,164,53,71,0,-1,-1,-1,-1
683,132,658,167,54,72,0,-1,-1,-1,-1
684,132,655,171,55,73,0,-1,-1,-1,-1
685,132,653,171,55,74,0,-1,-1,-1,-1
686,132,650,173,55,74,0,-1,-1,-1,-1
687,132,644,174,57,75,0,-1,-1,-1,-1
688,132,642,174,57,76,0,-1,-1,-1,-1
689,132,638,174,58,77,0,-1,-1,-1,-1
690,132,634,172,60,80,0,-1,-1,-1,-1
691,132,633,172,60,80,0,-1,-1,-1,-1
692,132,632,171,62,81,0,-1,-1,-1,-1
693,132,633,170,61,83,0,-1,-1,-1,-1
694,132,633,170,62,83,0,-1,-1,-1,-1
695,132,634,171,62,83,0,-1,-1,-1,-1
696,132,633,174,64,84,0,-1,-1,-1,-1
697,132,633,175,64,85,0,-1,-1,-1,-1
698,132,633,177,65,87,0,-1,-1,-1,-1
699,132,634,182,67,89,0,-1,-1,-1,-1
700,132,635,183,68,91,0,-1,-1,-1,-1
701,132,639,188,67,90,0,-1,-1,-1,-1
702,132,643,191,69,93,0,-1,-1,-1,-1
703,132,644,191,70,94,0,-1,-1,-1,-1
704,132,647,193,71,95,0,-1,-1,-1,-1
705,132,651,193,72,96,0,-1,-1,-1,-1
706,132,653,193,72,97,0,-1,-1,-1,-1
707,132,656,193,73,98,0,-1,-1,-1,-1
708,132,657,193,75,101,0,-1,-1,-1,-1
709,132,658,193,76,102,0,-1,-1,-1,-1
710,132,659,193,78,105,0,-1,-1,-1,-1
711,132,659,194,80,108,0,-1,-1,-1,-1
712,132,660,194,80,110,0,-1,-1,-1,-1
713,132,661,197,82,113,0,-1,-1,-1,-1
714,132,662,203,84,114,0,-1,-1,-1,-1
714,149,602,162,30,45,0,-1,-1,-1,-1
715,132,662,205,85,115,0,-1,-1,-1,-1
715,149,601,161,30,46,0,-1,-1,-1,-1
716,132,663,211,86,118,0,-1,-1,-1,-1
716,149,598,161,30,46,0,-1,-1,-1,-1
717,132,662,218,88,121,0,-1,-1,-1,-1
717,149,595,162,30,45,0,-1,-1,-1,-1
718,132,662,221,89,122,0,-1,-1,-1,-1
718,149,594,162,30,45,0,-1,-1,-1,-1
719,132,661,226,90,124,0,-1,-1,-1,-1
719,149,591,162,30,46,0,-1,-1,-1,-1
720,132,658,231,92,126,0,-1,-1,-1,-1
720,149,587,160,31,47,0,-1,-1,-1,-1
721,132,658,233,91,126,0,-1,-1,-1,-1
721,149,587,160,31,47,0,-1,-1,-1,-1
722,132,654,235,94,129,0,-1,-1,-1,-1
722,149,584,160,32,47,0,-1,-1,-1,-1
723,132,654,238,96,133,0,-1,-1,-1,-1
723,149,582,160,31,47,0,-1,-1,-1,-1
724,132,654,240,97,133,0,-1,-1,-1,-1
724,149,582,162,31,46,0,-1,-1,-1,-1
725,132,656,241,100,138,0,-1,-1,-1,-1
725,149,580,163,30,46,0,-1,-1,-1,-1
726,132,664,244,101,138,0,-1,-1,-1,-1
726,149,578,163,30,46,0,-1,-1,-1,-1
727,132,667,245,101,138,0,-1,-1,-1,-1
727,149,577,163,30,46,0,-1,-1,-1,-1
728,132,673,248,104,143,0,-1,-1,-1,-1
728,149,576,163,30,46,0,-1,-1,-1,-1
729,132,684,254,109,148,0,-1,-1,-1,-1
729,149,574,163,30,46,0,-1,-1,-1,-1
730,132,688,257,111,150,0,-1,-1,-1,-1
730,149,573,164,31,45,0,-1,-1,-1,-1
731,132,695,263,117,155,0,-1,-1,-1,-1
731,149,571,164,29,45,0,-1,-1,-1,-1
732,132,716,273,118,156,0,-1,-1,-1,-1
732,149,567,165,30,46,0,-1,-1,-1,-1
733,132,723,276,120,157,0,-1,-1,-1,-1
733,149,566,165,30,46,0,-1,-1,-1,-1
734,132,747,289,118,154,0,-1,-1,-1,-1
734,149,562,165,32,47,0,-1,-1,-1,-1
735,132,772,298,121,155,0,-1,-1,-1,-1
735,149,560,165,33,50,0,-1,-1,-1,-1
736,132,781,302,122,155,0,-1,-1,-1,-1
736,149,559,166,34,50,0,-1,-1,-1,-1
737,132,796,301,129,161,0,-1,-1,-1,-1
737,149,558,167,35,51,0,-1,-1,-1,-1
738,132,826,303,133,164,0,-1,-1,-1,-1
738,149,559,168,35,51,0,-1,-1,-1,-1
739,132,837,304,135,165,0,-1,-1,-1,-1
739,149,559,168,36,52,0,-1,-1,-1,-1
740,132,856,303,140,172,0,-1,-1,-1,-1
740,149,560,168,37,53,0,-1,-1,-1,-1
741,132,882,306,144,178,0,-1,-1,-1,-1
741,149,561,169,39,53,0,-1,-1,-1,-1
742,149,561,168,39,54,0,-1,-1,-1,-1
743,149,562,169,39,54,0,-1,-1,-1,-1
744,149,563,170,40,54,0,-1,-1,-1,-1
745,149,565,172,40,53,0,-1,-1,-1,-1
746,149,565,171,41,54,0,-1,-1,-1,-1
747,149,566,170,44,57,0,-1,-1,-1,-1
748,149,567,169,44,58,0,-1,-1,-1,-1
749,149,569,170,45,58,0,-1,-1,-1,-1
750,149,571,172,45,58,0,-1,-1,-1,-1
751,149,572,173,45,57,0,-1,-1,-1,-1
752,149,574,173,45,57,0,-1,-1,-1,-1
753,149,577,174,45,57,0,-1,-1,-1,-1
754,149,578,174,45,57,0,-1,-1,-1,-1
755,149,580,175,44,56,0,-1,-1,-1,-1
756,149,581,174,46,58,0,-1,-1,-1,-1
757,149,582,174,45,58,0,-1,-1,-1,-1
758,149,583,174,46,58,0,-1,-1,-1,-1
759,149,583,174,47,58,0,-1,-1,-1,-1
760,149,582,172,47,60,0,-1,-1,-1,-1
761,149,583,174,47,59,0,-1,-1,-1,-1
762,149,583,174,47,59,0,-1,-1,-1,-1
763,149,583,174,47,59,0,-1,-1,-1,-1
764,149,582,174,47,59,0,-1,-1,-1,-1
765,149,580,174,48,60,0,-1,-1,-1,-1
766,149,580,174,47,60,0,-1,-1,-1,-1
767,149,580,177,47,59,0,-1,-1,-1,-1
768,149,575,176,49,61,0,-1,-1,-1,-1
769,149,574,176,49,62,0,-1,-1,-1,-1
770,149,571,177,50,63,0,-1,-1,-1,-1
771,149,567,178,51,64,0,-1,-1,-1,-1
772,149,566,179,50,63,0,-1,-1,-1,-1
773,149,562,181,51,63,0,-1,-1,-1,-1
774,149,559,181,50,64,0,-1,-1,-1,-1
775,149,557,181,51,65,0,-1,-1,-1,-1
776,149,556,183,50,63,0,-1,-1,-1,-1
777,149,554,184,50,63,0,-1,-1,-1,-1
778,149,554,185,49,62,0,-1,-1,-1,-1
779,149,553,186,50,62,0,-1,-1,-1,-1
780,149,552,187,50,62,0,-1,-1,-1,-1
781,149,552,187,50,62,0,-1,-1,-1,-1
782,149,552,187,51,63,0,-1,-1,-1,-1
783,149,552,188,51,64,0,-1,-1,-1,-1
784,149,552,188,52,64,0,-1,-1,-1,-1
785,149,553,190,52,64,0,-1,-1,-1,-1
786,149,555,191,53,66,0,-1,-1,-1,-1
787,149,554,191,54,67,0,-1,-1,-1,-1
788,149,556,193,55,68,0,-1,-1,-1,-1
789,149,559,196,55,68,0,-1,-1,-1,-1
790,149,561,197,55,68,0,-1,-1,-1,-1
791,149,565,199,54,68,0,-1,-1,-1,-1
792,149,570,200,55,68,0,-1,-1,-1,-1
793,149,572,200,55,68,0,-1,-1,-1,-1
794,149,577,200,55,68,0,-1,-1,-1,-1
795,149,583,200,56,68,0,-1,-1,-1,-1
796,149,585,199,56,69,0,-1,-1,-1,-1
797,149,591,199,56,68,0,-1,-1,-1,-1
798,149,597,199,56,69,0,-1,-1,-1,-1
799,149,599,199,57,69,0,-1,-1,-1,-1
800,149,603,199,57,70,0,-1,-1,-1,-1
801,149,607,199,59,70,0,-1,-1,-1,-1
802,149,609,199,58,71,0,-1,-1,-1,-1
803,149,612,200,59,70,0,-1,-1,-1,-1
804,149,616,201,60,71,0,-1,-1,-1,-1
805,149,617,201,60,72,0,-1,-1,-1,-1
806,149,618,201,62,74,0,-1,-1,-1,-1
807,149,621,203,62,75,0,-1,-1,-1,-1
808,149,622,203,63,76,0,-1,-1,-1,-1
809,149,623,205,64,76,0,-1,-1,-1,-1
810,149,624,206,66,79,0,-1,-1,-1,-1
811,149,624,206,66,80,0,-1,-1,-1,-1
812,149,624,206,67,82,0,-1,-1,-1,-1
813,149,624,207,68,82,0,-1,-1,-1,-1
814,149,625,208,67,82,0,-1,-1,-1,-1
815,149,625,208,68,83,0,-1,-1,-1,-1
816,149,627,209,67,82,0,-1,-1,-1,-1
817,149,627,209,67,83,0,-1,-1,-1,-1
818,149,629,210,67,82,0,-1,-1,-1,-1
819,149,631,211,67,82,0,-1,-1,-1,-1
820,149,631,211,67,82,0,-1,-1,-1,-1
821,149,632,211,68,83,0,-1,-1,-1,-1
822,149,633,212,69,83,0,-1,-1,-1,-1
823,149,633,212,69,84,0,-1,-1,-1,-1
824,149,634,213,69,84,0,-1,-1,-1,-1
825,149,635,214,69,85,0,-1,-1,-1,-1
826,149,635,215,69,84,0,-1,-1,-1,-1
827,149,636,215,69,85,0,-1,-1,-1,-1
828,149,636,216,70,84,0,-1,-1,-1,-1
829,149,636,216,70,84,0,-1,-1,-1,-1
830,149,636,216,70,85,0,-1,-1,-1,-1
831,149,636,216,70,85,0,-1,-1,-1,-1
832,149,636,216,70,85,0,-1,-1,-1,-1
833,149,636,216,71,85,0,-1,-1,-1,-1
834,149,635,215,72,86,0,-1,-1,-1,-1
835,149,635,215,71,86,0,-1,-1,-1,-1
836,149,633,213,72,87,0,-1,-1,-1,-1
837,149,632,213,73,88,0,-1,-1,-1,-1
838,149,632,213,73,88,0,-1,-1,-1,-1
839,149,631,214,73,88,0,-1,-1,-1,-1
840,149,631,216,72,88,0,-1,-1,-1,-1
841,149,631,218,71,87,0,-1,-1,-1,-1
842,149,631,221,71,86,0,-1,-1,-1,-1
843,149,630,223,71,85,0,-1,-1,-1,-1
844,149,630,224,70,85,0,-1,-1,-1,-1
845,149,630,224,70,85,0,-1,-1,-1,-1
846,149,629,224,71,86,0,-1,-1,-1,-1
847,149,628,222,71,87,0,-1,-1,-1,-1
848,149,628,224,72,86,0,-1,-1,-1,-1
849,149,627,224,72,87,0,-1,-1,-1,-1
850,149,627,224,72,88,0,-1,-1,-1,-1
851,149,627,226,73,89,0,-1,-1,-1,-1
852,149,628,231,74,90,0,-1,-1,-1,-1
853,149,628,233,75,90,0,-1,-1,-1,-1
854,149,630,237,76,91,0,-1,-1,-1,-1
855,149,634,243,76,92,0,-1,-1,-1,-1
856,149,635,245,77,93,0,-1,-1,-1,-1
857,149,638,249,78,95,0,-1,-1,-1,-1
858,149,646,255,78,95,0,-1,-1,-1,-1
859,149,649,257,79,95,0,-1,-1,-1,-1
860,149,657,260,80,97,0,-1,-1,-1,-1
861,149,668,263,82,98,0,-1,-1,-1,-1
862,149,673,264,82,98,0,-1,-1,-1,-1
863,149,681,264,84,100,0,-1,-1,-1,-1
864,149,691,265,86,102,0,-1,-1,-1,-1
865,149,695,265,87,103,0,-1,-1,-1,-1
866,149,702,266,88,105,0,-1,-1,-1,-1
867,149,710,268,90,106,0,-1,-1,-1,-1
868,149,714,269,90,106,0,-1,-1,-1,-1
869,149,721,270,93,109,0,-1,-1,-1,-1
870,149,731,274,95,112,0,-1,-1,-1,-1
871,149,733,274,97,114,0,-1,-1,-1,-1
872,149,743,280,100,117,0,-1,-1,-1,-1
873,149,754,289,102,120,0,-1,-1,-1,-1
874,149,759,293,103,121,0,-1,-1,-1,-1
875,149,766,301,105,124,0,-1,-1,-1,-1
876,149,773,312,107,127,0,-1,-1,-1,-1
877,149,776,317,108,128,0,-1,-1,-1,-1
878,149,780,326,111,132,0,-1,-1,-1,-1
879,149,785,335,113,135,0,-1,-1,-1,-1
880,149,788,338,113,137,0,-1,-1,-1,-1
881,149,793,343,117,140,0,-1,-1,-1,-1
882,149,804,351,120,145,0,-1,-1,-1,-1
883,149,807,353,121,147,0,-1,-1,-1,-1
884,149,815,357,127,154,0,-1,-1,-1,-1
885,149,834,364,127,154,0,-1,-1,-1,-1
886,149,841,366,127,155,0,-1,-1,-1,-1
887,149,857,371,130,160,0,-1,-1,-1,-1
888,149,877,380,135,167,0,-1,-1,-1,-1
889,149,884,383,138,170,0,-1,-1,-1,-1
1462,215,774,181,29,58,0,-1,-1,-1,-1
1463,215,772,187,27,52,0,-1,-1,-1,-1
1464,215,765,189,25,48,0,-1,-1,-1,-1
1465,215,764,189,24,47,0,-1,-1,-1,-1
1466,215,757,186,26,49,0,-1,-1,-1,-1
1467,215,748,184,29,51,0,-1,-1,-1,-1
1468,215,745,183,30,52,0,-1,-1,-1,-1
1469,215,738,179,32,55,0,-1,-1,-1,-1
1470,215,732,179,33,55,0,-1,-1,-1,-1
1471,215,730,179,33,55,0,-1,-1,-1,-1
1472,215,725,180,34,54,0,-1,-1,-1,-1
1473,215,722,185,32,50,0,-1,-1,-1,-1
1474,215,720,186,32,49,0,-1,-1,-1,-1
1475,215,715,186,33,50,0,-1,-1,-1,-1
1476,215,711,187,33,49,0,-1,-1,-1,-1
1477,215,709,188,34,49,0,-1,-1,-1,-1
1478,215,705,188,35,50,0,-1,-1,-1,-1
1479,215,701,189,35,50,0,-1,-1,-1,-1
1480,215,699,190,36,49,0,-1,-1,-1,-1
1481,215,695,191,37,50,0,-1,-1,-1,-1
1482,215,689,191,39,52,0,-1,-1,-1,-1
1483,215,687,191,39,52,0,-1,-1,-1,-1
1484,215,684,191,40,53,0,-1,-1,-1,-1
1485,215,678,189,41,54,0,-1,-1,-1,-1
1486,215,678,190,40,53,0,-1,-1,-1,-1
1487,215,673,189,41,54,0,-1,-1,-1,-1
1488,215,669,190,42,55,0,-1,-1,-1,-1
1489,215,668,190,42,55,0,-1,-1,-1,-1
1490,215,665,192,43,54,0,-1,-1,-1,-1
1491,215,662,192,43,56,0,-1,-1,-1,-1
1492,215,661,192,43,56,0,-1,-1,-1,-1
1493,215,656,192,45,57,0,-1,-1,-1,-1
1494,215,653,193,44,58,0,-1,-1,-1,-1
1495,215,652,194,44,57,0,-1,-1,-1,-1
1496,215,649,196,44,56,0,-1,-1,-1,-1
1497,215,645,199,44,55,0,-1,-1,-1,-1
1498,215,644,200,43,55,0,-1,-1,-1,-1
1499,215,640,201,44,57,0,-1,-1,-1,-1
1500,215,634,203,46,58,0,-1,-1,-1,-1
1501,215,632,203,47,59,0,-1,-1,-1,-1
1502,215,629,206,46,59,0,-1,-1,-1,-1
1503,215,623,205,47,60,0,-1,-1,-1,-1
1504,215,621,206,48,60,0,-1,-1,-1,-1
1505,215,619,209,47,59,0,-1,-1,-1,-1
1506,215,616,210,47,59,0,-1,-1,-1,-1
1507,215,615,211,47,59,0,-1,-1,-1,-1
1508,215,612,212,47,59,0,-1,-1,-1,-1
1509,215,609,211,48,61,0,-1,-1,-1,-1
1510,215,608,211,49,62,0,-1,-1,-1,-1
1511,215,607,212,51,64,0,-1,-1,-1,-1
1512,215,608,216,51,63,0,-1,-1,-1,-1
1513,215,609,217,50,63,0,-1,-1,-1,-1
1514,215,611,221,50,63,0,-1,-1,-1,-1
1515,215,613,224,51,65,0,-1,-1,-1,-1
1516,215,615,226,51,65,0,-1,-1,-1,-1
1517,215,618,230,50,64,0,-1,-1,-1,-1
1518,215,622,231,50,64,0,-1,-1,-1,-1
1519,215,624,232,50,63,0,-1,-1,-1,-1
1520,215,626,230,52,66,0,-1,-1,-1,-1
1521,215,628,229,53,68,0,-1,-1,-1,-1
1522,215,629,229,54,69,0,-1,-1,-1,-1
1523,215,633,232,53,68,0,-1,-1,-1,-1
1524,215,636,234,54,69,0,-1,-1,-1,-1
1525,215,637,234,55,70,0,-1,-1,-1,-1
1526,215,638,234,57,73,0,-1,-1,-1,-1
1527,215,642,238,58,74,0,-1,-1,-1,-1
1528,215,644,240,57,74,0,-1,-1,-1,-1
1529,215,648,246,57,74,0,-1,-1,-1,-1
1530,215,654,256,57,73,0,-1,-1,-1,-1
1531,215,656,259,56,73,0,-1,-1,-1,-1
1532,215,658,263,58,74,0,-1,-1,-1,-1
1533,215,662,266,59,76,0,-1,-1,-1,-1
1534,215,664,268,59,76,0,-1,-1,-1,-1
1535,215,667,269,61,79,0,-1,-1,-1,-1
1536,215,670,271,62,80,0,-1,-1,-1,-1
1537,215,672,272,62,80,0,-1,-1,-1,-1
1538,215,677,273,63,81,0,-1,-1,-1,-1
1539,215,683,273,65,84,0,-1,-1,-1,-1
1540,215,685,273,66,85,0,-1,-1,-1,-1
1541,215,689,273,68,88,0,-1,-1,-1,-1
1542,215,697,280,68,89,0,-1,-1,-1,-1
1543,215,700,282,69,90,0,-1,-1,-1,-1
1544,215,707,291,69,90,0,-1,-1,-1,-1
1545,215,717,304,68,89,0,-1,-1,-1,-1
1546,215,721,308,67,89,0,-1,-1,-1,-1
1547,215,730,316,68,90,0,-1,-1,-1,-1
1548,215,733,308,79,104,0,-1,-1,-1,-1
1549,215,734,305,83,109,0,-1,-1,-1,-1
1550,215,740,303,88,115,0,-1,-1,-1,-1
1551,215,746,295,97,128,0,-1,-1,-1,-1
1552,215,750,292,99,133,0,-1,-1,-1,-1
1553,215,767,306,94,125,0,-1,-1,-1,-1
1554,215,783,317,92,123,0,-1,-1,-1,-1
1555,215,788,321,92,123,0,-1,-1,-1,-1
1556,215,797,327,94,126,0,-1,-1,-1,-1
1557,215,812,338,95,127,0,-1,-1,-1,-1
1558,215,819,343,94,127,0,-1,-1,-1,-1
1559,215,832,358,95,128,0,-1,-1,-1,-1
1560,215,842,361,106,142,0,-1,-1,-1,-1
1561,215,848,365,108,145,0,-1,-1,-1,-1
1562,215,869,397,99,130,0,-1,-1,-1,-1
1563,215,888,410,101,132,0,-1,-1,-1,-1
1564,215,894,415,102,133,0,-1,-1,-1,-1
1565,215,913,427,103,133,0,-1,-1,-1,-1
1636,233,759,209,38,45,0,-1,-1,-1,-1
1637,233,752,209,38,44,0,-1,-1,-1,-1
1638,233,742,206,39,46,0,-1,-1,-1,-1
1639,233,738,204,40,47,0,-1,-1,-1,-1
1640,233,732,202,40,47,0,-1,-1,-1,-1
1641,233,725,199,41,49,0,-1,-1,-1,-1
1642,233,722,198,42,50,0,-1,-1,-1,-1
1643,233,716,195,44,52,0,-1,-1,-1,-1
1644,233,711,196,44,52,0,-1,-1,-1,-1
1645,233,710,196,43,52,0,-1,-1,-1,-1
1646,233,707,197,43,53,0,-1,-1,-1,-1
1647,233,703,199,44,53,0,-1,-1,-1,-1
1648,233,703,200,43,53,0,-1,-1,-1,-1
1649,233,701,203,43,53,0,-1,-1,-1,-1
1650,233,700,205,43,53,0,-1,-1,-1,-1
1651,233,699,206,44,53,0,-1,-1,-1,-1
1652,233,697,205,44,55,0,-1,-1,-1,-1
1653,233,696,206,44,55,0,-1,-1,-1,-1
1654,233,695,206,44,55,0,-1,-1,-1,-1
1655,233,693,206,45,56,0,-1,-1,-1,-1
1656,233,690,206,46,57,0,-1,-1,-1,-1
1657,233,690,206,45,57,0,-1,-1,-1,-1
1658,233,687,207,46,58,0,-1,-1,-1,-1
1659,233,684,209,46,59,0,-1,-1,-1,-1
1660,233,682,209,47,59,0,-1,-1,-1,-1
1661,233,678,211,47,60,0,-1,-1,-1,-1
1662,233,673,216,48,60,0,-1,-1,-1,-1
1663,233,671,217,48,61,0,-1,-1,-1,-1
1664,233,666,222,49,62,0,-1,-1,-1,-1
1665,233,661,226,50,63,0,-1,-1,-1,-1
1666,233,660,228,49,62,0,-1,-1,-1,-1
1667,233,656,229,50,63,0,-1,-1,-1,-1
1668,233,652,229,51,65,0,-1,-1,-1,-1
1669,233,650,229,51,65,0,-1,-1,-1,-1
1670,233,647,229,52,66,0,-1,-1,-1,-1
1671,233,643,228,53,67,0,-1,-1,-1,-1
1672,233,642,228,54,67,0,-1,-1,-1,-1
1673,233,641,230,54,68,0,-1,-1,-1,-1
1674,233,640,234,56,70,0,-1,-1,-1,-1
1675,233,640,236,56,70,0,-1,-1,-1,-1
1676,233,639,240,58,73,0,-1,-1,-1,-1
1677,233,641,246,58,74,0,-1,-1,-1,-1
1678,233,642,249,58,74,0,-1,-1,-1,-1
1679,233,644,254,59,76,0,-1,-1,-1,-1
1680,233,649,259,60,76,0,-1,-1,-1,-1
1681,233,650,261,61,76,0,-1,-1,-1,-1
1682,233,655,263,61,77,0,-1,-1,-1,-1
1683,233,659,263,63,80,0,-1,-1,-1,-1
1684,233,661,263,63,81,0,-1,-1,-1,-1
1685,233,664,263,65,83,0,-1,-1,-1,-1
1686,233,669,265,67,85,0,-1,-1,-1,-1
1687,233,669,264,68,87,0,-1,-1,-1,-1
1688,233,672,268,70,89,0,-1,-1,-1,-1
1689,233,677,275,70,92,0,-1,-1,-1,-1
1690,233,678,278,72,92,0,-1,-1,-1,-1
1691,233,680,285,73,94,0,-1,-1,-1,-1
1692,233,683,296,74,96,0,-1,-1,-1,-1
1693,233,684,300,74,96,0,-1,-1,-1,-1
1694,233,685,307,77,99,0,-1,-1,-1,-1
1695,233,687,311,78,102,0,-1,-1,-1,-1
1696,233,688,313,78,103,0,-1,-1,-1,-1
1697,233,692,317,80,104,0,-1,-1,-1,-1
1698,233,699,320,82,106,0,-1,-1,-1,-1
1699,233,702,322,82,106,0,-1,-1,-1,-1
1700,233,708,323,83,108,0,-1,-1,-1,-1
1701,233,718,327,86,112,0,-1,-1,-1,-1
1702,233,721,329,88,113,0,-1,-1,-1,-1
1703,233,727,332,93,120,0,-1,-1,-1,-1
1704,233,740,342,98,126,0,-1,-1,-1,-1
1705,233,744,344,100,129,0,-1,-1,-1,-1
1706,233,757,355,104,132,0,-1,-1,-1,-1
1707,233,778,372,103,132,0,-1,-1,-1,-1
1708,233,785,379,104,132,0,-1,-1,-1,-1
1709,233,803,387,107,135,0,-1,-1,-1,-1
1710,233,829,398,108,136,0,-1,-1,-1,-1
1711,233,838,402,109,136,0,-1,-1,-1,-1
1712,233,856,405,114,142,0,-1,-1,-1,-1
1713,233,881,413,117,146,0,-1,-1,-1,-1
1714,233,889,416,119,147,0,-1,-1,-1,-1
1715,233,909,423,123,153,0,-1,-1,-1,-1
1723,247,776,185,28,49,0,-1,-1,-1,-1
1724,247,775,189,27,47,0,-1,-1,-1,-1
1725,247,771,194,27,46,0,-1,-1,-1,-1
1726,247,770,196,26,45,0,-1,-1,-1,-1
1727,247,766,197,27,45,0,-1,-1,-1,-1
1728,247,762,198,28,46,0,-1,-1,-1,-1
1729,247,761,199,28,45,0,-1,-1,-1,-1
1730,247,758,199,29,46,0,-1,-1,-1,-1
1731,247,755,197,29,47,0,-1,-1,-1,-1
1732,247,754,197,30,47,0,-1,-1,-1,-1
1733,247,752,197,31,47,0,-1,-1,-1,-1
1734,247,750,196,31,48,0,-1,-1,-1,-1
1735,247,749,196,32,48,0,-1,-1,-1,-1
1736,247,748,196,33,49,0,-1,-1,-1,-1
1737,247,746,195,33,50,0,-1,-1,-1,-1
1738,247,745,195,33,50,0,-1,-1,-1,-1
1739,247,742,195,35,51,0,-1,-1,-1,-1
1740,247,739,195,35,51,0,-1,-1,-1,-1
1741,247,738,195,35,51,0,-1,-1,-1,-1
1742,247,735,194,36,52,0,-1,-1,-1,-1
1743,247,728,191,36,54,0,-1,-1,-1,-1
1744,247,726,191,37,54,0,-1,-1,-1,-1
1745,247,722,190,36,54,0,-1,-1,-1,-1
1746,247,715,188,38,55,0,-1,-1,-1,-1
1747,247,713,188,38,55,0,-1,-1,-1,-1
1748,247,709,187,38,55,0,-1,-1,-1,-1
1749,247,705,186,38,56,0,-1,-1,-1,-1
1750,247,703,186,39,56,0,-1,-1,-1,-1
1751,247,700,187,39,56,0,-1,-1,-1,-1
1752,247,696,188,40,57,0,-1,-1,-1,-1
1753,247,695,188,40,58,0,-1,-1,-1,-1
1754,247,692,188,40,60,0,-1,-1,-1,-1
1755,247,689,191,41,60,0,-1,-1,-1,-1
1756,247,688,191,42,62,0,-1,-1,-1,-1
1757,247,687,194,42,62,0,-1,-1,-1,-1
1758,247,685,197,42,63,0,-1,-1,-1,-1
1759,247,684,199,42,62,0,-1,-1,-1,-1
1760,247,684,201,42,63,0,-1,-1,-1,-1
1761,247,683,203,43,63,0,-1,-1,-1,-1
1762,247,683,204,43,63,0,-1,-1,-1,-1
1763,247,683,204,44,64,0,-1,-1,-1,-1
1764,247,683,203,44,65,0,-1,-1,-1,-1
1765,247,683,202,44,66,0,-1,-1,-1,-1
1766,247,682,202,45,66,0,-1,-1,-1,-1
1767,247,680,201,46,67,0,-1,-1,-1,-1
1768,247,680,201,45,67,0,-1,-1,-1,-1
1769,247,678,201,46,69,0,-1,-1,-1,-1
1770,247,674,203,47,70,0,-1,-1,-1,-1
1771,247,673,204,47,71,0,-1,-1,-1,-1
1772,247,671,207,47,72,0,-1,-1,-1,-1
1773,247,669,212,47,72,0,-1,-1,-1,-1
1774,247,668,214,47,72,0,-1,-1,-1,-1
1775,247,665,219,48,72,0,-1,-1,-1,-1
1776,247,661,222,49,74,0,-1,-1,-1,-1
1777,247,660,224,49,74,0,-1,-1,-1,-1
1778,247,657,228,50,76,0,-1,-1,-1,-1
1779,247,653,230,52,78,0,-1,-1,-1,-1
1780,247,652,231,52,79,0,-1,-1,-1,-1
1781,247,649,232,53,79,0,-1,-1,-1,-1
1782,247,647,230,53,82,0,-1,-1,-1,-1
1783,247,646,230,53,82,0,-1,-1,-1,-1
1784,247,646,230,54,82,0,-1,-1,-1,-1
1785,247,647,229,55,85,0,-1,-1,-1,-1
1786,247,648,229,55,86,0,-1,-1,-1,-1
1787,247,648,230,56,87,0,-1,-1,-1,-1
1788,247,653,235,56,87,0,-1,-1,-1,-1
1789,247,654,237,57,87,0,-1,-1,-1,-1
1790,247,658,242,58,89,0,-1,-1,-1,-1
1791,247,664,251,58,90,0,-1,-1,-1,-1
1792,247,666,255,58,89,0,-1,-1,-1,-1
1793,247,672,261,58,90,0,-1,-1,-1,-1
1794,247,681,268,59,92,0,-1,-1,-1,-1
1795,247,684,270,60,93,0,-1,-1,-1,-1
1796,247,692,277,60,93,0,-1,-1,-1,-1
1797,247,701,282,63,95,0,-1,-1,-1,-1
1798,247,705,284,63,96,0,-1,-1,-1,-1
1799,247,713,286,65,98,0,-1,-1,-1,-1
1800,247,722,287,65,99,0,-1,-1,-1,-1
1801,247,725,288,66,98,0,-1,-1,-1,-1
1802,247,729,285,67,101,0,-1,-1,-1,-1
1803,247,735,285,69,104,0,-1,-1,-1,-1
1804,247,737,285,70,105,0,-1,-1,-1,-1
1805,247,740,285,72,108,0,-1,-1,-1,-1
1806,247,746,289,75,111,0,-1,-1,-1,-1
1807,247,748,290,76,113,0,-1,-1,-1,-1
1808,247,751,293,79,118,0,-1,-1,-1,-1
1809,247,758,301,81,122,0,-1,-1,-1,-1
1810,247,760,305,82,123,0,-1,-1,-1,-1
1811,247,765,314,83,126,0,-1,-1,-1,-1
1812,247,769,326,84,127,0,-1,-1,-1,-1
1813,247,771,331,84,128,0,-1,-1,-1,-1
1814,247,775,338,87,132,0,-1,-1,-1,-1
1815,247,783,345,88,134,0,-1,-1,-1,-1
1816,247,786,348,89,135,0,-1,-1,-1,-1
1817,247,794,354,91,137,0,-1,-1,-1,-1
1818,247,806,359,93,140,0,-1,-1,-1,-1
1818,255,780,189,23,42,0,-1,-1,-1,-1
1819,247,811,361,94,141,0,-1,-1,-1,-1
1819,255,779,189,23,43,0,-1,-1,-1,-1
1820,247,824,364,97,144,0,-1,-1,-1,-1
1820,255,775,188,25,46,0,-1,-1,-1,-1
1821,247,842,368,101,151,0,-1,-1,-1,-1
1821,255,770,189,26,46,0,-1,-1,-1,-1
1822,247,849,371,103,153,0,-1,-1,-1,-1
1822,255,767,188,26,47,0,-1,-1,-1,-1
1823,247,867,380,106,156,0,-1,-1,-1,-1
1823,255,761,188,28,47,0,-1,-1,-1,-1
1824,255,754,187,29,48,0,-1,-1,-1,-1
1825,247,895,398,109,160,0,-1,-1,-1,-1
1825,255,751,186,30,49,0,-1,-1,-1,-1
1826,255,745,185,31,50,0,-1,-1,-1,-1
1827,255,738,184,33,50,0,-1,-1,-1,-1
1828,255,735,183,34,51,0,-1,-1,-1,-1
1829,255,729,182,35,52,0,-1,-1,-1,-1
1830,255,723,182,36,51,0,-1,-1,-1,-1
1831,255,720,182,37,51,0,-1,-1,-1,-1
1832,255,716,181,38,53,0,-1,-1,-1,-1
1833,255,712,183,38,53,0,-1,-1,-1,-1
1834,255,710,184,39,52,0,-1,-1,-1,-1
1835,255,707,187,39,51,0,-1,-1,-1,-1
1836,255,704,190,39,52,0,-1,-1,-1,-1
1837,255,702,191,40,52,0,-1,-1,-1,-1
1838,255,700,194,41,52,0,-1,-1,-1,-1
1839,255,698,197,41,53,0,-1,-1,-1,-1
1840,255,697,199,42,52,0,-1,-1,-1,-1
1841,255,697,201,42,53,0,-1,-1,-1,-1
1842,255,696,202,43,53,0,-1,-1,-1,-1
1843,255,695,203,44,53,0,-1,-1,-1,-1
1844,255,694,202,44,54,0,-1,-1,-1,-1
1845,255,693,202,45,54,0,-1,-1,-1,-1
1846,255,693,201,45,55,0,-1,-1,-1,-1
1847,255,691,202,46,55,0,-1,-1,-1,-1
1848,255,689,202,47,56,0,-1,-1,-1,-1
1849,255,689,203,46,55,0,-1,-1,-1,-1
1850,255,686,203,47,56,0,-1,-1,-1,-1
1851,255,683,204,48,57,0,-1,-1,-1,-1
1852,255,682,205,49,57,0,-1,-1,-1,-1
1853,255,679,207,49,57,0,-1,-1,-1,-1
1854,255,675,210,51,58,0,-1,-1,-1,-1
1855,255,673,211,52,59,0,-1,-1,-1,-1
1856,255,669,212,52,61,0,-1,-1,-1,-1
1857,255,664,216,54,62,0,-1,-1,-1,-1
1858,255,662,217,54,63,0,-1,-1,-1,-1
1859,255,658,221,55,63,0,-1,-1,-1,-1
1860,255,652,223,55,64,0,-1,-1,-1,-1
1861,255,649,224,56,65,0,-1,-1,-1,-1
1862,255,645,225,56,65,0,-1,-1,-1,-1
1863,255,640,226,57,66,0,-1,-1,-1,-1
1864,255,638,226,57,66,0,-1,-1,-1,-1
1865,255,634,224,59,67,0,-1,-1,-1,-1
1866,255,632,223,60,69,0,-1,-1,-1,-1
1867,255,631,222,60,70,0,-1,-1,-1,-1
1868,255,630,222,62,71,0,-1,-1,-1,-1
1869,255,630,225,62,72,0,-1,-1,-1,-1
1870,255,630,226,63,72,0,-1,-1,-1,-1
1871,255,629,228,64,74,0,-1,-1,-1,-1
1872,255,631,235,64,75,0,-1,-1,-1,-1
1873,255,632,238,65,75,0,-1,-1,-1,-1
1874,255,635,244,65,77,0,-1,-1,-1,-1
1875,255,640,253,66,77,0,-1,-1,-1,-1
1876,255,642,257,66,77,0,-1,-1,-1,-1
1877,255,647,262,67,77,0,-1,-1,-1,-1
1878,255,654,266,69,79,0,-1,-1,-1,-1
1879,255,657,268,69,79,0,-1,-1,-1,-1
1880,255,662,268,69,80,0,-1,-1,-1,-1
1881,255,668,269,70,81,0,-1,-1,-1,-1
1882,255,670,269,71,82,0,-1,-1,-1,-1
1883,255,674,269,73,83,0,-1,-1,-1,-1
1884,255,677,268,76,87,0,-1,-1,-1,-1
1885,255,679,268,77,88,0,-1,-1,-1,-1
1886,255,683,271,79,90,0,-1,-1,-1,-1
1887,255,689,278,80,92,0,-1,-1,-1,-1
1888,255,691,281,81,92,0,-1,-1,-1,-1
1889,255,694,287,84,96,0,-1,-1,-1,-1
1890,255,699,298,87,99,0,-1,-1,-1,-1
1891,255,700,301,88,101,0,-1,-1,-1,-1
1892,255,705,312,89,102,0,-1,-1,-1,-1
1893,255,712,323,90,104,0,-1,-1,-1,-1
1894,255,715,328,91,104,0,-1,-1,-1,-1
1895,255,721,335,92,105,0,-1,-1,-1,-1
1896,255,728,339,94,108,0,-1,-1,-1,-1
1897,255,731,341,95,109,0,-1,-1,-1,-1
1898,255,740,343,97,111,0,-1,-1,-1,-1
1899,255,751,343,101,114,0,-1,-1,-1,-1
1900,255,755,343,103,115,0,-1,-1,-1,-1
1901,255,766,342,107,120,0,-1,-1,-1,-1
1902,255,782,348,110,125,0,-1,-1,-1,-1
1903,255,788,351,112,125,0,-1,-1,-1,-1
1904,255,801,359,117,132,0,-1,-1,-1,-1
