1818,1,676,134,39,55,1,1,1
1819,1,676,134,39,50,1,1,1
1820,1,676,134,39,50,1,1,1
1821,1,679,132,40,50,1,1,1
1822,1,682,130,41,51,1,1,1
1823,1,685,128,42,51,1,1,1
1824,1,689,126,43,51,1,1,1
1825,1,692,124,45,52,1,1,1
1826,1,692,124,45,52,1,1,1
1827,1,705,117,46,52,1,1,1
1828,1,705,117,46,52,1,1,1
1829,1,710,112,46,52,1,1,1
1830,1,716,108,45,53,1,1,1
1831,1,721,103,45,53,1,1,1
1832,1,721,103,45,53,1,1,1
1833,1,724,99,45,53,1,1,1
1834,1,727,96,44,53,1,1,1
1835,1,730,92,44,54,1,1,1
1836,1,730,92,44,54,1,1,1
1837,1,731,90,43,54,1,1,1
1838,1,733,87,43,54,1,1,1
1839,1,734,85,43,54,1,1,1
1840,1,734,85,43,54,1,1,1
1841,1,736,85,42,54,1,1,1
1842,1,737,84,42,55,1,1,1
1843,1,738,83,41,55,1,1,1
1844,1,738,83,41,55,1,1,1
1845,1,740,84,42,55,1,1,1
1846,1,742,84,42,55,1,1,1
1847,1,743,85,42,55,1,1,1
1848,1,745,85,42,55,1,1,1
1849,1,746,85,42,55,1,1,1
1850,1,748,86,43,55,1,1,1
1851,1,748,86,43,55,1,1,1
1852,1,748,86,43,55,1,1,1
1853,1,748,87,43,55,1,1,1
1854,1,748,87,43,55,1,1,1
1855,1,748,87,43,55,1,1,1
1856,1,748,88,43,55,1,1,1
1857,1,748,88,43,55,1,1,1
1858,1,748,88,43,55,1,1,1
1859,1,746,87,43,55,1,1,1
1860,1,745,86,43,55,1,1,1
1861,1,743,85,43,55,1,1,1
1862,1,742,83,43,55,1,1,1
1863,1,740,82,43,55,1,1,1
1864,1,738,81,43,55,1,1,1
1865,1,738,81,43,55,1,1,1
1866,1,738,81,43,55,1,1,1
1867,1,738,81,43,55,1,1,1
1868,1,737,81,43,55,1,1,1
1869,1,737,81,43,55,1,1,1
1870,1,736,80,43,55,1,1,1
1871,1,736,80,43,55,1,1,1
1872,1,735,80,43,55,1,1,1
1873,1,735,80,43,55,1,1,1
1874,1,734,80,43,55,1,1,1
1875,1,734,80,43,55,1,1,1
1876,1,734,80,43,55,1,1,1
1877,1,734,80,43,55,1,1,1
1878,1,734,80,43,55,1,1,1
1879,1,734,80,43,55,1,1,1
1880,1,735,80,43,55,1,1,1
1881,1,735,80,43,55,1,1,1
1882,1,735,80,43,55,1,1,1
1883,1,735,80,43,55,1,1,1
1884,1,735,80,43,55,1,1,1
1885,1,736,80,43,55,1,1,1
1886,1,736,80,43,55,1,1,1
1887,1,736,80,43,55,1,1,1
1888,1,736,80,43,55,1,1,1
1889,1,736,80,43,55,1,1,1
1890,1,737,80,43,55,1,1,1
1891,1,737,80,43,55,1,1,1
1892,1,737,80,43,55,1,1,1
1893,1,737,80,43,55,1,1,1
1894,1,737,80,43,55,1,1,1
1895,1,738,80,43,55,1,1,1
1896,1,739,81,43,54,1,1,1
1897,1,739,81,43,54,1,1,1
1898,1,740,81,43,54,1,1,1
1899,1,741,82,44,54,1,1,1
1900,1,741,82,44,54,1,1,1
1901,1,742,82,44,53,1,1,1
1902,1,742,83,44,53,1,1,1
1903,1,743,83,44,53,1,1,1
1904,1,744,84,45,53,1,1,1
1905,1,744,84,45,53,1,1,1
1906,1,745,84,45,52,1,1,1
1907,1,746,85,45,52,1,1,1
1908,1,746,85,45,52,1,1,1
1909,1,745,84,45,52,1,1,1
1910,1,744,84,45,52,1,1,1
1911,1,744,84,45,52,1,1,1
1912,1,743,83,45,52,1,1,1
1913,1,742,83,45,52,1,1,1
1914,1,742,83,45,52,1,1,1
1915,1,741,82,45,52,1,1,1
1916,1,740,82,45,52,1,1,1
1917,1,740,82,45,52,1,1,1
1918,1,739,81,45,52,1,1,1
1919,1,739,81,45,52,1,1,1
1920,1,738,80,45,52,1,1,1
1921,1,737,80,45,52,1,1,1
1922,1,737,80,45,52,1,1,1
1923,1,736,79,45,52,1,1,1
1924,1,735,79,45,52,1,1,1
1925,1,735,79,45,52,1,1,1
1926,1,734,78,45,52,1,1,1
1927,1,733,78,45,52,1,1,1
1928,1,733,78,45,52,1,1,1
1929,1,732,77,45,52,1,1,1
1930,1,731,77,45,52,1,1,1
1931,1,731,77,45,52,1,1,1
1932,1,730,76,45,52,1,1,1
1933,1,730,76,45,52,1,1,1
1934,1,730,76,45,52,1,1,1
1935,1,730,77,45,52,1,1,1
1935,4,638,227,35,76,1,1,1
1936,1,730,77,45,52,1,1,1
1936,4,639,231,38,77,1,1,1
1937,1,730,77,45,52,1,1,1
1937,4,639,234,41,79,1,1,1
1938,1,730,77,45,52,1,1,1
1938,4,639,238,44,80,1,1,1
1939,1,730,77,45,52,1,1,1
1939,4,639,241,47,81,1,1,1
1940,1,730,77,45,52,1,1,1
1940,4,640,245,50,82,1,1,1
1941,1,730,77,45,52,1,1,1
1941,4,640,248,52,83,1,1,1
1942,1,730,77,45,52,1,1,1
1942,4,640,251,55,84,1,1,1
1943,1,731,78,45,52,1,1,1
1943,4,640,255,58,85,1,1,1
1944,1,731,78,45,52,1,1,1
1944,4,641,258,61,86,1,1,1
1945,1,731,78,45,52,1,1,1
1945,4,641,258,61,86,1,1,1
1946,1,731,78,45,52,1,1,1
1946,4,641,262,63,87,1,1,1
1947,1,731,78,45,52,1,1,1
1947,4,641,266,65,87,1,1,1
1948,1,731,78,45,52,1,1,1
1948,4,641,269,67,87,1,1,1
1949,1,731,78,45,52,1,1,1
1949,4,642,273,68,88,1,1,1
1950,1,731,78,45,52,1,1,1
1950,4,642,277,70,88,1,1,1
1951,1,731,79,45,52,1,1,1
1951,4,642,277,70,88,1,1,1
1952,1,731,79,45,52,1,1,1
1952,4,642,277,71,89,1,1,1
1953,1,731,79,45,52,1,1,1
1953,4,642,277,72,89,1,1,1
1954,1,731,79,45,52,1,1,1
1954,4,642,277,72,89,1,1,1
1955,1,731,79,45,52,1,1,1
1955,4,642,277,73,90,1,1,1
1956,1,731,79,45,52,1,1,1
1956,4,642,277,74,90,1,1,1
1957,1,731,79,45,52,1,1,1
1957,4,642,277,75,90,1,1,1
1958,1,731,80,45,52,1,1,1
1958,4,642,277,75,91,1,1,1
1959,1,731,80,45,52,1,1,1
1959,4,642,277,76,91,1,1,1
1960,1,731,80,45,52,1,1,1
1960,4,642,277,77,92,1,1,1
1961,1,731,80,45,52,1,1,1
1961,4,642,277,78,92,1,1,1
1962,1,731,80,45,52,1,1,1
1962,4,642,277,78,92,1,1,1
1963,1,732,80,45,52,1,1,1
1963,4,642,279,78,91,1,1,1
1964,1,732,80,45,52,1,1,1
1964,4,641,282,78,91,1,1,1
1965,1,733,80,45,52,1,1,1
1965,4,641,285,78,90,1,1,1
1966,1,733,80,45,52,1,1,1
1966,4,641,287,78,90,1,1,1
1967,1,733,80,45,52,1,1,1
1967,4,641,290,78,90,1,1,1
1968,1,734,81,45,52,1,1,1
1968,4,641,290,78,90,1,1,1
1969,1,734,81,45,52,1,1,1
1969,4,637,293,79,92,1,1,1
1970,1,735,81,45,52,1,1,1
1970,4,633,295,80,95,1,1,1
1971,1,735,81,45,52,1,1,1
1971,4,630,298,82,98,1,1,1
1972,1,736,81,45,52,1,1,1
1972,4,626,300,83,101,1,1,1
1973,1,736,81,45,52,1,1,1
1973,4,623,303,85,104,1,1,1
1974,1,736,81,45,52,1,1,1
1974,4,623,303,85,104,1,1,1
1975,1,737,81,45,52,1,1,1
1975,4,619,313,86,104,1,1,1
1976,1,737,81,45,52,1,1,1
1976,4,615,322,87,105,1,1,1
1977,1,738,81,45,52,1,1,1
1977,4,610,332,88,106,1,1,1
1978,1,738,81,45,52,1,1,1
1978,4,606,342,89,106,1,1,1
1979,1,739,81,45,52,1,1,1
1979,4,602,352,90,107,1,1,1
1980,1,739,81,45,52,1,1,1
1980,4,598,361,91,107,1,1,1
1981,1,740,81,45,52,1,1,1
1981,4,598,361,91,107,1,1,1
1982,1,740,81,45,52,1,1,1
1982,4,594,371,94,111,1,1,1
1983,1,741,81,45,52,1,1,1
1983,4,590,381,97,114,1,1,1
1984,1,741,81,45,52,1,1,1
1984,4,586,391,99,118,1,1,1
1985,1,742,81,45,52,1,1,1
1985,4,581,401,102,122,1,1,1
1986,1,742,81,45,52,1,1,1
1986,4,577,411,105,126,1,1,1
1987,1,742,81,45,52,1,1,1
1987,4,577,411,105,126,1,1,1
1988,1,744,82,45,52,1,1,1
1988,4,576,437,107,120,1,1,1
1989,1,746,82,45,52,1,1,1
1989,4,575,464,108,114,1,1,1
1990,1,747,83,45,52,1,1,1
1990,4,574,490,109,108,1,1,1
1991,1,747,83,45,52,1,1,1
1991,4,574,490,109,108,1,1,1
1992,1,748,84,45,52,1,1,1
1992,4,573,513,113,108,1,1,1
1993,1,748,84,45,52,1,1,1
1993,4,572,537,117,107,1,1,1
1994,1,749,85,45,52,1,1,1
1994,4,571,561,121,106,1,1,1
1995,1,749,85,45,52,1,1,1
1995,4,570,584,124,105,1,1,1
1996,1,749,86,45,52,1,1,1
1996,4,569,608,128,104,1,1,1
1997,1,749,86,45,52,1,1,1
1997,4,569,608,128,104,1,1,1
1998,1,754,85,45,52,1,1,1
1998,4,569,608,128,104,1,1,1
1999,1,754,85,45,52,1,1,1
1999,4,559,666,133,52,1,1,1
2000,1,755,85,45,52,1,1,1
2001,1,756,85,45,52,1,1,1
2002,1,757,85,45,52,1,1,1
2003,1,758,85,45,52,1,1,1
2004,1,759,85,45,52,1,1,1
2005,1,760,85,45,52,1,1,1
2006,1,761,86,45,52,1,1,1
2007,1,762,86,45,52,1,1,1
2008,1,762,86,45,52,1,1,1
2009,1,763,86,45,52,1,1,1
2010,1,763,86,45,52,1,1,1
2011,1,764,86,45,52,1,1,1
2012,1,764,87,45,52,1,1,1
2013,1,764,87,45,52,1,1,1
2014,1,764,88,45,52,1,1,1
2015,1,764,88,45,52,1,1,1
2016,1,764,88,45,52,1,1,1
2017,1,765,89,45,52,1,1,1
2018,1,765,89,45,52,1,1,1
2019,1,765,89,45,52,1,1,1
2020,1,765,89,45,52,1,1,1
2021,1,765,90,45,52,1,1,1
2022,1,766,90,45,53,1,1,1
2023,1,766,91,45,53,1,1,1
2024,1,767,91,45,53,1,1,1
2025,1,767,92,45,53,1,1,1
2026,1,768,92,45,53,1,1,1
2027,1,768,93,45,53,1,1,1
2028,1,768,93,45,54,1,1,1
2029,1,768,93,45,54,1,1,1
2030,1,770,95,45,54,1,1,1
2031,1,772,96,45,54,1,1,1
2032,1,774,98,45,54,1,1,1
2033,1,776,100,45,54,1,1,1
2034,1,778,101,45,54,1,1,1
2035,1,780,103,45,54,1,1,1
2036,1,782,105,45,55,1,1,1
2037,1,784,106,45,55,1,1,1
2038,1,784,106,45,55,1,1,1
2039,1,786,109,45,55,1,1,1
2040,1,788,111,46,55,1,1,1
2041,1,790,113,46,55,1,1,1
2042,1,792,116,47,55,1,1,1
2043,1,794,118,47,55,1,1,1
2044,1,796,121,47,55,1,1,1
2045,1,798,123,48,55,1,1,1
2046,1,800,125,48,55,1,1,1
2047,1,801,128,48,55,1,1,1
2048,1,801,128,48,55,1,1,1
2049,1,803,129,49,55,1,1,1
2050,1,805,130,49,55,1,1,1
2051,1,807,131,50,55,1,1,1
2052,1,809,133,50,55,1,1,1
2053,1,811,134,50,55,1,1,1
2054,1,813,135,51,55,1,1,1
2055,1,815,136,51,55,1,1,1
2056,1,815,136,51,55,1,1,1
2057,1,816,136,51,55,1,1,1
2058,1,817,136,52,56,1,1,1
2059,1,818,137,52,56,1,1,1
2060,1,818,137,52,57,1,1,1
2061,1,818,137,52,57,1,1,1
2062,1,815,137,53,57,1,1,1
2063,1,813,137,53,58,1,1,1
2064,1,810,137,53,58,1,1,1
2065,1,807,137,53,59,1,1,1
2066,1,807,137,53,59,1,1,1
2067,1,801,138,54,59,1,1,1
2068,1,795,139,54,60,1,1,1
2069,1,789,141,54,60,1,1,1
2070,1,783,142,55,61,1,1,1
2071,1,783,142,55,61,1,1,1
2072,1,775,141,55,62,1,1,1
2073,1,767,140,55,62,1,1,1
2074,1,759,139,56,63,1,1,1
2075,1,750,137,56,63,1,1,1
2076,1,750,137,56,63,1,1,1
2077,1,742,140,57,64,1,1,1
2078,1,733,142,59,65,1,1,1
2079,1,724,144,60,66,1,1,1
2080,1,724,144,60,66,1,1,1
2081,1,722,146,62,68,1,1,1
2082,1,720,148,64,69,1,1,1
2083,1,720,148,64,69,1,1,1
2084,1,717,158,61,68,1,1,1
2085,1,717,158,61,68,1,1,1
2086,1,715,163,60,64,1,1,1
2087,1,713,170,65,69,1,1,1
2088,1,711,177,70,74,1,1,1
2089,1,711,177,70,74,1,1,1
2090,1,713,187,72,75,1,1,1
2091,1,716,197,74,76,1,1,1
2092,1,716,197,74,76,1,1,1
2093,1,722,207,75,77,1,1,1
2094,1,728,218,77,79,1,1,1
2095,1,728,218,77,79,1,1,1
2096,1,727,222,79,80,1,1,1
2097,1,727,222,79,80,1,1,1
2098,1,732,237,81,82,1,1,1
2099,1,732,237,81,82,1,1,1
2100,1,730,247,84,84,1,1,1
2101,1,730,247,84,84,1,1,1
2102,1,723,258,87,83,1,1,1
2103,1,716,269,90,82,1,1,1
2104,1,716,269,90,82,1,1,1
2105,1,705,282,92,86,1,1,1
2106,1,705,286,94,81,1,1,1
2107,1,685,320,98,80,1,1,1
2108,1,685,320,98,80,1,1,1
2109,1,654,357,100,80,1,1,1
2110,1,654,357,100,80,1,1,1
2111,1,638,374,101,80,1,1,1
2112,1,621,391,102,81,1,1,1
2113,1,621,391,102,81,1,1,1
2114,1,581,413,113,87,1,1,1
2115,1,581,413,113,87,1,1,1
2116,1,569,415,117,94,1,1,1
2117,1,569,415,117,94,1,1,1
2118,1,553,442,119,93,1,1,1
2119,1,536,482,124,90,1,1,1
2120,1,536,482,124,90,1,1,1
2121,1,535,483,126,89,1,1,1
2122,1,529,499,128,87,1,1,1
2123,1,513,551,132,84,1,1,1
2124,1,513,551,132,84,1,1,1
2125,1,509,591,134,83,1,1,1
2126,1,505,592,137,81,1,1,1
2127,1,501,616,139,80,1,1,1
2627,2,789,123,22,57,1,1,1
2628,2,788,122,24,57,1,1,1
2629,2,787,121,26,56,1,1,1
2630,2,786,119,28,56,1,1,1
2631,2,785,118,30,55,1,1,1
2632,2,784,117,32,55,1,1,1
2633,2,783,116,34,54,1,1,1
2634,2,783,116,34,54,1,1,1
2635,2,781,115,35,54,1,1,1
2636,2,779,113,37,53,1,1,1
2637,2,777,112,38,53,1,1,1
2638,2,775,111,39,52,1,1,1
2639,2,772,110,40,52,1,1,1
2640,2,770,109,42,51,1,1,1
2641,2,770,109,42,51,1,1,1
2642,2,770,109,42,51,1,1,1
2643,2,759,109,37,51,1,1,1
2787,3,643,69,20,38,1,1,1
2788,3,643,69,20,38,1,1,1
2789,3,643,69,20,38,1,1,1
2790,3,643,69,20,38,1,1,1
2791,3,641,68,20,38,1,1,1
2844,4,683,86,21,46,1,1,1
2845,4,678,85,23,46,1,1,1
2846,4,674,84,24,46,1,1,1
2847,4,670,83,25,46,1,1,1
2848,4,666,82,27,46,1,1,1
2849,4,666,82,27,46,1,1,1
2850,4,663,82,27,45,1,1,1
2851,4,660,81,26,44,1,1,1
2852,4,660,81,26,44,1,1,1
2853,4,660,81,26,44,1,1,1
2854,4,660,81,26,44,1,1,1
2855,4,660,81,26,44,1,1,1
2856,4,638,78,25,41,1,1,1
2913,4,641,37,21,38,1,1,1
2914,4,642,37,22,38,1,1,1
2915,4,643,36,23,38,1,1,1
2916,4,644,36,24,38,1,1,1
2917,4,645,36,25,38,1,1,1
2918,4,647,36,27,38,1,1,1
2919,4,647,36,27,38,1,1,1
2920,4,647,36,27,39,1,1,1
2921,4,647,36,27,39,1,1,1
2922,4,647,36,27,39,1,1,1
2923,4,648,37,27,39,1,1,1
2924,4,648,37,27,39,1,1,1
2925,4,648,37,27,39,1,1,1
2926,4,648,37,27,38,1,1,1
2927,4,648,37,26,37,1,1,1
2928,4,648,37,25,37,1,1,1
2929,4,648,37,25,36,1,1,1
2930,4,648,37,24,35,1,1,1
2931,4,648,37,24,34,1,1,1
2932,4,648,37,24,34,1,1,1
2933,4,647,37,24,33,1,1,1
2934,4,647,38,24,33,1,1,1
2935,4,647,38,24,32,1,1,1
2936,4,646,38,24,31,1,1,1
2937,4,646,39,24,30,1,1,1
2938,4,645,39,24,29,1,1,1
2939,4,645,39,24,29,1,1,1
2940,4,645,39,24,29,1,1,1
2941,4,645,39,24,29,1,1,1
2942,4,645,40,24,29,1,1,1
2943,4,645,40,24,29,1,1,1
2944,4,644,40,24,29,1,1,1
2945,4,644,40,24,29,1,1,1
2946,4,644,40,24,29,1,1,1
2947,4,644,40,24,29,1,1,1
2948,4,644,40,24,29,1,1,1
2949,4,643,40,24,29,1,1,1
2950,4,643,40,24,29,1,1,1
2951,4,643,40,24,29,1,1,1
2952,4,643,40,24,29,1,1,1
2953,4,643,40,24,29,1,1,1
2954,4,642,40,24,29,1,1,1
2955,4,642,40,24,29,1,1,1
2956,4,642,40,24,29,1,1,1
2957,4,642,40,24,29,1,1,1
2958,4,642,40,24,30,1,1,1
2959,4,642,40,24,30,1,1,1
2960,4,642,40,24,30,1,1,1
2961,4,642,40,24,30,1,1,1
2962,4,642,40,24,30,1,1,1
2963,4,642,40,24,30,1,1,1
2964,4,642,40,24,30,1,1,1
2965,4,642,40,24,30,1,1,1
2966,4,642,40,24,31,1,1,1
2967,4,642,40,24,31,1,1,1
2968,4,642,40,24,31,1,1,1
2969,4,642,40,24,31,1,1,1
2970,4,642,40,24,31,1,1,1
2971,4,643,40,24,31,1,1,1
2972,4,643,40,24,31,1,1,1
2973,4,643,40,24,31,1,1,1
2974,4,643,40,24,31,1,1,1
2975,4,643,40,24,31,1,1,1
2976,4,642,40,24,32,1,1,1
2977,4,642,39,24,32,1,1,1
2978,4,642,39,24,32,1,1,1
2979,4,642,39,24,32,1,1,1
2980,4,642,39,24,32,1,1,1
2981,4,642,39,24,32,1,1,1
2982,4,642,39,24,32,1,1,1
2983,4,642,38,24,32,1,1,1
2984,4,642,38,24,33,1,1,1
2985,4,642,38,24,33,1,1,1
2986,4,644,39,24,33,1,1,1
2987,4,646,39,24,33,1,1,1
2988,4,648,39,24,33,1,1,1
2989,4,650,39,24,33,1,1,1
2990,4,650,39,24,33,1,1,1
2991,4,652,39,23,33,1,1,1
2992,4,654,40,22,34,1,1,1
2993,4,656,40,21,34,1,1,1
2994,4,658,40,20,35,1,1,1
2995,4,660,40,19,35,1,1,1
2996,4,662,40,18,35,1,1,1
2997,4,662,40,18,35,1,1,1
2998,4,662,40,18,35,1,1,1
2999,4,668,40,12,35,1,1,1
3053,3,639,76,15,38,1,1,1
3054,3,641,73,26,42,1,1,1
3055,3,641,73,26,42,1,1,1
3055,4,667,39,12,35,1,1,1
3056,3,645,73,27,42,1,1,1
3056,4,667,39,12,35,1,1,1
3057,3,649,74,28,42,1,1,1
3057,4,666,39,13,35,1,1,1
3058,3,653,75,29,42,1,1,1
3058,4,666,39,14,35,1,1,1
3059,3,658,75,30,42,1,1,1
3059,4,665,39,15,35,1,1,1
3060,3,662,76,31,43,1,1,1
3060,4,665,39,16,35,1,1,1
3061,3,666,77,32,43,1,1,1
3061,4,664,39,16,35,1,1,1
3062,3,670,77,33,43,1,1,1
3062,4,664,39,17,35,1,1,1
3063,3,675,78,34,43,1,1,1
3063,4,663,39,18,35,1,1,1
3064,3,679,79,35,43,1,1,1
3064,4,663,39,19,35,1,1,1
3065,3,679,79,35,43,1,1,1
3065,4,662,39,20,35,1,1,1
3066,3,681,79,37,44,1,1,1
3066,4,662,39,20,35,1,1,1
3067,3,684,79,38,44,1,1,1
3067,4,661,39,21,35,1,1,1
3068,3,684,79,38,44,1,1,1
3068,4,661,39,21,35,1,1,1
3069,3,687,80,38,44,1,1,1
3069,4,661,39,22,35,1,1,1
3070,3,689,81,38,44,1,1,1
3070,4,661,39,22,35,1,1,1
3071,3,692,83,39,45,1,1,1
3071,4,661,39,22,35,1,1,1
3072,3,695,84,39,45,1,1,1
3072,4,661,39,23,35,1,1,1
3073,3,697,85,39,45,1,1,1
3073,4,661,39,23,35,1,1,1
3074,3,697,85,39,45,1,1,1
3074,4,661,39,24,35,1,1,1
3075,3,699,87,39,45,1,1,1
3075,4,661,39,24,35,1,1,1
3076,3,702,88,39,45,1,1,1
3076,4,661,39,24,35,1,1,1
3077,3,704,89,40,46,1,1,1
3077,4,661,39,25,35,1,1,1
3078,3,706,91,40,46,1,1,1
3078,4,661,39,25,35,1,1,1
3079,3,708,92,40,46,1,1,1
3079,4,661,39,26,35,1,1,1
3080,3,710,93,40,46,1,1,1
3080,4,661,39,26,35,1,1,1
3081,3,710,93,40,46,1,1,1
3081,4,661,39,26,35,1,1,1
3082,3,713,96,41,47,1,1,1
3082,4,662,39,26,36,1,1,1
3083,3,716,98,42,48,1,1,1
3083,4,662,39,26,36,1,1,1
3084,3,719,101,43,49,1,1,1
3084,4,663,39,26,36,1,1,1
3085,3,722,104,43,50,1,1,1
3085,4,663,39,26,36,1,1,1
3086,3,725,106,44,51,1,1,1
3086,4,664,38,26,36,1,1,1
3087,3,728,109,45,52,1,1,1
3087,4,664,38,26,37,1,1,1
3088,3,728,109,45,52,1,1,1
3088,4,665,38,26,37,1,1,1
3089,3,734,111,46,54,1,1,1
3089,4,665,38,26,37,1,1,1
3090,3,739,112,46,55,1,1,1
3090,4,666,38,26,37,1,1,1
3091,3,745,114,47,56,1,1,1
3091,4,666,38,26,37,1,1,1
3092,3,750,115,48,57,1,1,1
3092,4,667,37,26,37,1,1,1
3093,3,750,115,48,57,1,1,1
3093,4,667,37,26,38,1,1,1
3094,3,753,115,49,58,1,1,1
3094,4,668,37,26,38,1,1,1
3095,3,756,115,50,60,1,1,1
3095,4,668,37,26,38,1,1,1
3096,3,756,115,50,60,1,1,1
3096,4,668,37,26,38,1,1,1
3097,3,756,118,50,60,1,1,1
3097,4,669,37,26,38,1,1,1
3098,3,757,122,51,60,1,1,1
3098,4,669,37,26,38,1,1,1
3099,3,757,125,51,60,1,1,1
3099,4,669,38,26,38,1,1,1
3100,3,757,129,52,60,1,1,1
3100,4,669,38,26,38,1,1,1
3101,3,757,129,52,60,1,1,1
3101,4,670,38,26,38,1,1,1
3102,3,753,133,54,62,1,1,1
3102,4,670,38,26,38,1,1,1
3103,3,749,137,56,64,1,1,1
3103,4,670,38,26,38,1,1,1
3104,3,745,142,58,65,1,1,1
3104,4,671,39,26,38,1,1,1
3105,3,745,142,58,65,1,1,1
3105,4,671,39,26,38,1,1,1
3106,3,742,144,59,66,1,1,1
3106,4,671,39,26,38,1,1,1
3107,3,740,147,60,67,1,1,1
3107,4,672,39,26,38,1,1,1
3108,3,737,149,61,68,1,1,1
3108,4,672,40,26,38,1,1,1
3109,3,737,149,61,68,1,1,1
3109,4,672,40,26,38,1,1,1
3110,3,738,152,62,69,1,1,1
3110,4,672,40,26,38,1,1,1
3111,3,739,154,63,69,1,1,1
3111,4,673,40,26,38,1,1,1
3112,3,740,157,64,70,1,1,1
3112,4,673,40,26,38,1,1,1
3113,3,740,157,64,70,1,1,1
3113,4,673,40,26,38,1,1,1
3114,3,743,162,65,72,1,1,1
3114,4,673,40,26,38,1,1,1
3115,3,745,167,66,74,1,1,1
3115,4,673,40,26,38,1,1,1
3115,5,640,79,24,51,1,1,1
3116,3,747,173,66,75,1,1,1
3116,4,673,40,26,37,1,1,1
3116,5,641,80,29,51,1,1,1
3117,3,750,178,67,77,1,1,1
3117,4,673,40,26,37,1,1,1
3117,5,642,80,34,51,1,1,1
3118,3,750,178,67,77,1,1,1
3118,4,674,40,26,37,1,1,1
3118,5,642,80,34,51,1,1,1
3119,3,753,185,70,79,1,1,1
3119,4,674,39,26,37,1,1,1
3119,5,650,84,33,50,1,1,1
3120,3,755,191,73,81,1,1,1
3120,4,674,39,26,37,1,1,1
3120,5,659,87,32,50,1,1,1
3121,3,755,191,73,81,1,1,1
3121,4,674,39,26,37,1,1,1
3121,5,659,87,32,50,1,1,1
3122,3,755,200,74,83,1,1,1
3122,4,674,39,26,37,1,1,1
3122,5,670,89,34,50,1,1,1
3123,3,754,208,75,85,1,1,1
3123,4,674,39,26,37,1,1,1
3123,5,681,91,36,49,1,1,1
3124,3,753,217,77,87,1,1,1
3124,4,674,39,26,37,1,1,1
3124,5,692,93,37,49,1,1,1
3125,3,753,217,77,87,1,1,1
3125,4,674,38,26,37,1,1,1
3125,5,692,93,37,49,1,1,1
3126,3,749,219,78,89,1,1,1
3126,4,674,38,26,38,1,1,1
3126,5,697,95,39,49,1,1,1
3127,3,746,221,80,91,1,1,1
3127,4,674,38,26,38,1,1,1
3127,5,702,97,42,49,1,1,1
3128,3,746,221,80,91,1,1,1
3128,4,674,38,26,38,1,1,1
3128,5,702,97,42,49,1,1,1
3129,3,739,228,81,94,1,1,1
3129,4,674,38,26,38,1,1,1
3129,5,704,98,42,49,1,1,1
3130,3,731,235,82,97,1,1,1
3130,4,674,38,26,38,1,1,1
3130,5,705,100,42,49,1,1,1
3131,3,724,242,83,100,1,1,1
3131,4,674,38,26,38,1,1,1
3131,5,707,101,42,49,1,1,1
3132,3,716,248,84,103,1,1,1
3132,4,674,38,26,38,1,1,1
3132,5,708,103,43,50,1,1,1
3133,3,709,255,85,107,1,1,1
3133,4,674,38,26,38,1,1,1
3133,5,708,103,43,50,1,1,1
3134,3,702,262,86,110,1,1,1
3134,4,674,38,26,38,1,1,1
3134,5,709,104,43,50,1,1,1
3135,3,694,269,87,113,1,1,1
3135,4,674,38,26,38,1,1,1
3135,5,709,105,43,50,1,1,1
3136,3,687,275,88,116,1,1,1
3136,4,674,38,26,38,1,1,1
3136,5,709,106,44,50,1,1,1
3137,3,687,275,88,116,1,1,1
3137,4,674,38,26,38,1,1,1
3137,5,709,106,44,50,1,1,1
3138,3,680,288,92,117,1,1,1
3138,4,674,38,26,38,1,1,1
3138,5,710,110,44,51,1,1,1
3139,3,673,300,96,119,1,1,1
3139,4,674,38,26,38,1,1,1
3139,5,711,114,44,51,1,1,1
3140,3,667,313,101,120,1,1,1
3140,4,673,38,26,38,1,1,1
3140,5,712,118,45,51,1,1,1
3141,3,660,325,105,121,1,1,1
3141,4,673,38,26,38,1,1,1
3141,5,713,122,45,51,1,1,1
3142,3,660,325,105,121,1,1,1
3142,4,673,38,26,38,1,1,1
3142,5,713,122,45,51,1,1,1
3143,3,656,346,109,123,1,1,1
3143,4,673,38,26,38,1,1,1
3143,5,714,123,45,52,1,1,1
3144,3,652,367,113,124,1,1,1
3144,4,673,38,26,38,1,1,1
3144,5,714,124,46,52,1,1,1
3145,3,647,388,117,125,1,1,1
3145,4,673,38,26,38,1,1,1
3145,5,715,125,46,52,1,1,1
3146,3,643,409,121,127,1,1,1
3146,4,673,38,26,38,1,1,1
3146,5,715,125,46,52,1,1,1
3147,3,643,409,121,127,1,1,1
3147,4,673,38,26,38,1,1,1
3147,5,715,125,46,52,1,1,1
3148,3,637,463,129,125,1,1,1
3148,4,673,38,26,38,1,1,1
3148,5,720,130,47,52,1,1,1
3149,3,631,518,138,124,1,1,1
3149,4,673,38,26,38,1,1,1
3149,5,726,134,48,52,1,1,1
3150,3,631,518,138,124,1,1,1
3150,4,673,38,26,38,1,1,1
3150,5,726,134,48,52,1,1,1
3150,6,644,55,28,38,1,1,1
3151,3,626,544,142,123,1,1,1
3151,4,673,38,26,38,1,1,1
3151,5,726,137,49,52,1,1,1
3151,6,648,55,29,38,1,1,1
3152,3,621,571,146,122,1,1,1
3152,4,677,39,20,39,1,1,1
3152,5,726,141,50,52,1,1,1
3152,6,651,56,30,38,1,1,1
3153,3,615,598,150,121,1,1,1
3153,5,726,145,51,52,1,1,1
3153,6,655,56,31,39,1,1,1
3154,3,615,598,150,121,1,1,1
3154,5,726,145,51,52,1,1,1
3154,6,658,57,32,39,1,1,1
3155,3,615,598,150,121,1,1,1
3155,5,730,149,48,51,1,1,1
3155,6,662,57,33,39,1,1,1
3156,3,596,637,157,81,1,1,1
3156,5,734,153,46,50,1,1,1
3156,6,665,58,34,40,1,1,1
3157,5,734,153,46,50,1,1,1
3157,6,665,58,34,40,1,1,1
3158,5,747,158,49,53,1,1,1
3158,6,670,59,36,42,1,1,1
3159,5,760,164,52,56,1,1,1
3159,6,674,59,37,44,1,1,1
3160,5,760,164,52,56,1,1,1
3160,6,674,59,37,44,1,1,1
3161,5,769,167,49,57,1,1,1
3161,6,674,61,37,44,1,1,1
3162,5,769,167,49,57,1,1,1
3162,6,674,63,37,44,1,1,1
3163,5,775,170,51,58,1,1,1
3163,6,673,64,37,44,1,1,1
3164,5,782,172,53,58,1,1,1
3164,6,673,66,37,44,1,1,1
3165,5,782,172,53,58,1,1,1
3165,6,673,66,37,44,1,1,1
3166,5,786,176,54,59,1,1,1
3166,6,671,67,37,44,1,1,1
3167,5,786,176,54,59,1,1,1
3167,6,671,67,37,44,1,1,1
3168,5,790,179,51,60,1,1,1
3168,6,669,68,38,45,1,1,1
3169,5,784,184,56,62,1,1,1
3169,6,666,68,39,46,1,1,1
3170,5,784,184,56,62,1,1,1
3170,6,666,68,39,46,1,1,1
3171,5,778,188,58,63,1,1,1
3171,6,668,69,40,47,1,1,1
3172,5,772,192,59,64,1,1,1
3172,6,669,70,42,48,1,1,1
3173,5,772,192,59,64,1,1,1
3173,6,669,70,42,48,1,1,1
3174,5,763,195,60,67,1,1,1
3174,6,673,71,41,48,1,1,1
3175,5,754,198,61,70,1,1,1
3175,6,677,72,40,48,1,1,1
3176,5,745,202,63,73,1,1,1
3176,6,681,73,39,49,1,1,1
3177,5,745,202,63,73,1,1,1
3177,6,681,73,39,49,1,1,1
3178,5,722,201,64,77,1,1,1
3178,6,687,74,46,51,1,1,1
3179,5,722,201,64,77,1,1,1
3179,6,687,74,46,51,1,1,1
3180,5,714,201,65,79,1,1,1
3180,6,695,77,46,51,1,1,1
3181,5,705,201,67,80,1,1,1
3181,6,703,80,47,51,1,1,1
3182,5,705,201,67,80,1,1,1
3182,6,703,80,47,51,1,1,1
3183,5,702,206,68,81,1,1,1
3183,6,717,83,47,51,1,1,1
3184,5,700,211,69,82,1,1,1
3184,6,732,86,47,51,1,1,1
3185,5,700,211,69,82,1,1,1
3185,6,732,86,47,51,1,1,1
3186,5,698,214,70,83,1,1,1
3186,6,739,88,45,51,1,1,1
3187,5,698,214,70,83,1,1,1
3187,6,739,88,45,51,1,1,1
3188,5,703,237,72,83,1,1,1
3188,6,753,88,42,51,1,1,1
3189,5,703,237,72,83,1,1,1
3189,6,753,88,42,51,1,1,1
3190,5,711,248,73,86,1,1,1
3190,6,757,89,45,51,1,1,1
3191,5,720,260,74,88,1,1,1
3191,6,761,91,48,51,1,1,1
3192,5,720,260,74,88,1,1,1
3192,6,761,91,48,51,1,1,1
3193,5,727,269,76,91,1,1,1
3193,6,765,95,48,52,1,1,1
3194,5,735,279,78,94,1,1,1
3194,6,769,99,48,52,1,1,1
3195,5,742,288,80,97,1,1,1
3195,6,774,103,48,52,1,1,1
3196,5,750,298,82,100,1,1,1
3196,6,778,107,48,53,1,1,1
3197,5,757,307,84,103,1,1,1
3197,6,782,111,48,53,1,1,1
3198,4,691,42,18,42,1,1,1
3198,5,757,307,84,103,1,1,1
3198,6,782,111,48,53,1,1,1
3199,4,691,44,19,41,1,1,1
3199,5,754,319,86,100,1,1,1
3199,6,781,116,48,54,1,1,1
3200,4,691,45,20,40,1,1,1
3200,5,751,330,89,98,1,1,1
3200,6,780,120,48,54,1,1,1
3201,4,691,46,21,39,1,1,1
3201,5,751,330,89,98,1,1,1
3201,6,780,120,48,54,1,1,1
3202,4,691,48,22,38,1,1,1
3202,5,744,337,91,105,1,1,1
3202,6,775,122,48,55,1,1,1
3203,4,691,49,23,38,1,1,1
3203,5,737,343,93,112,1,1,1
3203,6,770,123,48,55,1,1,1
3204,4,691,51,24,37,1,1,1
3204,5,731,350,96,120,1,1,1
3204,6,765,124,48,56,1,1,1
3205,4,691,51,24,37,1,1,1
3205,5,731,350,96,120,1,1,1
3205,6,765,124,48,56,1,1,1
3206,4,690,51,25,37,1,1,1
3206,5,710,378,99,118,1,1,1
3206,6,757,125,49,56,1,1,1
3207,4,689,51,26,37,1,1,1
3207,5,689,406,102,116,1,1,1
3207,6,749,125,51,56,1,1,1
3208,4,688,51,27,37,1,1,1
3208,5,668,434,106,114,1,1,1
3208,6,741,126,52,56,1,1,1
3209,4,687,51,28,37,1,1,1
3209,5,668,434,106,114,1,1,1
3209,6,741,126,52,56,1,1,1
3210,4,686,52,28,37,1,1,1
3210,5,653,451,110,112,1,1,1
3210,6,736,127,54,56,1,1,1
3211,4,685,52,29,37,1,1,1
3211,5,638,467,114,110,1,1,1
3211,6,731,129,56,56,1,1,1
3212,4,685,52,29,37,1,1,1
3212,5,638,467,114,110,1,1,1
3212,6,731,129,56,56,1,1,1
3213,4,684,52,29,37,1,1,1
3213,5,628,489,118,110,1,1,1
3213,6,730,134,56,57,1,1,1
3214,4,684,52,29,37,1,1,1
3214,5,617,510,123,110,1,1,1
3214,6,730,139,56,58,1,1,1
3215,4,683,52,29,37,1,1,1
3215,5,607,531,128,111,1,1,1
3215,6,729,144,56,59,1,1,1
3216,4,683,52,29,37,1,1,1
3216,5,607,531,128,111,1,1,1
3216,6,729,149,57,60,1,1,1
3217,4,682,53,29,37,1,1,1
3217,5,607,531,128,111,1,1,1
3217,6,729,154,57,61,1,1,1
3218,4,682,53,29,37,1,1,1
3218,5,607,531,128,111,1,1,1
3218,6,728,158,57,63,1,1,1
3219,4,681,53,29,37,1,1,1
3219,5,602,619,135,97,1,1,1
3219,6,728,163,57,64,1,1,1
3220,4,681,53,29,37,1,1,1
3220,6,728,163,57,64,1,1,1
3221,4,680,53,29,37,1,1,1
3221,6,729,165,57,65,1,1,1
3222,4,680,53,29,37,1,1,1
3222,6,731,167,58,66,1,1,1
3223,4,679,54,29,37,1,1,1
3223,6,732,170,58,68,1,1,1
3224,4,679,54,29,37,1,1,1
3224,6,732,170,58,68,1,1,1
3225,4,678,54,29,37,1,1,1
3225,6,732,172,58,69,1,1,1
3226,4,678,54,29,37,1,1,1
3226,6,732,174,58,70,1,1,1
3227,4,677,54,29,37,1,1,1
3227,6,732,176,58,72,1,1,1
3228,4,677,54,29,37,1,1,1
3228,6,732,176,58,72,1,1,1
3229,4,679,54,29,37,1,1,1
3229,6,727,185,61,73,1,1,1
3230,4,680,55,29,37,1,1,1
3230,6,722,195,64,75,1,1,1
3231,4,681,55,29,37,1,1,1
3231,6,717,204,67,77,1,1,1
3232,4,683,55,29,37,1,1,1
3232,6,712,214,70,79,1,1,1
3233,4,684,55,29,37,1,1,1
3233,6,707,223,72,81,1,1,1
3234,4,686,55,29,37,1,1,1
3234,6,702,233,75,82,1,1,1
3235,4,687,56,29,37,1,1,1
3235,6,702,233,75,82,1,1,1
3236,4,688,56,29,37,1,1,1
3236,6,689,244,78,84,1,1,1
3237,4,690,56,29,37,1,1,1
3237,6,676,255,81,86,1,1,1
3238,4,691,56,29,37,1,1,1
3238,6,663,266,84,88,1,1,1
3238,7,641,79,22,38,1,1,1
3239,4,692,56,29,37,1,1,1
3239,6,650,278,87,90,1,1,1
3239,7,653,79,25,41,1,1,1
3240,4,692,56,29,37,1,1,1
3240,6,650,278,87,90,1,1,1
3240,7,653,79,25,41,1,1,1
3241,4,691,57,29,37,1,1,1
3241,6,637,280,92,93,1,1,1
3241,7,655,79,28,44,1,1,1
3242,4,691,57,29,37,1,1,1
3242,6,637,280,92,93,1,1,1
3242,7,655,79,28,44,1,1,1
3243,4,693,57,29,37,1,1,1
3243,6,626,289,96,97,1,1,1
3243,7,662,80,29,44,1,1,1
3244,4,694,57,29,37,1,1,1
3244,6,615,298,101,100,1,1,1
3244,7,669,81,30,44,1,1,1
3245,4,696,57,29,37,1,1,1
3245,6,604,307,106,104,1,1,1
3245,7,676,82,30,43,1,1,1
3246,4,698,57,29,37,1,1,1
3246,6,604,307,106,104,1,1,1
3246,7,683,83,31,43,1,1,1
3247,4,700,57,29,37,1,1,1
3247,6,598,323,110,107,1,1,1
3247,7,691,84,32,43,1,1,1
3248,4,702,57,29,37,1,1,1
3248,6,592,338,114,110,1,1,1
3248,7,698,85,33,43,1,1,1
3249,4,704,57,29,37,1,1,1
3249,6,586,353,118,113,1,1,1
3249,7,698,85,33,43,1,1,1
3250,4,706,57,29,37,1,1,1
3250,6,579,368,123,117,1,1,1
3250,7,704,83,34,46,1,1,1
3251,4,706,57,29,37,1,1,1
3251,6,579,368,123,117,1,1,1
3251,7,704,83,34,46,1,1,1
3252,4,710,59,29,37,1,1,1
3252,6,577,391,128,123,1,1,1
3252,7,716,85,34,46,1,1,1
3253,4,710,59,29,37,1,1,1
3253,6,575,414,134,129,1,1,1
3253,7,716,85,34,46,1,1,1
3254,4,711,59,29,37,1,1,1
3254,6,573,436,139,135,1,1,1
3254,7,721,87,34,46,1,1,1
3255,4,712,59,29,37,1,1,1
3255,6,570,459,145,141,1,1,1
3255,7,726,88,34,46,1,1,1
3256,4,713,60,29,37,1,1,1
3256,6,570,459,145,141,1,1,1
3256,7,726,88,34,46,1,1,1
3257,4,715,60,29,37,1,1,1
3257,6,562,477,157,158,1,1,1
3257,7,728,91,36,46,1,1,1
3258,4,716,60,29,37,1,1,1
3258,6,554,496,170,175,1,1,1
3258,7,731,95,38,47,1,1,1
3259,4,717,60,29,37,1,1,1
3259,6,546,514,182,193,1,1,1
3259,7,733,98,39,47,1,1,1
3260,4,717,60,29,37,1,1,1
3260,6,546,514,182,193,1,1,1
3260,7,733,98,39,47,1,1,1
3261,4,718,60,29,37,1,1,1
3261,6,533,538,182,173,1,1,1
3261,7,732,99,38,47,1,1,1
3262,4,718,59,29,37,1,1,1
3262,6,521,561,182,154,1,1,1
3262,7,730,100,38,47,1,1,1
3263,4,719,59,29,37,1,1,1
3263,6,509,584,182,134,1,1,1
3263,7,729,101,37,47,1,1,1
3264,4,719,59,29,37,1,1,1
3264,6,509,584,182,134,1,1,1
3264,7,729,101,37,47,1,1,1
3265,4,718,59,29,37,1,1,1
3265,6,509,584,182,134,1,1,1
3265,7,726,102,38,48,1,1,1
3266,4,718,58,29,37,1,1,1
3266,6,509,584,182,134,1,1,1
3266,7,724,103,38,49,1,1,1
3267,4,718,58,29,37,1,1,1
3267,6,470,657,182,61,1,1,1
3267,7,721,105,39,50,1,1,1
3268,4,717,58,29,37,1,1,1
3268,7,719,106,40,51,1,1,1
3269,4,717,58,29,37,1,1,1
3269,7,716,107,40,52,1,1,1
3270,4,717,57,29,37,1,1,1
3270,7,713,108,41,52,1,1,1
3271,4,716,57,29,37,1,1,1
3271,7,711,109,42,53,1,1,1
3272,4,716,57,29,37,1,1,1
3272,7,708,110,43,54,1,1,1
3273,4,716,56,29,37,1,1,1
3273,7,708,110,43,54,1,1,1
3274,4,715,56,29,37,1,1,1
3274,7,706,111,43,55,1,1,1
3275,1,642,48,15,44,1,1,1
3275,4,715,56,29,37,1,1,1
3275,7,703,111,44,56,1,1,1
3276,1,642,47,19,44,1,1,1
3276,4,715,55,29,37,1,1,1
3276,7,701,111,45,57,1,1,1
3277,1,642,46,24,44,1,1,1
3277,4,715,55,29,37,1,1,1
3277,7,701,111,45,57,1,1,1
3278,1,642,46,24,44,1,1,1
3278,4,715,55,29,37,1,1,1
3278,7,700,114,45,57,1,1,1
3279,1,645,48,25,44,1,1,1
3279,4,715,55,29,37,1,1,1
3279,7,699,116,45,57,1,1,1
3280,1,648,49,27,44,1,1,1
3280,4,714,55,29,37,1,1,1
3280,7,699,119,46,57,1,1,1
3281,1,651,51,29,44,1,1,1
3281,4,714,55,29,37,1,1,1
3281,7,698,122,46,57,1,1,1
3282,1,654,52,31,44,1,1,1
3282,4,714,55,29,37,1,1,1
3282,7,697,124,46,57,1,1,1
3283,1,657,54,33,44,1,1,1
3283,4,714,55,29,37,1,1,1
3283,7,697,127,46,57,1,1,1
3284,1,660,55,35,44,1,1,1
3284,4,714,55,29,37,1,1,1
3284,7,696,129,46,58,1,1,1
3285,1,663,57,37,44,1,1,1
3285,4,714,55,29,37,1,1,1
3285,7,695,132,47,58,1,1,1
3286,1,666,58,38,45,1,1,1
3286,4,714,55,29,37,1,1,1
3286,7,694,135,47,58,1,1,1
3287,1,666,58,38,45,1,1,1
3287,4,714,55,29,37,1,1,1
3287,7,694,135,47,58,1,1,1
3288,1,676,61,39,45,1,1,1
3288,4,714,55,29,37,1,1,1
3288,7,694,136,48,59,1,1,1
3289,1,687,64,39,45,1,1,1
3289,4,714,55,29,37,1,1,1
3289,7,694,138,49,61,1,1,1
3290,1,687,64,39,45,1,1,1
3290,4,714,55,29,37,1,1,1
3290,7,693,140,50,62,1,1,1
3291,1,693,65,39,45,1,1,1
3291,4,712,54,29,37,1,1,1
3291,7,693,140,50,62,1,1,1
3292,1,699,66,40,45,1,1,1
3292,7,691,141,50,64,1,1,1
3293,1,705,68,40,45,1,1,1
3293,7,688,143,51,65,1,1,1
3294,1,711,69,40,45,1,1,1
3294,7,685,145,52,67,1,1,1
3295,1,711,69,40,45,1,1,1
3295,7,685,145,52,67,1,1,1
3296,1,714,71,41,46,1,1,1
3296,7,684,150,52,67,1,1,1
3297,1,714,71,41,46,1,1,1
3297,7,684,150,52,67,1,1,1
3298,1,719,75,41,47,1,1,1
3298,7,677,156,53,68,1,1,1
3299,1,724,78,41,48,1,1,1
3299,7,670,163,53,68,1,1,1
3300,1,724,78,41,48,1,1,1
3300,4,713,52,29,37,1,1,1
3300,7,670,163,53,68,1,1,1
3301,1,723,81,41,48,1,1,1
3301,4,713,52,29,36,1,1,1
3301,7,663,164,55,71,1,1,1
3302,1,723,84,41,49,1,1,1
3302,4,713,52,29,35,1,1,1
3302,7,656,164,57,74,1,1,1
3303,1,723,87,42,50,1,1,1
3303,4,713,52,29,35,1,1,1
3303,7,649,165,60,76,1,1,1
3304,1,723,87,42,50,1,1,1
3304,4,713,53,29,34,1,1,1
3304,7,649,165,60,76,1,1,1
3305,1,721,87,42,51,1,1,1
3305,4,713,53,29,33,1,1,1
3305,7,644,166,60,75,1,1,1
3306,1,720,88,43,51,1,1,1
3306,4,712,53,29,33,1,1,1
3306,7,639,168,60,75,1,1,1
3307,1,718,88,43,52,1,1,1
3307,4,712,53,29,32,1,1,1
3307,7,634,169,60,74,1,1,1
3308,1,717,89,44,53,1,1,1
3308,4,712,53,29,31,1,1,1
3308,7,629,170,61,73,1,1,1
3309,1,715,89,44,53,1,1,1
3309,4,712,54,29,30,1,1,1
3309,7,624,171,61,72,1,1,1
3310,1,714,89,45,54,1,1,1
3310,4,712,54,29,30,1,1,1
3310,7,619,172,61,71,1,1,1
3311,1,714,89,45,54,1,1,1
3311,4,712,54,29,30,1,1,1
3311,7,619,172,61,71,1,1,1
3312,1,713,91,45,55,1,1,1
3312,4,712,54,29,31,1,1,1
3312,7,616,176,63,73,1,1,1
3313,1,712,93,46,55,1,1,1
3313,4,712,54,29,32,1,1,1
3313,7,612,180,65,74,1,1,1
3314,1,712,95,47,56,1,1,1
3314,4,711,54,29,33,1,1,1
3314,7,609,184,66,76,1,1,1
3315,1,711,97,47,57,1,1,1
3315,4,711,55,29,34,1,1,1
3315,7,606,188,68,78,1,1,1
3316,1,711,97,47,57,1,1,1
3316,4,711,55,29,35,1,1,1
3316,7,606,188,68,78,1,1,1
3317,1,713,102,48,57,1,1,1
3317,4,711,55,29,36,1,1,1
3317,7,604,192,71,85,1,1,1
3318,1,716,107,49,58,1,1,1
3318,4,711,55,29,37,1,1,1
3318,7,602,196,74,93,1,1,1
3319,1,716,107,49,58,1,1,1
3319,4,711,55,29,37,1,1,1
3319,7,602,196,74,93,1,1,1
3320,1,719,111,49,59,1,1,1
3320,4,711,57,30,37,1,1,1
3320,7,604,205,74,92,1,1,1
3321,1,722,114,50,60,1,1,1
3321,4,712,59,30,37,1,1,1
3321,7,605,214,75,91,1,1,1
3322,1,725,117,51,61,1,1,1
3322,4,713,61,30,36,1,1,1
3322,7,606,223,75,90,1,1,1
3323,1,727,120,52,61,1,1,1
3323,4,713,63,31,36,1,1,1
3323,7,606,223,75,90,1,1,1
3324,1,730,123,52,62,1,1,1
3324,4,714,65,31,36,1,1,1
3324,7,608,229,76,93,1,1,1
3325,1,733,126,53,63,1,1,1
3325,4,714,67,31,36,1,1,1
3325,7,610,234,76,96,1,1,1
3326,1,733,126,53,63,1,1,1
3326,4,714,67,31,36,1,1,1
3326,7,610,234,76,96,1,1,1
3327,1,743,131,54,61,1,1,1
3327,4,716,68,32,36,1,1,1
3327,7,608,242,78,98,1,1,1
3328,1,743,131,54,61,1,1,1
3328,4,718,68,32,35,1,1,1
3328,7,607,251,80,99,1,1,1
3329,1,743,135,55,60,1,1,1
3329,4,720,69,32,35,1,1,1
3329,7,606,259,82,100,1,1,1
3330,1,743,140,56,59,1,1,1
3330,4,722,70,33,35,1,1,1
3330,7,604,267,84,101,1,1,1
3331,1,743,140,56,59,1,1,1
3331,4,724,71,33,35,1,1,1
3331,7,604,267,84,101,1,1,1
3332,1,742,143,57,63,1,1,1
3332,4,726,72,33,35,1,1,1
3332,7,600,280,86,109,1,1,1
3333,1,741,147,58,66,1,1,1
3333,4,728,73,34,35,1,1,1
3333,7,596,294,89,117,1,1,1
3334,1,740,151,58,69,1,1,1
3334,4,730,73,34,34,1,1,1
3334,7,591,308,91,126,1,1,1
3335,1,740,151,58,69,1,1,1
3335,4,730,73,34,34,1,1,1
3335,7,591,308,91,126,1,1,1
3336,1,737,155,60,71,1,1,1
3336,4,731,73,34,35,1,1,1
3336,7,584,320,94,129,1,1,1
3337,1,735,158,62,72,1,1,1
3337,4,731,73,34,36,1,1,1
3337,7,577,332,97,133,1,1,1
3338,1,732,162,64,74,1,1,1
3338,4,732,73,34,37,1,1,1
3338,7,569,344,101,137,1,1,1
3338,8,640,48,20,36,1,1,1
3339,1,732,162,64,74,1,1,1
3339,4,732,73,34,37,1,1,1
3339,7,569,344,101,137,1,1,1
3339,8,640,48,21,36,1,1,1
3340,1,726,166,66,75,1,1,1
3340,4,731,76,34,38,1,1,1
3340,7,562,359,104,141,1,1,1
3340,8,641,49,23,37,1,1,1
3341,1,721,170,67,77,1,1,1
3341,4,730,79,34,38,1,1,1
3341,7,554,375,107,145,1,1,1
3341,8,642,50,24,37,1,1,1
3342,1,715,174,69,78,1,1,1
3342,4,729,82,34,39,1,1,1
3342,7,547,390,111,149,1,1,1
3342,8,643,51,26,38,1,1,1
3343,1,715,174,69,78,1,1,1
3343,4,729,82,34,39,1,1,1
3343,7,547,390,111,149,1,1,1
3343,8,643,51,26,38,1,1,1
3344,1,709,176,71,79,1,1,1
3344,4,727,81,34,40,1,1,1
3344,7,534,430,115,155,1,1,1
3344,8,645,52,27,38,1,1,1
3345,1,703,178,72,81,1,1,1
3345,4,725,81,34,41,1,1,1
3345,7,534,430,115,155,1,1,1
3345,8,648,53,28,38,1,1,1
3346,1,696,180,74,82,1,1,1
3346,4,724,80,34,41,1,1,1
3346,7,527,442,120,161,1,1,1
3346,8,650,53,28,38,1,1,1
3347,1,690,182,75,83,1,1,1
3347,4,722,80,34,42,1,1,1
3347,7,527,442,120,161,1,1,1
3347,8,650,53,28,38,1,1,1
3348,1,684,184,77,85,1,1,1
3348,4,720,80,34,43,1,1,1
3348,7,522,498,125,166,1,1,1
3348,8,654,57,28,38,1,1,1
3349,1,678,186,78,86,1,1,1
3349,4,720,80,34,43,1,1,1
3349,7,522,498,125,166,1,1,1
3349,8,654,57,28,38,1,1,1
3350,1,671,188,80,87,1,1,1
3350,4,720,81,34,44,1,1,1
3350,7,515,535,130,172,1,1,1
3350,8,655,58,29,38,1,1,1
3351,1,671,188,80,87,1,1,1
3351,4,720,81,34,44,1,1,1
3351,7,515,535,130,172,1,1,1
3351,8,657,59,29,38,1,1,1
3352,1,667,196,79,87,1,1,1
3352,4,720,82,34,44,1,1,1
3352,7,515,535,130,172,1,1,1
3352,8,658,60,29,38,1,1,1
3353,1,662,204,79,86,1,1,1
3353,4,720,84,35,44,1,1,1
3353,7,515,535,130,172,1,1,1
3353,8,660,62,30,38,1,1,1
3354,1,658,212,78,85,1,1,1
3354,4,719,86,35,44,1,1,1
3354,7,513,633,144,85,1,1,1
3354,8,661,63,30,38,1,1,1
3355,1,653,221,78,85,1,1,1
3355,4,719,88,35,44,1,1,1
3355,8,663,64,31,38,1,1,1
3356,1,648,229,77,84,1,1,1
3356,4,719,90,36,44,1,1,1
3356,8,664,65,31,38,1,1,1
3357,1,648,229,77,84,1,1,1
3357,4,719,90,36,44,1,1,1
3357,8,666,66,31,38,1,1,1
3358,1,647,235,80,98,1,1,1
3358,4,721,92,36,44,1,1,1
3358,8,667,67,32,38,1,1,1
3359,1,639,261,86,101,1,1,1
3359,4,724,94,36,44,1,1,1
3359,8,669,68,32,38,1,1,1
3360,1,639,261,86,101,1,1,1
3360,4,726,96,37,44,1,1,1
3360,8,670,69,32,38,1,1,1
3361,1,639,263,92,104,1,1,1
3361,4,729,98,37,44,1,1,1
3361,8,672,70,33,38,1,1,1
3362,1,639,263,92,104,1,1,1
3362,4,731,100,38,44,1,1,1
3362,8,673,71,33,38,1,1,1
3363,1,638,269,96,117,1,1,1
3363,4,731,100,38,44,1,1,1
3363,8,673,71,33,38,1,1,1
3364,1,636,285,98,114,1,1,1
3364,4,732,100,39,45,1,1,1
3364,8,676,72,33,38,1,1,1
3365,1,634,300,100,111,1,1,1
3365,4,734,101,39,47,1,1,1
3365,8,679,72,33,38,1,1,1
3366,1,634,300,100,111,1,1,1
3366,4,735,102,40,48,1,1,1
3366,8,682,73,33,38,1,1,1
3367,1,627,315,108,119,1,1,1
3367,4,736,103,41,49,1,1,1
3367,8,685,73,33,38,1,1,1
3368,1,619,330,116,127,1,1,1
3368,4,737,103,42,51,1,1,1
3368,8,688,73,33,38,1,1,1
3369,1,619,330,116,127,1,1,1
3369,4,737,103,42,51,1,1,1
3369,8,688,73,33,38,1,1,1
3370,1,612,345,116,131,1,1,1
3370,4,738,107,40,50,1,1,1
3370,8,691,76,33,37,1,1,1
3371,1,605,360,117,135,1,1,1
3371,4,739,110,38,49,1,1,1
3371,8,693,79,33,35,1,1,1
3372,1,605,360,117,135,1,1,1
3372,4,739,110,38,49,1,1,1
3372,8,693,79,33,35,1,1,1
3373,1,580,396,126,145,1,1,1
3373,4,733,113,40,53,1,1,1
3373,8,696,82,33,37,1,1,1
3374,1,555,431,136,156,1,1,1
3374,4,726,117,42,57,1,1,1
3374,8,698,85,33,38,1,1,1
3375,1,555,431,136,156,1,1,1
3375,4,726,117,42,57,1,1,1
3375,8,698,85,33,38,1,1,1
3376,1,548,461,138,144,1,1,1
3376,4,724,117,43,57,1,1,1
3376,8,698,85,34,38,1,1,1
3377,1,548,461,138,144,1,1,1
3377,4,722,118,44,57,1,1,1
3377,8,698,85,34,38,1,1,1
3378,1,507,522,139,133,1,1,1
3378,4,719,119,44,56,1,1,1
3378,8,698,85,34,38,1,1,1
3379,1,507,522,139,133,1,1,1
3379,4,717,120,45,56,1,1,1
3379,8,698,85,35,38,1,1,1
3380,1,483,545,141,145,1,1,1
3380,4,715,121,45,56,1,1,1
3380,8,698,85,35,38,1,1,1
3381,1,460,579,146,129,1,1,1
3381,4,712,121,46,55,1,1,1
3381,8,698,85,36,38,1,1,1
3382,1,460,579,146,129,1,1,1
3382,4,712,121,46,55,1,1,1
3382,8,698,86,36,38,1,1,1
3383,1,433,611,151,106,1,1,1
3383,4,711,124,46,57,1,1,1
3383,8,698,86,36,38,1,1,1
3384,1,412,635,156,83,1,1,1
3384,4,710,127,47,58,1,1,1
3384,8,698,87,36,39,1,1,1
3385,4,709,129,48,60,1,1,1
3385,8,698,88,37,39,1,1,1
3386,4,707,132,48,61,1,1,1
3386,8,698,89,37,39,1,1,1
3387,4,707,132,48,61,1,1,1
3387,8,698,90,38,39,1,1,1
3388,4,707,137,49,63,1,1,1
3388,8,698,91,38,39,1,1,1
3389,4,707,141,50,64,1,1,1
3389,8,698,92,38,39,1,1,1
3390,4,707,146,50,65,1,1,1
3390,8,698,93,39,39,1,1,1
3391,4,707,151,51,67,1,1,1
3391,8,698,94,39,39,1,1,1
3392,4,707,151,51,67,1,1,1
3392,8,698,94,39,39,1,1,1
3393,4,707,155,52,69,1,1,1
3393,8,701,95,40,40,1,1,1
3394,4,708,158,53,71,1,1,1
3394,8,703,97,40,41,1,1,1
3395,4,708,162,54,73,1,1,1
3395,8,706,98,40,42,1,1,1
3396,4,708,162,54,73,1,1,1
3396,8,706,98,40,42,1,1,1
3397,4,706,166,55,75,1,1,1
3397,8,711,99,41,43,1,1,1
3398,4,704,170,56,77,1,1,1
3398,8,716,100,41,44,1,1,1
3399,4,702,173,57,78,1,1,1
3399,8,721,101,41,45,1,1,1
3400,4,701,177,58,80,1,1,1
3400,8,727,102,42,46,1,1,1
3401,4,701,177,58,80,1,1,1
3401,8,727,102,42,46,1,1,1
3402,4,693,187,60,83,1,1,1
3402,8,736,105,42,47,1,1,1
3403,4,685,197,63,85,1,1,1
3403,8,745,108,43,48,1,1,1
3404,4,685,197,63,85,1,1,1
3404,8,745,108,43,48,1,1,1
3405,4,676,206,65,87,1,1,1
3405,8,752,108,43,50,1,1,1
3406,4,675,204,67,89,1,1,1
3406,8,752,108,43,50,1,1,1
3407,4,670,210,69,91,1,1,1
3407,8,758,110,44,51,1,1,1
3408,4,665,215,71,93,1,1,1
3408,8,764,111,44,52,1,1,1
3409,4,660,220,73,95,1,1,1
3409,8,764,111,44,52,1,1,1
3410,4,655,225,75,97,1,1,1
3410,8,767,111,45,54,1,1,1
3411,4,650,231,77,99,1,1,1
3411,8,769,111,45,55,1,1,1
3412,4,650,231,77,99,1,1,1
3412,8,769,111,45,55,1,1,1
3413,4,648,242,79,101,1,1,1
3413,8,770,111,44,55,1,1,1
3414,4,646,253,81,103,1,1,1
3414,8,771,111,44,55,1,1,1
3415,4,644,265,82,104,1,1,1
3415,8,772,111,43,55,1,1,1
3416,4,641,276,84,106,1,1,1
3416,8,773,111,42,55,1,1,1
3417,4,639,287,86,108,1,1,1
3417,8,774,111,41,55,1,1,1
3418,4,637,299,88,109,1,1,1
3418,8,775,111,41,55,1,1,1
3419,4,635,310,90,111,1,1,1
3419,8,775,111,41,55,1,1,1
3420,4,633,322,91,113,1,1,1
3420,8,773,111,40,55,1,1,1
3421,4,631,333,93,114,1,1,1
3421,8,772,111,39,55,1,1,1
3422,4,631,333,93,114,1,1,1
3422,8,771,111,38,55,1,1,1
3423,4,625,348,99,128,1,1,1
3423,8,769,111,38,55,1,1,1
3424,4,619,364,104,142,1,1,1
3424,8,768,111,37,55,1,1,1
3425,4,619,364,104,142,1,1,1
3425,8,767,111,36,55,1,1,1
3426,4,611,384,112,140,1,1,1
3426,8,765,111,36,55,1,1,1
3427,4,611,384,112,140,1,1,1
3427,8,765,111,36,55,1,1,1
3428,4,594,431,114,146,1,1,1
3428,8,766,112,35,55,1,1,1
3429,4,594,431,114,146,1,1,1
3429,8,766,113,35,55,1,1,1
3430,4,577,477,117,135,1,1,1
3430,8,766,113,34,54,1,1,1
3431,4,577,477,117,135,1,1,1
3431,8,766,114,34,54,1,1,1
3432,4,556,519,123,129,1,1,1
3432,8,766,115,33,54,1,1,1
3433,4,535,560,130,122,1,1,1
3433,8,767,116,33,54,1,1,1
3434,4,514,602,136,116,1,1,1
3434,8,767,116,33,54,1,1,1
3435,4,514,602,136,116,1,1,1
3435,8,767,116,33,54,1,1,1
3436,4,514,602,136,116,1,1,1
3436,8,764,117,32,54,1,1,1
3437,4,508,621,132,97,1,1,1
3437,8,762,117,32,54,1,1,1
3438,8,759,118,31,54,1,1,1
3439,8,756,118,31,54,1,1,1
3440,8,754,119,30,54,1,1,1
3441,8,751,119,30,54,1,1,1
3442,8,749,119,30,53,1,1,1
3443,8,749,119,30,53,1,1,1
3444,8,744,120,31,53,1,1,1
3445,8,740,121,32,53,1,1,1
3446,8,736,122,33,53,1,1,1
3447,8,731,123,34,53,1,1,1
3448,8,727,123,36,52,1,1,1
3449,8,722,124,37,52,1,1,1
3450,8,722,124,37,52,1,1,1
3451,8,719,125,39,52,1,1,1
3452,8,719,125,39,52,1,1,1
3453,8,719,127,40,52,1,1,1
3454,8,718,128,41,53,1,1,1
3455,8,717,130,43,53,1,1,1
3456,8,716,131,44,53,1,1,1
3457,8,715,132,45,54,1,1,1
3458,8,715,134,46,54,1,1,1
3459,8,714,135,48,55,1,1,1
3460,8,714,135,48,55,1,1,1
3461,8,714,138,48,55,1,1,1
3462,8,714,141,49,56,1,1,1
3463,8,714,144,50,57,1,1,1
3464,8,714,146,51,58,1,1,1
3465,8,714,149,52,58,1,1,1
3466,8,714,152,52,59,1,1,1
3467,8,715,155,53,60,1,1,1
3468,8,715,155,53,60,1,1,1
3469,8,717,157,54,60,1,1,1
3470,8,719,159,55,61,1,1,1
3471,8,721,161,56,62,1,1,1
3472,8,724,164,56,63,1,1,1
3473,8,726,166,57,63,1,1,1
3474,8,728,168,58,64,1,1,1
3475,8,731,170,59,65,1,1,1
3476,8,733,172,60,66,1,1,1
3477,8,733,172,60,66,1,1,1
3478,8,730,179,61,67,1,1,1
3479,8,728,185,63,69,1,1,1
3480,8,725,191,65,71,1,1,1
3481,8,722,197,67,73,1,1,1
3482,8,720,204,69,74,1,1,1
3483,8,717,210,70,76,1,1,1
3484,8,717,210,70,76,1,1,1
3485,8,712,216,72,78,1,1,1
3486,8,707,222,74,80,1,1,1
3487,8,702,229,76,82,1,1,1
3488,8,697,235,78,83,1,1,1
3489,8,692,241,80,85,1,1,1
3490,8,687,247,81,87,1,1,1
3491,8,687,247,81,87,1,1,1
3492,8,686,263,83,86,1,1,1
3493,8,685,279,85,84,1,1,1
3494,8,685,279,85,84,1,1,1
3495,8,684,294,85,89,1,1,1
3496,8,684,294,85,89,1,1,1
3497,8,683,322,90,98,1,1,1
3498,8,683,322,90,98,1,1,1
3499,8,685,347,90,95,1,1,1
3500,8,687,372,91,93,1,1,1
3501,8,687,372,91,93,1,1,1
3502,8,688,397,97,98,1,1,1
3503,8,690,422,103,102,1,1,1
3504,8,690,422,103,102,1,1,1
3505,8,692,444,106,104,1,1,1
3506,8,694,465,109,106,1,1,1
3507,8,694,465,109,106,1,1,1
3508,8,696,506,121,115,1,1,1
3509,8,696,506,121,115,1,1,1
3510,8,696,506,121,115,1,1,1
3511,8,696,506,121,115,1,1,1
3512,8,696,506,121,115,1,1,1
3513,8,696,506,121,115,1,1,1
3514,8,685,638,138,80,1,1,1