1816,1,690,141,31,53,0.7116285562515259,-1,-1,-1,-1
1817,1,690,141,31,53,0.711555004119873,-1,-1,-1,-1
1818,1,688,140,31,52,0.7195580005645752,-1,-1,-1,-1
1819,1,683,136,31,52,0.7649816274642944,-1,-1,-1,-1
1820,1,681,131,33,55,0.7812382578849792,-1,-1,-1,-1
1821,1,682,126,34,56,0.7878891229629517,-1,-1,-1,-1
1822,1,682,124,35,57,0.7880486249923706,-1,-1,-1,-1
1823,1,683,122,36,58,0.7979723811149597,-1,-1,-1,-1
1824,1,685,118,38,60,0.7992958426475525,-1,-1,-1,-1
1825,1,688,116,39,60,0.803952693939209,-1,-1,-1,-1
1826,1,694,112,40,62,0.8169207572937012,-1,-1,-1,-1
1827,1,696,111,41,62,0.8160688281059265,-1,-1,-1,-1
1828,1,699,109,42,63,0.8096839785575867,-1,-1,-1,-1
1829,1,706,107,43,63,0.8116894364356995,-1,-1,-1,-1
1830,1,712,105,42,61,0.8187300562858582,-1,-1,-1,-1
1831,1,719,96,43,64,0.811467707157135,-1,-1,-1,-1
1832,1,721,92,45,65,0.8106349110603333,-1,-1,-1,-1
1833,1,724,88,45,66,0.8211612701416016,-1,-1,-1,-1
1834,1,728,85,44,64,0.8240708708763123,-1,-1,-1,-1
1835,1,731,82,43,64,0.8254424333572388,-1,-1,-1,-1
1836,1,733,81,43,62,0.8238426446914673,-1,-1,-1,-1
1837,1,734,81,42,61,0.8231658339500427,-1,-1,-1,-1
1838,1,735,81,42,60,0.8166261315345764,-1,-1,-1,-1
1839,1,737,81,40,58,0.809022068977356,-1,-1,-1,-1
1840,1,738,81,39,56,0.8133068084716797,-1,-1,-1,-1
1841,1,738,80,40,56,0.8189905881881714,-1,-1,-1,-1
1842,1,739,80,39,55,0.818423867225647,-1,-1,-1,-1
1843,1,739,80,39,55,0.8304764628410339,-1,-1,-1,-1
1844,1,739,78,41,57,0.8023802638053894,-1,-1,-1,-1
1845,1,740,78,41,57,0.812688410282135,-1,-1,-1,-1
1846,1,743,79,41,56,0.8062452077865601,-1,-1,-1,-1
1847,1,743,79,42,57,0.8070945143699646,-1,-1,-1,-1
1848,1,746,82,39,54,0.8155491352081299,-1,-1,-1,-1
1849,1,748,81,41,56,0.8315641283988953,-1,-1,-1,-1
1850,1,749,81,42,57,0.8032240271568298,-1,-1,-1,-1
1851,1,751,81,42,57,0.7798741459846497,-1,-1,-1,-1
1852,1,751,81,42,57,0.7745605707168579,-1,-1,-1,-1
1853,1,751,80,43,58,0.7941563129425049,-1,-1,-1,-1
1854,1,752,82,41,56,0.808479368686676,-1,-1,-1,-1
1855,1,753,84,40,53,0.8150590658187866,-1,-1,-1,-1
1856,1,753,86,39,51,0.8126307129859924,-1,-1,-1,-1
1857,1,753,87,39,50,0.8127596974372864,-1,-1,-1,-1
1858,1,753,88,38,50,0.8152491450309753,-1,-1,-1,-1
1859,1,752,87,39,51,0.8196448683738708,-1,-1,-1,-1
1860,1,751,86,40,52,0.8202850222587585,-1,-1,-1,-1
1861,1,749,83,41,54,0.815372109413147,-1,-1,-1,-1
1862,1,748,82,42,55,0.8146612048149109,-1,-1,-1,-1
1863,1,747,82,42,54,0.8144987225532532,-1,-1,-1,-1
1864,1,746,82,41,53,0.8158958554267883,-1,-1,-1,-1
1865,1,745,82,40,51,0.8197329044342041,-1,-1,-1,-1
1866,1,743,81,39,50,0.8088403940200806,-1,-1,-1,-1
1867,1,742,80,39,50,0.8091416954994202,-1,-1,-1,-1
1868,1,741,80,40,50,0.7989681363105774,-1,-1,-1,-1
1869,1,739,77,41,52,0.8111740350723267,-1,-1,-1,-1
1870,1,738,76,42,53,0.8245898485183716,-1,-1,-1,-1
1871,1,736,74,44,55,0.8222455978393555,-1,-1,-1,-1
1872,1,736,74,43,56,0.8220846056938171,-1,-1,-1,-1
1873,1,736,74,43,56,0.8226058483123779,-1,-1,-1,-1
1874,1,736,76,42,54,0.823563814163208,-1,-1,-1,-1
1875,1,736,78,41,53,0.8223138451576233,-1,-1,-1,-1
1876,1,736,79,41,52,0.823041558265686,-1,-1,-1,-1
1877,1,737,80,39,51,0.8232302665710449,-1,-1,-1,-1
1878,1,737,80,39,51,0.8259916305541992,-1,-1,-1,-1
1879,1,736,80,41,51,0.8237284421920776,-1,-1,-1,-1
1880,1,737,80,40,51,0.8180798292160034,-1,-1,-1,-1
1881,1,737,80,41,51,0.8063311576843262,-1,-1,-1,-1
1882,1,737,80,41,51,0.8058762550354004,-1,-1,-1,-1
1883,1,737,80,42,52,0.8087536692619324,-1,-1,-1,-1
1884,1,738,79,42,53,0.7939676642417908,-1,-1,-1,-1
1885,1,738,79,42,54,0.8083111047744751,-1,-1,-1,-1
1886,1,738,78,43,54,0.8080903887748718,-1,-1,-1,-1
1887,1,738,78,44,54,0.8085173964500427,-1,-1,-1,-1
1888,1,738,77,44,55,0.8006492257118225,-1,-1,-1,-1
1889,1,738,77,44,55,0.7998782396316528,-1,-1,-1,-1
1890,1,738,77,44,55,0.8120223879814148,-1,-1,-1,-1
1891,1,739,77,43,55,0.8046783804893494,-1,-1,-1,-1
1892,1,739,77,43,55,0.8044838309288025,-1,-1,-1,-1
1893,1,739,77,42,55,0.8015930652618408,-1,-1,-1,-1
1894,1,739,78,42,54,0.8046764731407166,-1,-1,-1,-1
1895,1,739,78,42,54,0.8025882840156555,-1,-1,-1,-1
1896,1,739,77,42,54,0.7858063578605652,-1,-1,-1,-1
1897,1,738,77,43,54,0.7856429815292358,-1,-1,-1,-1
1898,1,739,77,42,54,0.788009762763977,-1,-1,-1,-1
1899,1,739,78,42,53,0.8158727884292603,-1,-1,-1,-1
1900,1,740,79,41,53,0.7854413390159607,-1,-1,-1,-1
1901,1,742,81,40,52,0.7895876169204712,-1,-1,-1,-1
1902,1,743,82,40,51,0.7902226448059082,-1,-1,-1,-1
1904,1,746,84,40,50,0.7902666926383972,-1,-1,-1,-1
1905,1,747,85,41,51,0.8173078298568726,-1,-1,-1,-1
1906,1,749,85,40,50,0.8039830327033997,-1,-1,-1,-1
1907,1,749,85,41,50,0.8056249618530273,-1,-1,-1,-1
1908,1,749,85,41,50,0.8082159757614136,-1,-1,-1,-1
1909,1,749,82,41,52,0.8207070231437683,-1,-1,-1,-1
1910,1,748,80,42,53,0.8253755569458008,-1,-1,-1,-1
1911,1,747,79,43,53,0.8235390186309814,-1,-1,-1,-1
1912,1,746,78,43,54,0.8234697580337524,-1,-1,-1,-1
1913,1,746,80,42,52,0.8187087178230286,-1,-1,-1,-1
1914,1,745,80,42,51,0.8214864730834961,-1,-1,-1,-1
1915,1,744,79,42,52,0.8231679797172546,-1,-1,-1,-1
1916,1,742,77,44,54,0.8168625235557556,-1,-1,-1,-1
1917,1,741,76,44,55,0.816895604133606,-1,-1,-1,-1
1918,1,740,76,45,55,0.8146210312843323,-1,-1,-1,-1
1919,1,739,76,43,54,0.8174440264701843,-1,-1,-1,-1
1920,1,738,76,43,53,0.8214122653007507,-1,-1,-1,-1
1921,1,737,75,43,54,0.8329223394393921,-1,-1,-1,-1
1922,1,737,75,43,54,0.8331921100616455,-1,-1,-1,-1
1923,1,736,75,43,54,0.8316301107406616,-1,-1,-1,-1
1924,1,735,74,44,55,0.8281538486480713,-1,-1,-1,-1
1925,1,735,74,43,55,0.8266375064849854,-1,-1,-1,-1
1926,1,734,74,44,55,0.8347299695014954,-1,-1,-1,-1
1927,1,734,75,43,54,0.8401839137077332,-1,-1,-1,-1
1928,1,734,75,43,54,0.8277005553245544,-1,-1,-1,-1
1929,1,733,75,43,54,0.8356127738952637,-1,-1,-1,-1
1930,1,733,75,43,53,0.8369413614273071,-1,-1,-1,-1
1931,1,732,75,43,53,0.839585542678833,-1,-1,-1,-1
1932,1,732,75,43,53,0.8386581540107727,-1,-1,-1,-1
1932,2,623,219,30,71,0.5573364496231079,-1,-1,-1,-1
1933,1,732,75,43,53,0.8398712277412415,-1,-1,-1,-1
1933,2,625,225,27,65,0.6428120732307434,-1,-1,-1,-1
1934,1,732,75,42,53,0.8389751315116882,-1,-1,-1,-1
1934,2,627,221,31,73,0.7041054368019104,-1,-1,-1,-1
1935,1,732,76,42,52,0.8377844095230103,-1,-1,-1,-1
1935,2,627,219,33,77,0.7300589680671692,-1,-1,-1,-1
1936,1,732,76,42,52,0.8388124108314514,-1,-1,-1,-1
1936,2,631,222,33,78,0.7734297513961792,-1,-1,-1,-1
1937,1,732,76,42,51,0.8385074734687805,-1,-1,-1,-1
1937,2,632,223,34,78,0.7730244994163513,-1,-1,-1,-1
1938,1,732,76,42,51,0.8374302983283997,-1,-1,-1,-1
1938,2,633,224,36,80,0.7897299528121948,-1,-1,-1,-1
1939,1,732,75,42,53,0.8389729857444763,-1,-1,-1,-1
1939,2,634,225,40,85,0.8090731501579285,-1,-1,-1,-1
1940,1,732,75,42,52,0.8364633917808533,-1,-1,-1,-1
1940,2,637,227,41,87,0.8199591040611267,-1,-1,-1,-1
1941,1,731,75,43,53,0.8373902440071106,-1,-1,-1,-1
1941,2,639,231,44,89,0.8267607688903809,-1,-1,-1,-1
1942,1,731,75,43,53,0.8394672274589539,-1,-1,-1,-1
1942,2,639,232,46,90,0.8264216780662537,-1,-1,-1,-1
1943,1,731,75,43,53,0.8406540155410767,-1,-1,-1,-1
1943,2,639,236,48,89,0.8186239004135132,-1,-1,-1,-1
1944,1,731,75,43,53,0.8416973352432251,-1,-1,-1,-1
1944,2,639,239,50,93,0.8281725645065308,-1,-1,-1,-1
1945,1,731,75,43,53,0.840399980545044,-1,-1,-1,-1
1945,2,639,243,52,94,0.8268612027168274,-1,-1,-1,-1
1946,1,732,76,42,52,0.8339995741844177,-1,-1,-1,-1
1946,2,639,250,55,93,0.831527054309845,-1,-1,-1,-1
1947,1,732,76,42,52,0.8341303467750549,-1,-1,-1,-1
1947,2,639,253,56,93,0.8314740061759949,-1,-1,-1,-1
1948,1,732,76,42,52,0.8338825106620789,-1,-1,-1,-1
1948,2,638,255,59,94,0.8292760848999023,-1,-1,-1,-1
1949,1,732,76,42,52,0.8316441178321838,-1,-1,-1,-1
1949,2,639,259,61,95,0.8615908622741699,-1,-1,-1,-1
1950,1,732,77,42,51,0.830279529094696,-1,-1,-1,-1
1950,2,639,260,63,97,0.8459218740463257,-1,-1,-1,-1
1951,1,732,77,42,51,0.8284478783607483,-1,-1,-1,-1
1951,2,640,265,64,97,0.8357726335525513,-1,-1,-1,-1
1952,1,732,77,42,51,0.8284586668014526,-1,-1,-1,-1
1952,2,640,267,65,96,0.835808277130127,-1,-1,-1,-1
1953,1,732,77,42,51,0.8277559280395508,-1,-1,-1,-1
1953,2,641,269,66,96,0.8443964719772339,-1,-1,-1,-1
1954,1,732,77,42,52,0.8206336498260498,-1,-1,-1,-1
1954,2,641,272,67,95,0.862786591053009,-1,-1,-1,-1
1955,1,732,77,43,52,0.8169450163841248,-1,-1,-1,-1
1955,2,640,272,69,96,0.8598317503929138,-1,-1,-1,-1
1956,1,733,77,42,52,0.8226889371871948,-1,-1,-1,-1
1956,2,640,273,70,96,0.8603132367134094,-1,-1,-1,-1
1957,1,733,77,42,52,0.8219316601753235,-1,-1,-1,-1
1957,2,640,273,71,96,0.8600673079490662,-1,-1,-1,-1
1958,1,733,78,42,51,0.8198372721672058,-1,-1,-1,-1
1958,2,640,273,71,96,0.8602871298789978,-1,-1,-1,-1
1959,1,733,78,43,51,0.8339166045188904,-1,-1,-1,-1
1959,2,640,274,73,96,0.858534038066864,-1,-1,-1,-1
1960,1,734,78,42,52,0.8258955478668213,-1,-1,-1,-1
1960,2,641,275,73,95,0.8594046831130981,-1,-1,-1,-1
1961,1,734,78,43,52,0.8278913497924805,-1,-1,-1,-1
1961,2,642,276,72,94,0.8585103154182434,-1,-1,-1,-1
1962,1,734,78,43,52,0.8276190161705017,-1,-1,-1,-1
1962,2,642,277,73,92,0.858612596988678,-1,-1,-1,-1
1963,1,735,78,42,52,0.8230074644088745,-1,-1,-1,-1
1963,2,643,277,73,92,0.8580312728881836,-1,-1,-1,-1
1964,1,735,78,43,52,0.820527195930481,-1,-1,-1,-1
1964,2,644,277,74,92,0.8652647733688354,-1,-1,-1,-1
1965,1,735,78,43,52,0.8221915364265442,-1,-1,-1,-1
1965,2,645,277,75,92,0.8644424080848694,-1,-1,-1,-1
1966,1,736,78,43,52,0.822354793548584,-1,-1,-1,-1
1966,2,645,277,77,93,0.8744441866874695,-1,-1,-1,-1
1967,1,736,78,43,52,0.8208433985710144,-1,-1,-1,-1
1967,2,645,276,77,95,0.872195839881897,-1,-1,-1,-1
1968,1,736,78,43,52,0.8210068345069885,-1,-1,-1,-1
1968,2,645,278,77,94,0.8556368350982666,-1,-1,-1,-1
1969,1,736,78,43,52,0.8206654787063599,-1,-1,-1,-1
1969,2,643,283,77,93,0.8612574338912964,-1,-1,-1,-1
1970,1,737,78,43,52,0.8199499845504761,-1,-1,-1,-1
1970,2,639,286,78,94,0.8685478568077087,-1,-1,-1,-1
1971,1,737,78,43,52,0.8189961910247803,-1,-1,-1,-1
1971,2,634,291,80,96,0.8722614645957947,-1,-1,-1,-1
1972,1,737,78,43,52,0.8183259963989258,-1,-1,-1,-1
1972,2,632,293,81,96,0.872366189956665,-1,-1,-1,-1
1973,1,738,77,43,54,0.8233621716499329,-1,-1,-1,-1
1973,2,626,296,85,101,0.8644580841064453,-1,-1,-1,-1
1974,1,738,77,44,54,0.823467493057251,-1,-1,-1,-1
1974,2,624,297,86,103,0.8646206259727478,-1,-1,-1,-1
1975,1,738,77,44,54,0.8234007954597473,-1,-1,-1,-1
1975,2,621,301,88,104,0.8609499335289001,-1,-1,-1,-1
1976,1,739,77,43,54,0.8222758173942566,-1,-1,-1,-1
1976,2,617,312,87,104,0.8605525493621826,-1,-1,-1,-1
1977,1,739,77,43,54,0.8230541944503784,-1,-1,-1,-1
1977,2,615,316,88,104,0.8604981899261475,-1,-1,-1,-1
1978,1,740,78,43,53,0.8200314044952393,-1,-1,-1,-1
1978,2,612,321,89,105,0.8623072504997253,-1,-1,-1,-1
1979,1,741,78,42,53,0.8172063827514648,-1,-1,-1,-1
1979,2,607,333,89,105,0.8642799854278564,-1,-1,-1,-1
1980,1,741,78,43,53,0.8170749545097351,-1,-1,-1,-1
1980,2,602,342,91,105,0.8657316565513611,-1,-1,-1,-1
1981,1,741,77,44,54,0.8129021525382996,-1,-1,-1,-1
1981,2,596,354,94,109,0.8620635867118835,-1,-1,-1,-1
1982,1,742,77,44,54,0.8129805326461792,-1,-1,-1,-1
1982,2,594,358,95,110,0.862066924571991,-1,-1,-1,-1
1983,1,742,77,44,54,0.8148691058158875,-1,-1,-1,-1
1983,2,592,365,95,110,0.8832554221153259,-1,-1,-1,-1
1984,1,743,78,43,53,0.816955029964447,-1,-1,-1,-1
1984,2,588,378,96,111,0.8638781905174255,-1,-1,-1,-1
1985,1,744,78,43,53,0.819116473197937,-1,-1,-1,-1
1985,2,586,388,97,112,0.8656077980995178,-1,-1,-1,-1
1986,1,744,78,44,54,0.8307100534439087,-1,-1,-1,-1
1986,2,581,401,101,116,0.8539966344833374,-1,-1,-1,-1
1987,1,745,78,43,54,0.8303018808364868,-1,-1,-1,-1
1987,2,579,406,103,118,0.8539974093437195,-1,-1,-1,-1
1988,1,745,78,44,54,0.8269292116165161,-1,-1,-1,-1
1988,2,577,413,105,120,0.8606874942779541,-1,-1,-1,-1
1989,1,746,77,44,55,0.8266252875328064,-1,-1,-1,-1
1989,2,575,430,107,122,0.8553116917610168,-1,-1,-1,-1
1990,1,746,76,45,56,0.825123131275177,-1,-1,-1,-1
1990,2,573,444,109,124,0.8583614826202393,-1,-1,-1,-1
1991,1,748,77,43,54,0.8237115144729614,-1,-1,-1,-1
1991,2,573,469,110,123,0.8516007661819458,-1,-1,-1,-1
1992,1,748,77,43,54,0.8237131237983704,-1,-1,-1,-1
1992,2,573,478,110,123,0.8516409397125244,-1,-1,-1,-1
1993,1,749,77,43,54,0.8212401866912842,-1,-1,-1,-1
1993,2,573,493,110,120,0.8524001240730286,-1,-1,-1,-1
1994,1,750,78,43,53,0.8167704939842224,-1,-1,-1,-1
1994,2,575,519,110,120,0.8405011296272278,-1,-1,-1,-1
1995,1,751,78,42,54,0.8058802485466003,-1,-1,-1,-1
1995,2,576,540,111,119,0.8422175645828247,-1,-1,-1,-1
1996,1,751,78,44,55,0.8011967539787292,-1,-1,-1,-1
1996,2,578,571,111,117,0.8445351719856262,-1,-1,-1,-1
1997,1,751,78,44,55,0.8012672662734985,-1,-1,-1,-1
1997,2,578,582,113,117,0.8444671034812927,-1,-1,-1,-1
1998,1,752,78,44,55,0.7974254488945007,-1,-1,-1,-1
1998,2,577,598,114,116,0.8410515785217285,-1,-1,-1,-1
1999,1,753,78,44,56,0.8068027496337891,-1,-1,-1,-1
1999,2,583,628,99,92,0.8345370888710022,-1,-1,-1,-1
2000,1,754,79,43,55,0.8254539966583252,-1,-1,-1,-1
2000,2,588,652,84,68,0.7995907664299011,-1,-1,-1,-1
2001,1,756,79,43,55,0.8235308527946472,-1,-1,-1,-1
2002,1,756,79,43,55,0.8234879374504089,-1,-1,-1,-1
2003,1,757,78,43,56,0.8184769749641418,-1,-1,-1,-1
2004,1,758,79,43,55,0.8293234705924988,-1,-1,-1,-1
2005,1,759,79,43,55,0.8240606784820557,-1,-1,-1,-1
2006,1,761,80,43,54,0.82878577709198,-1,-1,-1,-1
2007,1,762,80,42,54,0.8292801380157471,-1,-1,-1,-1
2008,1,763,80,42,54,0.8273194432258606,-1,-1,-1,-1
2009,1,764,81,41,53,0.8265137672424316,-1,-1,-1,-1
2010,1,764,82,42,53,0.8246363401412964,-1,-1,-1,-1
2011,1,765,83,41,52,0.825518012046814,-1,-1,-1,-1
2012,1,765,83,41,52,0.825447142124176,-1,-1,-1,-1
2013,1,766,83,40,52,0.8254769444465637,-1,-1,-1,-1
2014,1,766,83,40,52,0.8226993680000305,-1,-1,-1,-1
2015,1,766,84,40,51,0.825374186038971,-1,-1,-1,-1
2016,1,766,84,40,51,0.8242007493972778,-1,-1,-1,-1
2017,1,766,84,40,51,0.823708176612854,-1,-1,-1,-1
2018,1,766,84,40,52,0.8270197510719299,-1,-1,-1,-1
2019,1,765,84,42,53,0.8316612839698792,-1,-1,-1,-1
2020,1,766,84,41,53,0.8300414681434631,-1,-1,-1,-1
2021,1,766,84,42,53,0.826033353805542,-1,-1,-1,-1
2022,1,767,84,41,53,0.8257362246513367,-1,-1,-1,-1
2023,1,767,84,42,54,0.8253188729286194,-1,-1,-1,-1
2024,1,767,85,42,53,0.8174324631690979,-1,-1,-1,-1
2025,1,768,85,42,54,0.8139858245849609,-1,-1,-1,-1
2026,1,769,85,42,54,0.8187287449836731,-1,-1,-1,-1
2027,1,769,85,42,54,0.8179674744606018,-1,-1,-1,-1
2028,1,769,86,42,54,0.8161181211471558,-1,-1,-1,-1
2029,1,770,87,42,54,0.8324030041694641,-1,-1,-1,-1
2030,1,771,88,42,54,0.829790472984314,-1,-1,-1,-1
2031,1,773,89,42,55,0.8351484537124634,-1,-1,-1,-1
2032,1,773,90,43,54,0.8344091176986694,-1,-1,-1,-1
2033,1,774,91,43,54,0.8266562223434448,-1,-1,-1,-1
2034,1,777,94,42,53,0.8309721946716309,-1,-1,-1,-1
2035,1,779,95,42,54,0.8300686478614807,-1,-1,-1,-1
2036,1,781,96,44,56,0.8376504778862,-1,-1,-1,-1
2037,1,782,97,44,56,0.8376289010047913,-1,-1,-1,-1
2038,1,783,97,45,58,0.8400549292564392,-1,-1,-1,-1
2039,1,785,99,45,59,0.8353801965713501,-1,-1,-1,-1
2040,1,786,101,47,60,0.8367292881011963,-1,-1,-1,-1
2041,1,788,104,48,61,0.8381862044334412,-1,-1,-1,-1
2042,1,789,106,48,61,0.838218629360199,-1,-1,-1,-1
2043,1,790,108,48,61,0.8295295834541321,-1,-1,-1,-1
2044,1,792,110,49,63,0.8302470445632935,-1,-1,-1,-1
2045,1,794,111,49,64,0.8326819539070129,-1,-1,-1,-1
2046,1,797,114,49,63,0.839388370513916,-1,-1,-1,-1
2047,1,799,116,48,62,0.8392176628112793,-1,-1,-1,-1
2048,1,800,116,49,63,0.8331672549247742,-1,-1,-1,-1
2049,1,803,118,49,64,0.8327999114990234,-1,-1,-1,-1
2050,1,805,120,49,63,0.8337600231170654,-1,-1,-1,-1
2051,1,809,122,48,63,0.8445928692817688,-1,-1,-1,-1
2052,1,810,123,49,63,0.8426640033721924,-1,-1,-1,-1
2053,1,812,125,47,61,0.8620098829269409,-1,-1,-1,-1
2054,1,814,125,48,63,0.8366942405700684,-1,-1,-1,-1
2055,1,816,126,48,63,0.8420236110687256,-1,-1,-1,-1
2056,1,818,127,49,63,0.8478406071662903,-1,-1,-1,-1
2057,1,819,127,49,63,0.8477689027786255,-1,-1,-1,-1
2058,1,820,128,49,63,0.842764139175415,-1,-1,-1,-1
2059,1,821,130,48,62,0.8362378478050232,-1,-1,-1,-1
2060,1,821,131,49,62,0.8351506590843201,-1,-1,-1,-1
2061,1,821,132,49,61,0.8371443152427673,-1,-1,-1,-1
2062,1,821,132,49,62,0.8368997573852539,-1,-1,-1,-1
2063,1,820,132,49,62,0.8396942615509033,-1,-1,-1,-1
2064,1,818,132,49,62,0.8425122499465942,-1,-1,-1,-1
2065,1,816,133,49,61,0.8426145911216736,-1,-1,-1,-1
2066,1,812,134,49,61,0.83430415391922,-1,-1,-1,-1
2067,1,811,135,49,60,0.8341963291168213,-1,-1,-1,-1
2068,1,808,134,50,62,0.8448019623756409,-1,-1,-1,-1
2069,1,802,135,50,62,0.8416922688484192,-1,-1,-1,-1
2070,1,796,134,52,64,0.8379496932029724,-1,-1,-1,-1
2071,1,788,135,52,64,0.8469491004943848,-1,-1,-1,-1
2072,1,785,135,52,65,0.8470542430877686,-1,-1,-1,-1
2073,1,780,135,53,65,0.8394489288330078,-1,-1,-1,-1
2074,1,771,132,55,67,0.8371121287345886,-1,-1,-1,-1
2075,1,764,131,55,68,0.8556358218193054,-1,-1,-1,-1
2076,1,754,130,56,69,0.8564666509628296,-1,-1,-1,-1
2077,1,751,130,55,69,0.8566131591796875,-1,-1,-1,-1
2078,1,746,130,56,70,0.8429242968559265,-1,-1,-1,-1
2079,1,738,130,58,72,0.8469119668006897,-1,-1,-1,-1
2080,1,732,130,60,73,0.8437963128089905,-1,-1,-1,-1
2081,1,727,132,59,74,0.8386240005493164,-1,-1,-1,-1
2082,1,724,132,60,74,0.8386653065681458,-1,-1,-1,-1
2083,1,722,133,61,76,0.8434098958969116,-1,-1,-1,-1
2084,1,718,135,62,77,0.8529036641120911,-1,-1,-1,-1
2085,1,716,137,62,79,0.8476487398147583,-1,-1,-1,-1
2086,1,713,142,64,80,0.8549225926399231,-1,-1,-1,-1
2087,1,712,144,64,80,0.8550154566764832,-1,-1,-1,-1
2088,1,711,147,64,82,0.8464063405990601,-1,-1,-1,-1
2089,1,711,155,65,82,0.8501148819923401,-1,-1,-1,-1
2090,1,712,161,65,83,0.8523304462432861,-1,-1,-1,-1
2091,1,714,170,66,85,0.8534263372421265,-1,-1,-1,-1
2092,1,714,174,67,85,0.8533389568328857,-1,-1,-1,-1
2093,1,716,178,67,86,0.8472529053688049,-1,-1,-1,-1
2094,1,719,185,70,89,0.8351700305938721,-1,-1,-1,-1
2095,1,722,189,72,92,0.8481347560882568,-1,-1,-1,-1
2096,1,727,197,73,94,0.8369866013526917,-1,-1,-1,-1
2097,1,729,199,73,95,0.8369542360305786,-1,-1,-1,-1
2098,1,731,203,74,96,0.84549880027771,-1,-1,-1,-1
2099,1,734,213,75,95,0.8399049639701843,-1,-1,-1,-1
2100,1,736,219,75,96,0.8409968614578247,-1,-1,-1,-1
2101,1,735,227,77,97,0.8563135862350464,-1,-1,-1,-1
2102,1,735,230,78,98,0.856626033782959,-1,-1,-1,-1
2103,1,734,234,78,98,0.8643689155578613,-1,-1,-1,-1
2104,1,729,241,80,100,0.8485984802246094,-1,-1,-1,-1
2105,1,724,247,82,102,0.845565140247345,-1,-1,-1,-1
2106,1,716,260,83,103,0.8372938632965088,-1,-1,-1,-1
2107,1,712,265,85,104,0.8373764753341675,-1,-1,-1,-1
2108,1,709,274,83,101,0.8431242108345032,-1,-1,-1,-1
2109,1,697,292,85,102,0.835112452507019,-1,-1,-1,-1
2110,1,687,306,86,103,0.8277448415756226,-1,-1,-1,-1
2111,1,670,328,86,101,0.8261430859565735,-1,-1,-1,-1
2112,1,664,337,86,99,0.8271684646606445,-1,-1,-1,-1
2113,1,653,350,86,96,0.8134204149246216,-1,-1,-1,-1
2114,1,632,365,90,99,0.8168679475784302,-1,-1,-1,-1
2115,1,617,374,92,101,0.7991012930870056,-1,-1,-1,-1
2116,1,592,383,102,110,0.8315657377243042,-1,-1,-1,-1
2117,1,583,387,105,113,0.8314921259880066,-1,-1,-1,-1
2118,1,572,393,109,116,0.8333240151405334,-1,-1,-1,-1
2119,1,555,407,115,122,0.8199277520179749,-1,-1,-1,-1
2120,1,546,423,115,121,0.8312880396842957,-1,-1,-1,-1
2121,1,536,447,115,119,0.820992648601532,-1,-1,-1,-1
2122,1,532,456,116,118,0.8217559456825256,-1,-1,-1,-1
2123,1,528,469,116,117,0.8146263360977173,-1,-1,-1,-1
2124,1,521,496,117,115,0.8248085975646973,-1,-1,-1,-1
2125,1,516,518,119,115,0.8277587294578552,-1,-1,-1,-1
2126,1,510,555,118,110,0.7612676620483398,-1,-1,-1,-1
2127,1,508,569,118,108,0.7611419558525085,-1,-1,-1,-1
2128,1,506,590,117,104,0.6513950228691101,-1,-1,-1,-1
3056,20,643,77,22,37,0.7921645045280457,-1,-1,-1,-1
3057,20,643,77,23,37,0.7935742139816284,-1,-1,-1,-1
3058,20,645,77,23,38,0.7902385592460632,-1,-1,-1,-1
3059,20,651,76,23,38,0.8013563752174377,-1,-1,-1,-1
3060,20,654,75,25,40,0.7923344373703003,-1,-1,-1,-1
3061,20,660,74,26,41,0.7841988205909729,-1,-1,-1,-1
3062,20,661,74,27,41,0.7846261858940125,-1,-1,-1,-1
3063,20,664,74,28,41,0.7806606888771057,-1,-1,-1,-1
3064,20,670,75,28,41,0.822902262210846,-1,-1,-1,-1
3065,20,674,76,29,41,0.8158699870109558,-1,-1,-1,-1
3066,20,680,77,29,41,0.8194120526313782,-1,-1,-1,-1
3067,20,681,77,30,42,0.8192086219787598,-1,-1,-1,-1
3068,20,683,78,31,41,0.8274662494659424,-1,-1,-1,-1
3069,20,687,80,32,42,0.8346960544586182,-1,-1,-1,-1
3070,20,690,81,33,42,0.8359994888305664,-1,-1,-1,-1
3071,20,693,82,34,44,0.8345496654510498,-1,-1,-1,-1
3072,20,694,83,35,44,0.8344794511795044,-1,-1,-1,-1
3073,20,695,84,35,44,0.8302721381187439,-1,-1,-1,-1
3074,20,697,85,37,46,0.839065432548523,-1,-1,-1,-1
3075,20,699,85,37,47,0.8396586179733276,-1,-1,-1,-1
3076,20,701,86,38,47,0.8429248929023743,-1,-1,-1,-1
3077,20,701,86,39,48,0.8428357243537903,-1,-1,-1,-1
3078,20,703,86,38,48,0.8437608480453491,-1,-1,-1,-1
3079,20,705,86,39,49,0.8371213674545288,-1,-1,-1,-1
3080,20,706,86,41,50,0.83447265625,-1,-1,-1,-1
3081,20,708,87,42,52,0.8417871594429016,-1,-1,-1,-1
3082,20,708,87,43,53,0.8418067693710327,-1,-1,-1,-1
3083,20,709,88,44,54,0.8478423357009888,-1,-1,-1,-1
3084,20,712,91,43,53,0.8429660201072693,-1,-1,-1,-1
3085,20,715,94,43,53,0.8434343934059143,-1,-1,-1,-1
3086,20,719,98,43,53,0.8518661260604858,-1,-1,-1,-1
3087,20,720,99,44,54,0.8518463373184204,-1,-1,-1,-1
3088,20,722,101,44,54,0.8518601655960083,-1,-1,-1,-1
3089,20,727,105,44,54,0.850288450717926,-1,-1,-1,-1
3090,20,731,107,45,55,0.8544178009033203,-1,-1,-1,-1
3091,20,738,109,46,56,0.8512817621231079,-1,-1,-1,-1
3092,20,740,110,46,56,0.8513796329498291,-1,-1,-1,-1
3093,20,743,110,47,57,0.8466947674751282,-1,-1,-1,-1
3094,20,749,111,48,59,0.8513071537017822,-1,-1,-1,-1
3095,20,752,112,49,59,0.8519814014434814,-1,-1,-1,-1
3096,20,756,113,49,59,0.846204400062561,-1,-1,-1,-1
3097,20,757,113,50,60,0.8466211557388306,-1,-1,-1,-1
3098,20,758,114,50,60,0.8428938984870911,-1,-1,-1,-1
3099,20,760,116,49,61,0.844822883605957,-1,-1,-1,-1
3100,20,760,118,50,62,0.845127522945404,-1,-1,-1,-1
3101,20,759,122,52,63,0.8489217162132263,-1,-1,-1,-1
3102,20,759,123,52,64,0.8488278388977051,-1,-1,-1,-1
3103,20,758,126,52,64,0.8492889404296875,-1,-1,-1,-1
3104,20,755,131,53,65,0.8571640849113464,-1,-1,-1,-1
3105,20,753,136,52,64,0.8604021668434143,-1,-1,-1,-1
3106,20,749,140,53,65,0.8535955548286438,-1,-1,-1,-1
3107,20,747,141,54,66,0.8533633947372437,-1,-1,-1,-1
3108,20,745,142,55,67,0.8557819128036499,-1,-1,-1,-1
3109,20,742,144,56,69,0.8653208613395691,-1,-1,-1,-1
3110,20,740,146,58,70,0.8621326088905334,-1,-1,-1,-1
3111,20,740,149,58,71,0.8609758019447327,-1,-1,-1,-1
3112,20,740,150,58,71,0.8609749674797058,-1,-1,-1,-1
3113,20,741,151,58,71,0.8584840893745422,-1,-1,-1,-1
3114,20,741,152,61,74,0.8597379922866821,-1,-1,-1,-1
3115,20,742,156,61,74,0.8605980277061462,-1,-1,-1,-1
3116,20,745,163,62,75,0.8562532067298889,-1,-1,-1,-1
3117,20,746,165,62,76,0.8563317060470581,-1,-1,-1,-1
3118,20,746,168,64,78,0.8582301735877991,-1,-1,-1,-1
3119,20,748,175,66,80,0.8551091551780701,-1,-1,-1,-1
3120,20,751,181,67,81,0.8587002158164978,-1,-1,-1,-1
3121,20,754,187,69,84,0.8573055863380432,-1,-1,-1,-1
3122,20,756,190,69,85,0.8572124242782593,-1,-1,-1,-1
3123,20,758,194,70,85,0.8478516936302185,-1,-1,-1,-1
3124,20,759,201,72,87,0.8468915224075317,-1,-1,-1,-1
3125,20,758,205,74,89,0.8480889201164246,-1,-1,-1,-1
3126,20,756,209,76,93,0.85738205909729,-1,-1,-1,-1
3127,20,755,210,77,94,0.8576812148094177,-1,-1,-1,-1
3128,20,753,212,78,95,0.8607583045959473,-1,-1,-1,-1
3129,20,749,217,78,95,0.8568314909934998,-1,-1,-1,-1
3130,20,745,223,78,94,0.8585940599441528,-1,-1,-1,-1
3131,20,738,231,80,98,0.8631201982498169,-1,-1,-1,-1
3132,20,735,234,81,99,0.8630441427230835,-1,-1,-1,-1
3133,20,730,242,81,98,0.8694496750831604,-1,-1,-1,-1
3134,20,719,252,84,102,0.8700159788131714,-1,-1,-1,-1
3135,20,711,260,86,105,0.8869625329971313,-1,-1,-1,-1
3136,20,698,271,89,108,0.8773453831672668,-1,-1,-1,-1
3137,20,693,276,90,109,0.8773143887519836,-1,-1,-1,-1
3138,20,687,281,91,111,0.8715629577636719,-1,-1,-1,-1
3139,20,677,293,93,112,0.8765650987625122,-1,-1,-1,-1
3140,20,670,300,97,118,0.8750497102737427,-1,-1,-1,-1
3141,20,662,309,102,124,0.8747040629386902,-1,-1,-1,-1
3142,20,659,312,104,127,0.8747599124908447,-1,-1,-1,-1
3143,20,657,318,105,128,0.8722151517868042,-1,-1,-1,-1
3144,20,653,334,108,130,0.8699505925178528,-1,-1,-1,-1
3145,20,652,351,107,128,0.8740963339805603,-1,-1,-1,-1
3146,20,646,376,112,134,0.8537886142730713,-1,-1,-1,-1
3147,20,645,385,113,136,0.8538114428520203,-1,-1,-1,-1
3148,20,643,402,115,138,0.8557954430580139,-1,-1,-1,-1
3149,20,640,433,118,139,0.8617434501647949,-1,-1,-1,-1
3150,20,639,456,119,141,0.862724244594574,-1,-1,-1,-1
3151,20,639,491,121,141,0.864224374294281,-1,-1,-1,-1
3152,20,639,504,122,142,0.8642814755439758,-1,-1,-1,-1
3152,24,644,53,27,32,0.515982449054718,-1,-1,-1,-1
3153,20,637,523,124,141,0.8692423105239868,-1,-1,-1,-1
3153,24,647,53,29,33,0.6909520030021667,-1,-1,-1,-1
3154,20,633,559,123,139,0.8592222332954407,-1,-1,-1,-1
3154,24,653,53,30,35,0.7845221161842346,-1,-1,-1,-1
3155,20,630,588,120,130,0.8567233681678772,-1,-1,-1,-1
3155,24,657,52,31,37,0.7994834184646606,-1,-1,-1,-1
3156,20,629,622,103,98,0.8235227465629578,-1,-1,-1,-1
3156,24,663,52,33,39,0.79252028465271,-1,-1,-1,-1
3157,20,627,633,100,87,0.8238186240196228,-1,-1,-1,-1
3157,24,665,52,34,40,0.792509138584137,-1,-1,-1,-1
3158,20,618,641,96,79,0.7195839881896973,-1,-1,-1,-1
3158,24,668,53,34,39,0.7914612889289856,-1,-1,-1,-1
3159,24,671,53,35,41,0.7936023473739624,-1,-1,-1,-1
3160,24,674,55,34,40,0.7941797971725464,-1,-1,-1,-1
3161,24,676,57,35,39,0.8165794610977173,-1,-1,-1,-1
3161,25,758,164,50,51,0.7864640951156616,-1,-1,-1,-1
3162,24,677,58,34,39,0.8165232539176941,-1,-1,-1,-1
3162,25,759,164,50,53,0.7853817939758301,-1,-1,-1,-1
3163,24,678,58,35,40,0.806891143321991,-1,-1,-1,-1
3163,25,764,166,51,53,0.8013055324554443,-1,-1,-1,-1
3164,24,677,58,36,41,0.8166943192481995,-1,-1,-1,-1
3164,25,771,168,53,55,0.8332846164703369,-1,-1,-1,-1
3165,24,677,59,36,41,0.8206202983856201,-1,-1,-1,-1
3165,25,777,169,54,56,0.8228430151939392,-1,-1,-1,-1
3166,24,675,61,37,42,0.8021287322044373,-1,-1,-1,-1
3166,25,782,170,56,59,0.8331292867660522,-1,-1,-1,-1
3167,24,674,61,38,43,0.8021001219749451,-1,-1,-1,-1
3167,25,784,171,56,59,0.8331262469291687,-1,-1,-1,-1
3168,24,672,62,39,44,0.7968336939811707,-1,-1,-1,-1
3168,25,785,171,58,60,0.8270920515060425,-1,-1,-1,-1
3169,24,670,63,39,43,0.8013923168182373,-1,-1,-1,-1
3169,25,789,175,56,59,0.834553062915802,-1,-1,-1,-1
3170,24,668,63,40,46,0.7774308323860168,-1,-1,-1,-1
3170,25,790,178,56,59,0.8332405090332031,-1,-1,-1,-1
3171,24,668,65,39,44,0.7827796339988708,-1,-1,-1,-1
3171,25,789,183,56,59,0.8386014103889465,-1,-1,-1,-1
3172,24,667,65,39,44,0.7824274897575378,-1,-1,-1,-1
3172,25,788,185,56,58,0.8386338949203491,-1,-1,-1,-1
3173,24,668,67,39,43,0.7933531403541565,-1,-1,-1,-1
3173,25,785,186,57,60,0.8431243896484375,-1,-1,-1,-1
3174,24,670,67,40,44,0.8198572993278503,-1,-1,-1,-1
3174,25,779,191,58,61,0.8422168493270874,-1,-1,-1,-1
3175,24,672,67,40,45,0.8328250050544739,-1,-1,-1,-1
3175,25,772,194,59,63,0.8404125571250916,-1,-1,-1,-1
3176,24,676,67,40,46,0.8279638290405273,-1,-1,-1,-1
3176,25,760,199,61,65,0.8554518818855286,-1,-1,-1,-1
3177,24,677,67,41,46,0.8278480172157288,-1,-1,-1,-1
3177,25,756,201,61,66,0.8554164171218872,-1,-1,-1,-1
3178,24,680,67,41,46,0.829072117805481,-1,-1,-1,-1
3178,25,748,202,63,68,0.8606880307197571,-1,-1,-1,-1
3179,24,685,67,42,48,0.8338640332221985,-1,-1,-1,-1
3179,25,733,201,67,74,0.8516231179237366,-1,-1,-1,-1
3180,24,690,69,41,48,0.814320981502533,-1,-1,-1,-1
3180,25,724,204,66,73,0.8470215797424316,-1,-1,-1,-1
3181,24,697,72,42,48,0.8140439391136169,-1,-1,-1,-1
3181,25,712,204,67,75,0.8554241061210632,-1,-1,-1,-1
3182,24,700,73,42,48,0.8139901161193848,-1,-1,-1,-1
3182,25,708,204,67,75,0.8554067611694336,-1,-1,-1,-1
3183,24,704,74,42,49,0.7991868257522583,-1,-1,-1,-1
3183,25,703,203,68,77,0.8516882658004761,-1,-1,-1,-1
3184,24,713,78,42,47,0.8129886388778687,-1,-1,-1,-1
3184,25,699,204,69,79,0.8600961565971375,-1,-1,-1,-1
3185,24,721,81,42,47,0.8112537264823914,-1,-1,-1,-1
3185,25,696,205,70,80,0.8534409999847412,-1,-1,-1,-1
3186,24,732,84,41,46,0.8194916248321533,-1,-1,-1,-1
3186,25,695,209,70,81,0.8644615411758423,-1,-1,-1,-1
3187,24,736,85,41,45,0.8190476894378662,-1,-1,-1,-1
3187,25,695,210,70,82,0.8641922473907471,-1,-1,-1,-1
3188,24,741,85,41,46,0.8115988969802856,-1,-1,-1,-1
3188,25,695,213,70,83,0.8634008169174194,-1,-1,-1,-1
3189,24,749,85,41,46,0.8161123394966125,-1,-1,-1,-1
3189,25,697,222,71,83,0.863029956817627,-1,-1,-1,-1
3190,24,754,85,42,46,0.8116051554679871,-1,-1,-1,-1
3190,25,699,229,73,85,0.8672695159912109,-1,-1,-1,-1
3191,24,760,86,43,47,0.8140512108802795,-1,-1,-1,-1
3191,25,707,243,73,85,0.8605449199676514,-1,-1,-1,-1
3192,24,762,86,43,48,0.8137908577919006,-1,-1,-1,-1
3192,25,710,248,73,86,0.8605096936225891,-1,-1,-1,-1
3193,24,765,87,43,48,0.8220470547676086,-1,-1,-1,-1
3193,25,715,255,74,87,0.8608960509300232,-1,-1,-1,-1
3194,24,771,91,42,47,0.8147513270378113,-1,-1,-1,-1
3194,25,727,268,74,88,0.8523484468460083,-1,-1,-1,-1
3195,24,775,94,42,46,0.8144354820251465,-1,-1,-1,-1
3195,25,736,276,76,90,0.8514911532402039,-1,-1,-1,-1
3196,24,780,98,42,46,0.8126521706581116,-1,-1,-1,-1
3196,25,746,290,78,91,0.8418819904327393,-1,-1,-1,-1
3197,24,781,100,43,46,0.8126248121261597,-1,-1,-1,-1
3197,25,749,295,80,91,0.8418170213699341,-1,-1,-1,-1
3198,24,782,101,45,48,0.8169288039207458,-1,-1,-1,-1
3198,25,751,297,84,96,0.8605082631111145,-1,-1,-1,-1
3199,24,784,104,46,50,0.8218213319778442,-1,-1,-1,-1
3199,25,754,304,86,100,0.8590102791786194,-1,-1,-1,-1
3200,24,784,107,47,52,0.8181946873664856,-1,-1,-1,-1
3200,25,755,310,88,101,0.8631512522697449,-1,-1,-1,-1
3201,24,783,113,46,51,0.814023494720459,-1,-1,-1,-1
3201,25,754,320,88,102,0.8601496815681458,-1,-1,-1,-1
3202,24,782,116,46,50,0.8140250444412231,-1,-1,-1,-1
3202,25,753,323,89,103,0.8601693511009216,-1,-1,-1,-1
3203,24,780,119,46,50,0.8202789425849915,-1,-1,-1,-1
3203,25,750,330,90,103,0.865825355052948,-1,-1,-1,-1
3204,24,773,121,49,53,0.8196210861206055,-1,-1,-1,-1
3204,25,743,344,92,106,0.8514615893363953,-1,-1,-1,-1
3205,24,767,121,51,55,0.8211390376091003,-1,-1,-1,-1
3205,25,737,357,93,106,0.861136257648468,-1,-1,-1,-1
3206,24,760,121,51,56,0.8178187608718872,-1,-1,-1,-1
3206,25,723,378,94,106,0.8574100732803345,-1,-1,-1,-1
3207,24,757,121,51,56,0.8175396919250488,-1,-1,-1,-1
3207,25,717,385,95,107,0.8574047684669495,-1,-1,-1,-1
3208,24,753,122,50,54,0.8268276453018188,-1,-1,-1,-1
3208,25,708,395,97,108,0.8577671051025391,-1,-1,-1,-1
3209,24,747,122,49,53,0.8285559415817261,-1,-1,-1,-1
3209,25,692,416,97,108,0.8578481674194336,-1,-1,-1,-1
3210,24,743,121,49,54,0.827285885810852,-1,-1,-1,-1
3210,25,678,429,99,110,0.8550909161567688,-1,-1,-1,-1
3211,24,738,122,50,54,0.8286582827568054,-1,-1,-1,-1
3211,25,658,449,101,111,0.8583593964576721,-1,-1,-1,-1
3212,24,736,122,51,55,0.8286370038986206,-1,-1,-1,-1
3212,25,650,456,102,111,0.8583095669746399,-1,-1,-1,-1
3213,24,734,123,51,56,0.8331455588340759,-1,-1,-1,-1
3213,25,643,466,103,111,0.8556430339813232,-1,-1,-1,-1
3214,24,730,124,54,58,0.8276135325431824,-1,-1,-1,-1
3214,25,632,483,106,113,0.8485429883003235,-1,-1,-1,-1
3215,24,728,126,54,60,0.829740047454834,-1,-1,-1,-1
3215,25,624,494,110,116,0.8610053658485413,-1,-1,-1,-1
3216,24,726,130,56,61,0.8386759757995605,-1,-1,-1,-1
3216,25,616,513,115,120,0.8458701968193054,-1,-1,-1,-1
3217,24,725,131,57,62,0.8386793732643127,-1,-1,-1,-1
3217,25,613,520,117,122,0.8458197712898254,-1,-1,-1,-1
3218,24,725,134,57,62,0.8300409317016602,-1,-1,-1,-1
3218,25,610,533,118,122,0.8497231602668762,-1,-1,-1,-1
3219,24,725,140,57,63,0.8201215267181396,-1,-1,-1,-1
3219,25,607,563,120,123,0.8366701602935791,-1,-1,-1,-1
3220,24,725,145,58,64,0.8156509399414062,-1,-1,-1,-1
3220,25,607,588,121,122,0.8473827838897705,-1,-1,-1,-1
3221,24,726,151,59,66,0.818938136100769,-1,-1,-1,-1
3221,25,626,635,95,85,0.6067070364952087,-1,-1,-1,-1
3222,24,727,153,59,67,0.8184751272201538,-1,-1,-1,-1
3222,25,634,652,85,68,0.6059406995773315,-1,-1,-1,-1
3223,24,729,157,60,68,0.831823468208313,-1,-1,-1,-1
3224,24,730,159,60,68,0.831979513168335,-1,-1,-1,-1
3225,24,731,160,61,68,0.8335046768188477,-1,-1,-1,-1
3226,24,733,160,62,72,0.8328020572662354,-1,-1,-1,-1
3227,24,734,161,62,72,0.832779586315155,-1,-1,-1,-1
3228,24,734,160,63,74,0.8333727121353149,-1,-1,-1,-1
3229,24,734,164,64,75,0.8267024159431458,-1,-1,-1,-1
3230,24,733,166,65,77,0.8257312774658203,-1,-1,-1,-1
3231,24,729,170,68,81,0.8122403025627136,-1,-1,-1,-1
3232,24,728,172,68,82,0.8121594190597534,-1,-1,-1,-1
3233,24,726,175,68,83,0.8199719190597534,-1,-1,-1,-1
3234,24,721,188,68,83,0.8205628395080566,-1,-1,-1,-1
3235,24,715,196,70,84,0.8180272579193115,-1,-1,-1,-1
3236,24,707,211,70,84,0.8085839152336121,-1,-1,-1,-1
3237,24,704,217,70,83,0.8087135553359985,-1,-1,-1,-1
3238,24,698,223,72,87,0.7941450476646423,-1,-1,-1,-1
3239,24,685,237,75,89,0.8177136778831482,-1,-1,-1,-1
3239,27,641,78,18,36,0.7701799869537354,-1,-1,-1,-1
3240,24,675,249,76,89,0.8312044739723206,-1,-1,-1,-1
3240,27,643,79,19,36,0.7921562194824219,-1,-1,-1,-1
3241,24,659,263,77,90,0.819283127784729,-1,-1,-1,-1
3241,27,650,80,20,37,0.8164226412773132,-1,-1,-1,-1
3242,24,653,268,78,90,0.8196753859519958,-1,-1,-1,-1
3242,27,652,80,21,38,0.8164750933647156,-1,-1,-1,-1
3243,24,645,271,80,93,0.8490575551986694,-1,-1,-1,-1
3243,27,656,81,21,38,0.7970258593559265,-1,-1,-1,-1
3244,24,631,277,85,96,0.8349170088768005,-1,-1,-1,-1
3244,27,663,82,22,40,0.8119360208511353,-1,-1,-1,-1
3245,24,621,280,89,100,0.8549056649208069,-1,-1,-1,-1
3245,27,668,83,24,41,0.8192300796508789,-1,-1,-1,-1
3246,24,610,286,94,106,0.8453811407089233,-1,-1,-1,-1
3246,27,677,83,24,42,0.8212523460388184,-1,-1,-1,-1
3247,24,605,288,97,108,0.8453572988510132,-1,-1,-1,-1
3247,27,679,84,26,41,0.8213157653808594,-1,-1,-1,-1
3248,24,600,292,100,111,0.848182737827301,-1,-1,-1,-1
3248,27,683,83,27,42,0.805825412273407,-1,-1,-1,-1
3249,24,593,307,103,113,0.851753294467926,-1,-1,-1,-1
3249,27,692,83,26,42,0.8054894804954529,-1,-1,-1,-1
3250,24,588,320,107,117,0.8513818979263306,-1,-1,-1,-1
3250,27,698,83,27,41,0.8149793744087219,-1,-1,-1,-1
3251,24,582,344,110,120,0.8083873391151428,-1,-1,-1,-1
3251,27,706,83,28,42,0.8231933116912842,-1,-1,-1,-1
3252,24,579,353,113,121,0.8081597089767456,-1,-1,-1,-1
3252,27,709,83,28,42,0.8231997489929199,-1,-1,-1,-1
3253,24,576,368,115,121,0.7861306071281433,-1,-1,-1,-1
3253,27,712,82,29,43,0.8447912335395813,-1,-1,-1,-1
3254,24,576,394,118,125,0.800934910774231,-1,-1,-1,-1
3254,27,718,84,30,42,0.820906400680542,-1,-1,-1,-1
3255,24,574,410,125,133,0.7973361015319824,-1,-1,-1,-1
3255,27,722,84,31,43,0.8247827291488647,-1,-1,-1,-1
3256,24,569,426,142,153,0.8342531323432922,-1,-1,-1,-1
3256,27,727,86,32,44,0.8234277963638306,-1,-1,-1,-1
3257,24,567,432,148,160,0.8342488408088684,-1,-1,-1,-1
3257,27,729,87,32,44,0.8233504295349121,-1,-1,-1,-1
3258,24,566,440,155,169,0.8362972140312195,-1,-1,-1,-1
3258,27,731,88,32,44,0.8529855012893677,-1,-1,-1,-1
3259,24,562,456,164,181,0.8561029434204102,-1,-1,-1,-1
3259,27,734,90,33,45,0.836793839931488,-1,-1,-1,-1
3260,24,559,470,169,187,0.8553939461708069,-1,-1,-1,-1
3260,27,736,91,34,46,0.8361215591430664,-1,-1,-1,-1
3261,24,550,488,178,199,0.8540033102035522,-1,-1,-1,-1
3261,27,736,94,36,47,0.8402758836746216,-1,-1,-1,-1
3262,24,547,495,180,203,0.8539767265319824,-1,-1,-1,-1
3262,27,737,95,35,47,0.8401565551757812,-1,-1,-1,-1
3263,24,540,503,185,209,0.8649625778198242,-1,-1,-1,-1
3263,27,736,96,36,47,0.8461623191833496,-1,-1,-1,-1
3264,24,534,529,174,191,0.8608804941177368,-1,-1,-1,-1
3264,27,734,99,37,47,0.852241575717926,-1,-1,-1,-1
3265,24,529,547,165,173,0.8588220477104187,-1,-1,-1,-1
3265,27,733,100,36,49,0.8413792848587036,-1,-1,-1,-1
3266,24,521,581,144,139,0.8124497532844543,-1,-1,-1,-1
3266,27,729,101,38,50,0.8435221314430237,-1,-1,-1,-1
3267,24,517,592,138,128,0.8123680949211121,-1,-1,-1,-1
3267,27,728,102,38,49,0.8435513377189636,-1,-1,-1,-1
3268,24,512,620,120,100,0.7482535243034363,-1,-1,-1,-1
3268,27,726,102,38,50,0.8402592539787292,-1,-1,-1,-1
3269,27,723,103,38,51,0.8380639553070068,-1,-1,-1,-1
3270,27,720,104,39,51,0.8431739807128906,-1,-1,-1,-1
3271,27,717,106,40,52,0.8541681170463562,-1,-1,-1,-1
3272,27,716,107,40,52,0.8541455864906311,-1,-1,-1,-1
3273,27,714,107,40,53,0.8520654439926147,-1,-1,-1,-1
3274,27,711,109,41,53,0.8527791500091553,-1,-1,-1,-1
3275,27,708,109,42,54,0.8539559245109558,-1,-1,-1,-1
3276,27,705,111,42,54,0.8590748906135559,-1,-1,-1,-1
3277,1,630,44,26,37,0.6538118720054626,-1,-1,-1,-1
3277,27,703,111,42,55,0.8591227531433105,-1,-1,-1,-1
3278,1,631,44,26,39,0.6797546148300171,-1,-1,-1,-1
3278,27,702,112,42,55,0.8601792454719543,-1,-1,-1,-1
3279,1,633,41,30,45,0.7735006809234619,-1,-1,-1,-1
3279,27,699,113,43,57,0.8563241362571716,-1,-1,-1,-1
3280,1,636,40,32,47,0.7794970870018005,-1,-1,-1,-1
3280,27,697,114,43,57,0.8577265739440918,-1,-1,-1,-1
3281,1,641,40,33,48,0.8058554530143738,-1,-1,-1,-1
3281,27,695,117,43,57,0.8588385581970215,-1,-1,-1,-1
3282,1,642,40,34,49,0.8050795197486877,-1,-1,-1,-1
3282,27,694,118,43,58,0.8588682413101196,-1,-1,-1,-1
3283,1,645,41,33,48,0.8039231300354004,-1,-1,-1,-1
3283,27,693,120,44,58,0.8620712161064148,-1,-1,-1,-1
3284,1,650,44,33,48,0.8065701127052307,-1,-1,-1,-1
3284,27,693,124,44,58,0.8551393151283264,-1,-1,-1,-1
3285,1,654,46,34,48,0.8090147376060486,-1,-1,-1,-1
3285,27,693,127,44,58,0.8560938239097595,-1,-1,-1,-1
3286,1,661,49,34,48,0.8165304660797119,-1,-1,-1,-1
3286,27,694,129,44,59,0.8609179258346558,-1,-1,-1,-1
3287,1,663,51,34,48,0.8161672949790955,-1,-1,-1,-1
3287,27,694,129,45,60,0.8609184622764587,-1,-1,-1,-1
3288,1,666,52,35,48,0.8217044472694397,-1,-1,-1,-1
3288,27,695,129,45,61,0.8544208407402039,-1,-1,-1,-1
3289,1,674,55,34,48,0.8254585862159729,-1,-1,-1,-1
3289,27,696,130,46,62,0.8591256141662598,-1,-1,-1,-1
3290,1,679,56,35,49,0.8544846177101135,-1,-1,-1,-1
3290,27,696,131,47,62,0.8667505979537964,-1,-1,-1,-1
3291,1,687,56,36,50,0.8160155415534973,-1,-1,-1,-1
3291,27,695,133,49,64,0.8687563538551331,-1,-1,-1,-1
3292,1,690,56,36,50,0.8161828517913818,-1,-1,-1,-1
3292,27,695,133,49,65,0.8687859773635864,-1,-1,-1,-1
3293,1,694,56,37,50,0.8175109028816223,-1,-1,-1,-1
3293,27,694,134,49,65,0.8667489886283875,-1,-1,-1,-1
3294,1,701,56,39,52,0.8331414461135864,-1,-1,-1,-1
3294,27,692,136,50,66,0.8677653670310974,-1,-1,-1,-1
3295,1,706,58,39,52,0.8242540955543518,-1,-1,-1,-1
3295,27,690,137,51,67,0.8685169816017151,-1,-1,-1,-1
3296,1,712,59,39,53,0.8240171074867249,-1,-1,-1,-1
3296,27,688,141,51,68,0.8718129992485046,-1,-1,-1,-1
3297,1,714,60,39,52,0.8240326642990112,-1,-1,-1,-1
3297,27,687,142,51,69,0.8718279004096985,-1,-1,-1,-1
3298,1,716,59,40,54,0.827584981918335,-1,-1,-1,-1
3298,27,685,144,52,69,0.8560866117477417,-1,-1,-1,-1
3299,1,720,63,39,53,0.82793128490448,-1,-1,-1,-1
3299,27,681,148,53,70,0.8627762794494629,-1,-1,-1,-1
3300,1,723,66,39,52,0.8221678137779236,-1,-1,-1,-1
3300,27,678,152,53,69,0.8735265135765076,-1,-1,-1,-1
3301,1,726,70,38,52,0.8385211825370789,-1,-1,-1,-1
3301,27,672,158,53,71,0.8669288158416748,-1,-1,-1,-1
3302,1,726,72,39,51,0.8383628726005554,-1,-1,-1,-1
3302,27,670,160,53,71,0.867075502872467,-1,-1,-1,-1
3303,1,727,73,39,52,0.8358299136161804,-1,-1,-1,-1
3303,27,666,163,54,72,0.8745827078819275,-1,-1,-1,-1
3304,1,726,75,42,54,0.8372838497161865,-1,-1,-1,-1
3304,27,658,164,56,73,0.8713636994361877,-1,-1,-1,-1
3305,1,725,76,43,56,0.840497612953186,-1,-1,-1,-1
3305,27,652,164,56,74,0.8648120760917664,-1,-1,-1,-1
3306,1,723,80,43,55,0.8456512093544006,-1,-1,-1,-1
3306,27,644,162,57,76,0.8708473443984985,-1,-1,-1,-1
3307,1,722,81,43,55,0.84568190574646,-1,-1,-1,-1
3307,27,641,161,58,77,0.8707993030548096,-1,-1,-1,-1
3308,1,721,82,43,55,0.8448670506477356,-1,-1,-1,-1
3308,27,637,161,59,77,0.8705834746360779,-1,-1,-1,-1
3309,1,719,82,43,56,0.8435862064361572,-1,-1,-1,-1
3309,27,631,162,59,77,0.8662004470825195,-1,-1,-1,-1
3310,1,717,83,43,55,0.8417378664016724,-1,-1,-1,-1
3310,27,627,163,59,78,0.8613995909690857,-1,-1,-1,-1
3311,1,716,84,43,56,0.8389032483100891,-1,-1,-1,-1
3311,27,621,165,60,79,0.8540504574775696,-1,-1,-1,-1
3312,1,715,84,44,56,0.8383640646934509,-1,-1,-1,-1
3312,27,619,166,60,78,0.8539924621582031,-1,-1,-1,-1
3313,1,714,85,45,57,0.8423498868942261,-1,-1,-1,-1
3313,27,617,167,61,80,0.8625907301902771,-1,-1,-1,-1
3314,1,713,86,46,58,0.8471681475639343,-1,-1,-1,-1
3314,27,613,171,62,81,0.8599207997322083,-1,-1,-1,-1
3315,1,713,87,46,59,0.8519178032875061,-1,-1,-1,-1
3315,27,610,175,63,82,0.8736926317214966,-1,-1,-1,-1
3316,1,714,91,46,58,0.8463318943977356,-1,-1,-1,-1
3316,27,607,180,64,84,0.8582398295402527,-1,-1,-1,-1
3317,1,714,92,47,58,0.846430242061615,-1,-1,-1,-1
3317,2,712,53,27,32,0.6075218319892883,-1,-1,-1,-1
3317,27,605,182,66,85,0.8580702543258667,-1,-1,-1,-1
3318,1,714,92,48,60,0.8437009453773499,-1,-1,-1,-1
3318,2,711,53,28,34,0.675646960735321,-1,-1,-1,-1
3318,27,605,186,65,85,0.8582421541213989,-1,-1,-1,-1
3319,1,715,95,49,62,0.8418765068054199,-1,-1,-1,-1
3319,2,711,54,29,35,0.767434298992157,-1,-1,-1,-1
3319,27,604,192,67,87,0.860975444316864,-1,-1,-1,-1
3320,1,715,98,51,63,0.8461133241653442,-1,-1,-1,-1
3320,2,711,55,29,35,0.7928988337516785,-1,-1,-1,-1
3320,27,604,197,68,88,0.8630908727645874,-1,-1,-1,-1
3321,1,718,104,51,64,0.853371798992157,-1,-1,-1,-1
3321,2,712,57,29,34,0.7961137890815735,-1,-1,-1,-1
3321,27,605,206,69,89,0.8644645810127258,-1,-1,-1,-1
3322,1,719,106,51,64,0.8534712791442871,-1,-1,-1,-1
3322,2,712,57,29,35,0.7966198921203613,-1,-1,-1,-1
3322,27,605,209,70,90,0.8645780086517334,-1,-1,-1,-1
3323,1,721,109,51,64,0.8537100553512573,-1,-1,-1,-1
3323,2,712,58,29,35,0.7982695698738098,-1,-1,-1,-1
3323,27,607,213,69,90,0.8621047139167786,-1,-1,-1,-1
3324,1,725,113,52,66,0.8423420190811157,-1,-1,-1,-1
3324,2,713,60,29,35,0.8155347108840942,-1,-1,-1,-1
3324,27,609,219,70,92,0.8636053204536438,-1,-1,-1,-1
3325,1,728,116,53,66,0.8538235425949097,-1,-1,-1,-1
3325,2,714,62,29,34,0.8118980526924133,-1,-1,-1,-1
3325,27,610,224,72,92,0.8713054060935974,-1,-1,-1,-1
3326,1,734,119,53,66,0.847220242023468,-1,-1,-1,-1
3326,2,716,64,28,35,0.8132908344268799,-1,-1,-1,-1
3326,27,611,232,73,93,0.866788387298584,-1,-1,-1,-1
3327,1,736,120,53,66,0.8472850918769836,-1,-1,-1,-1
3327,2,716,65,29,35,0.8136177659034729,-1,-1,-1,-1
3327,27,612,235,72,94,0.8669061064720154,-1,-1,-1,-1
3328,1,738,121,54,66,0.8532828092575073,-1,-1,-1,-1
3328,2,717,66,29,35,0.7995396852493286,-1,-1,-1,-1
3328,27,611,238,75,96,0.8584074378013611,-1,-1,-1,-1
3329,1,741,122,56,69,0.8491596579551697,-1,-1,-1,-1
3329,2,720,68,29,35,0.8024914860725403,-1,-1,-1,-1
3329,27,610,244,77,100,0.866547703742981,-1,-1,-1,-1
3330,1,743,124,56,70,0.8409817814826965,-1,-1,-1,-1
3330,2,722,69,29,35,0.8175992369651794,-1,-1,-1,-1
3330,27,609,250,78,102,0.8631800413131714,-1,-1,-1,-1
3331,1,744,126,59,73,0.8396511673927307,-1,-1,-1,-1
3331,2,725,70,29,35,0.802081823348999,-1,-1,-1,-1
3331,27,607,261,81,104,0.865275502204895,-1,-1,-1,-1
3332,1,744,127,60,74,0.8396811485290527,-1,-1,-1,-1
3332,2,726,70,29,35,0.8021206855773926,-1,-1,-1,-1
3332,27,607,265,81,105,0.8651934862136841,-1,-1,-1,-1
3333,1,744,128,61,75,0.839779257774353,-1,-1,-1,-1
3333,2,727,70,30,35,0.7992583513259888,-1,-1,-1,-1
3333,27,605,270,83,107,0.866925060749054,-1,-1,-1,-1
3334,1,744,129,62,78,0.8413063287734985,-1,-1,-1,-1
3334,2,729,71,30,35,0.8300871253013611,-1,-1,-1,-1
3334,27,603,282,85,111,0.8647965788841248,-1,-1,-1,-1
3335,1,743,133,63,78,0.8381636738777161,-1,-1,-1,-1
3335,2,730,72,30,35,0.8279956579208374,-1,-1,-1,-1
3335,27,600,292,88,114,0.8681339025497437,-1,-1,-1,-1
3336,1,742,138,62,79,0.8514155149459839,-1,-1,-1,-1
3336,2,732,72,30,36,0.8217629790306091,-1,-1,-1,-1
3336,27,595,309,89,116,0.8648374676704407,-1,-1,-1,-1
3337,1,742,140,62,79,0.8513818979263306,-1,-1,-1,-1
3337,2,733,72,30,36,0.8218544721603394,-1,-1,-1,-1
3337,27,593,315,90,117,0.8648106455802917,-1,-1,-1,-1
3338,1,741,143,62,79,0.8558508157730103,-1,-1,-1,-1
3338,2,734,73,30,35,0.8270294666290283,-1,-1,-1,-1
3338,27,590,325,91,118,0.8736555576324463,-1,-1,-1,-1
3339,1,738,148,63,79,0.8606286644935608,-1,-1,-1,-1
3339,2,734,74,30,36,0.8316922783851624,-1,-1,-1,-1
3339,27,581,339,95,124,0.8741090893745422,-1,-1,-1,-1
3340,1,736,153,62,78,0.8573291897773743,-1,-1,-1,-1
3340,2,734,75,31,36,0.8373584151268005,-1,-1,-1,-1
3340,27,574,349,98,129,0.8747560381889343,-1,-1,-1,-1
3341,1,731,158,63,79,0.8680106997489929,-1,-1,-1,-1
3341,2,734,76,31,37,0.8268362283706665,-1,-1,-1,-1
3341,27,564,362,101,134,0.8758667707443237,-1,-1,-1,-1
3342,1,730,160,63,79,0.8682200312614441,-1,-1,-1,-1
3342,2,734,76,31,37,0.8268475532531738,-1,-1,-1,-1
3342,27,560,367,103,136,0.8759686946868896,-1,-1,-1,-1
3343,1,727,163,63,79,0.8566423058509827,-1,-1,-1,-1
3343,2,733,77,32,38,0.8307462334632874,-1,-1,-1,-1
3343,27,554,372,106,140,0.880364716053009,-1,-1,-1,-1
3344,1,720,168,65,80,0.8674861192703247,-1,-1,-1,-1
3344,2,732,78,32,38,0.8373802900314331,-1,-1,-1,-1
3344,27,546,387,109,145,0.8822266459465027,-1,-1,-1,-1
3345,1,714,170,66,82,0.8681824207305908,-1,-1,-1,-1
3345,2,730,80,32,38,0.8376328349113464,-1,-1,-1,-1
3345,27,540,400,112,149,0.8853341341018677,-1,-1,-1,-1
3346,1,706,174,67,83,0.8634658455848694,-1,-1,-1,-1
3346,2,727,81,33,39,0.8243803381919861,-1,-1,-1,-1
3346,27,533,421,115,154,0.8806140422821045,-1,-1,-1,-1
3347,1,703,176,67,82,0.8635305762290955,-1,-1,-1,-1
3347,2,726,81,33,39,0.8243853449821472,-1,-1,-1,-1
3347,27,531,429,115,156,0.8805536031723022,-1,-1,-1,-1
3348,1,698,175,69,85,0.8625435829162598,-1,-1,-1,-1
3348,2,725,81,33,40,0.8258249759674072,-1,-1,-1,-1
3348,27,528,440,118,160,0.8794506192207336,-1,-1,-1,-1
3349,1,690,175,72,88,0.8613723516464233,-1,-1,-1,-1
3349,2,723,82,34,40,0.8323965072631836,-1,-1,-1,-1
3349,27,523,466,121,163,0.8766865134239197,-1,-1,-1,-1
3350,1,684,176,74,90,0.8689137697219849,-1,-1,-1,-1
3350,2,721,82,34,41,0.8306754231452942,-1,-1,-1,-1
3350,27,520,487,123,167,0.8782650232315063,-1,-1,-1,-1
3351,1,676,179,76,93,0.8578731417655945,-1,-1,-1,-1
3351,2,720,83,34,41,0.837312638759613,-1,-1,-1,-1
3351,27,518,521,125,170,0.8782414793968201,-1,-1,-1,-1
3352,1,673,180,77,94,0.8578076362609863,-1,-1,-1,-1
3352,2,719,84,35,41,0.8372957110404968,-1,-1,-1,-1
3352,27,517,534,126,170,0.8783066272735596,-1,-1,-1,-1
3353,1,669,181,79,97,0.8811923265457153,-1,-1,-1,-1
3353,2,719,85,34,40,0.8364048004150391,-1,-1,-1,-1
3353,27,518,555,123,165,0.8750186562538147,-1,-1,-1,-1
3354,1,662,183,83,101,0.8722355961799622,-1,-1,-1,-1
3354,2,718,86,34,41,0.842311441898346,-1,-1,-1,-1
3354,27,531,595,102,125,0.8724406957626343,-1,-1,-1,-1
3355,1,659,190,81,100,0.8679628968238831,-1,-1,-1,-1
3355,2,718,87,34,41,0.8444033861160278,-1,-1,-1,-1
3355,27,542,626,85,94,0.8092154264450073,-1,-1,-1,-1
3356,1,653,198,83,103,0.8695355653762817,-1,-1,-1,-1
3356,2,718,89,35,42,0.8509232401847839,-1,-1,-1,-1
3357,1,651,201,84,104,0.8697949051856995,-1,-1,-1,-1
3357,2,718,90,35,42,0.8509162664413452,-1,-1,-1,-1
3358,1,649,207,84,104,0.8787338733673096,-1,-1,-1,-1
3358,2,718,91,35,42,0.8432728052139282,-1,-1,-1,-1
3359,1,646,222,83,102,0.8803870677947998,-1,-1,-1,-1
3359,2,719,94,36,42,0.8426865935325623,-1,-1,-1,-1
3360,1,643,232,84,103,0.8795792460441589,-1,-1,-1,-1
3360,2,721,96,35,42,0.8293823003768921,-1,-1,-1,-1
3361,1,639,243,88,108,0.8756306171417236,-1,-1,-1,-1
3361,2,724,98,35,42,0.8319268822669983,-1,-1,-1,-1
3362,1,638,247,89,109,0.8757193684577942,-1,-1,-1,-1
3362,2,725,99,35,42,0.8319336771965027,-1,-1,-1,-1
3363,1,637,253,91,111,0.874963641166687,-1,-1,-1,-1
3363,2,726,99,36,43,0.8417633771896362,-1,-1,-1,-1
3364,1,636,261,95,116,0.8850294351577759,-1,-1,-1,-1
3364,2,730,99,37,44,0.8406205773353577,-1,-1,-1,-1
3365,1,637,270,95,117,0.8749434947967529,-1,-1,-1,-1
3365,2,733,99,37,45,0.8410859704017639,-1,-1,-1,-1
3366,1,637,283,97,119,0.8744218945503235,-1,-1,-1,-1
3366,2,736,100,37,45,0.8465219736099243,-1,-1,-1,-1
3367,1,637,288,98,120,0.8741332292556763,-1,-1,-1,-1
3367,2,737,100,38,46,0.8465021848678589,-1,-1,-1,-1
3368,1,635,295,101,122,0.8788315653800964,-1,-1,-1,-1
3368,2,738,100,38,46,0.8534144163131714,-1,-1,-1,-1
3369,1,631,309,104,126,0.8691142201423645,-1,-1,-1,-1
3369,2,739,101,39,47,0.842674970626831,-1,-1,-1,-1
3370,1,626,319,107,130,0.864966869354248,-1,-1,-1,-1
3370,2,740,102,40,48,0.8474395871162415,-1,-1,-1,-1
3371,1,617,336,112,134,0.8553553223609924,-1,-1,-1,-1
3371,2,740,105,40,49,0.8467207551002502,-1,-1,-1,-1
3372,1,614,342,113,136,0.8554285764694214,-1,-1,-1,-1
3372,2,740,106,40,49,0.8466412425041199,-1,-1,-1,-1
3373,1,610,356,113,134,0.8319571614265442,-1,-1,-1,-1
3373,2,739,107,41,50,0.8461838364601135,-1,-1,-1,-1
3374,1,596,376,118,139,0.8584399223327637,-1,-1,-1,-1
3374,2,737,110,42,51,0.8522859215736389,-1,-1,-1,-1
3375,1,584,391,123,145,0.8383937478065491,-1,-1,-1,-1
3375,2,734,112,43,52,0.8557929992675781,-1,-1,-1,-1
3376,1,566,415,130,154,0.8419530987739563,-1,-1,-1,-1
3376,2,730,115,44,53,0.8530566096305847,-1,-1,-1,-1
3377,1,559,425,132,156,0.8419228792190552,-1,-1,-1,-1
3377,2,728,116,44,54,0.8530901074409485,-1,-1,-1,-1
3378,1,551,441,132,156,0.8459109663963318,-1,-1,-1,-1
3378,2,726,117,44,55,0.8505847454071045,-1,-1,-1,-1
3379,1,534,477,129,150,0.8483124375343323,-1,-1,-1,-1
3379,2,721,117,45,57,0.8601948618888855,-1,-1,-1,-1
3380,1,518,500,130,150,0.8471670746803284,-1,-1,-1,-1
3380,2,718,117,45,57,0.8598909974098206,-1,-1,-1,-1
3381,1,490,524,136,156,0.8457722067832947,-1,-1,-1,-1
3381,2,714,117,46,59,0.8589435815811157,-1,-1,-1,-1
3382,1,480,533,138,158,0.8458065390586853,-1,-1,-1,-1
3382,2,712,117,47,60,0.8590021729469299,-1,-1,-1,-1
3383,1,465,544,141,161,0.8692994117736816,-1,-1,-1,-1
3383,2,710,117,48,60,0.8608075976371765,-1,-1,-1,-1
3384,1,445,574,132,146,0.848448634147644,-1,-1,-1,-1
3384,2,708,119,48,61,0.8606553673744202,-1,-1,-1,-1
3385,1,432,602,116,118,0.8299610614776611,-1,-1,-1,-1
3385,2,706,120,48,62,0.8564777970314026,-1,-1,-1,-1
3386,2,704,124,49,62,0.8590036630630493,-1,-1,-1,-1
3387,2,704,125,49,63,0.8590537905693054,-1,-1,-1,-1
3388,2,703,128,49,63,0.8578124642372131,-1,-1,-1,-1
3389,2,703,133,50,65,0.8632559180259705,-1,-1,-1,-1
3390,2,703,137,51,66,0.8596160411834717,-1,-1,-1,-1
3391,2,704,144,51,67,0.8623021245002747,-1,-1,-1,-1
3392,2,704,146,52,68,0.8620039820671082,-1,-1,-1,-1
3393,2,705,149,53,68,0.8689228296279907,-1,-1,-1,-1
3394,2,707,153,53,69,0.8676536083221436,-1,-1,-1,-1
3395,2,708,155,54,71,0.8690482974052429,-1,-1,-1,-1
3396,2,708,158,56,73,0.8722665309906006,-1,-1,-1,-1
3397,2,708,158,57,75,0.872266411781311,-1,-1,-1,-1
3398,2,707,160,58,75,0.8740564584732056,-1,-1,-1,-1
3399,2,706,163,58,76,0.8700993061065674,-1,-1,-1,-1
3400,2,705,167,58,77,0.8688123226165771,-1,-1,-1,-1
3401,2,701,174,60,78,0.8709090352058411,-1,-1,-1,-1
3402,2,700,176,60,79,0.8708623647689819,-1,-1,-1,-1
3403,2,697,180,61,80,0.8736249804496765,-1,-1,-1,-1
3404,2,692,189,62,81,0.8731802701950073,-1,-1,-1,-1
3405,2,687,195,63,83,0.8731672763824463,-1,-1,-1,-1
3406,2,679,202,65,85,0.8726009726524353,-1,-1,-1,-1
3407,2,676,204,66,87,0.8724997639656067,-1,-1,-1,-1
3408,2,672,206,67,88,0.8684497475624084,-1,-1,-1,-1
3409,2,665,212,69,90,0.8775948286056519,-1,-1,-1,-1
3410,2,660,215,71,94,0.8686902523040771,-1,-1,-1,-1
3411,2,654,221,74,97,0.8634392619132996,-1,-1,-1,-1
3412,2,652,222,74,99,0.8633444905281067,-1,-1,-1,-1
3413,2,649,226,76,100,0.8520792722702026,-1,-1,-1,-1
3414,2,646,236,77,102,0.8669301867485046,-1,-1,-1,-1
3415,2,643,244,79,104,0.8627344965934753,-1,-1,-1,-1
3416,2,640,259,80,106,0.8655335307121277,-1,-1,-1,-1
3417,2,639,265,80,106,0.8654561042785645,-1,-1,-1,-1
3418,2,638,273,81,107,0.868232250213623,-1,-1,-1,-1
3419,2,637,288,82,109,0.8681585192680359,-1,-1,-1,-1
3420,2,636,299,84,112,0.8817468285560608,-1,-1,-1,-1
3421,2,634,313,89,117,0.8694677948951721,-1,-1,-1,-1
3422,2,634,319,90,118,0.8694621920585632,-1,-1,-1,-1
3423,2,634,327,90,119,0.8712821006774902,-1,-1,-1,-1
3424,2,631,341,93,122,0.8738811612129211,-1,-1,-1,-1
3425,2,628,353,95,123,0.869435727596283,-1,-1,-1,-1
3426,2,623,372,97,126,0.87119060754776,-1,-1,-1,-1
3427,2,621,379,98,127,0.8712067008018494,-1,-1,-1,-1
3428,2,617,390,99,128,0.8690048456192017,-1,-1,-1,-1
3429,2,609,416,101,129,0.8682551383972168,-1,-1,-1,-1
3430,2,601,437,103,130,0.8613405227661133,-1,-1,-1,-1
3431,2,589,470,104,131,0.8551630973815918,-1,-1,-1,-1
3432,2,584,483,105,130,0.8551300168037415,-1,-1,-1,-1
3433,2,577,502,104,128,0.8605146408081055,-1,-1,-1,-1
3434,2,562,533,105,125,0.8561403751373291,-1,-1,-1,-1
3435,2,550,556,105,124,0.8455795049667358,-1,-1,-1,-1
3436,2,535,590,106,122,0.8603131175041199,-1,-1,-1,-1
3437,2,528,602,108,118,0.8603466749191284,-1,-1,-1,-1
3438,2,525,619,101,101,0.8578984141349792,-1,-1,-1,-1
3439,2,526,656,77,64,0.7412811517715454,-1,-1,-1,-1
