97,29,112,204,29,47,0,-1,-1,-1,-1
98,29,111,205,30,49,0,-1,-1,-1,-1
99,29,110,207,31,48,0,-1,-1,-1,-1
100,29,110,207,30,48,0,-1,-1,-1,-1
101,29,110,208,31,48,0,-1,-1,-1,-1
102,29,109,208,32,49,0,-1,-1,-1,-1
103,29,109,208,32,50,0,-1,-1,-1,-1
104,29,108,208,34,53,0,-1,-1,-1,-1
105,29,107,208,35,55,0,-1,-1,-1,-1
106,29,106,208,36,55,0,-1,-1,-1,-1
107,29,105,209,36,55,0,-1,-1,-1,-1
108,29,104,210,36,55,0,-1,-1,-1,-1
109,29,104,210,35,55,0,-1,-1,-1,-1
110,29,103,212,35,53,0,-1,-1,-1,-1
111,29,100,212,35,53,0,-1,-1,-1,-1
112,29,99,212,36,54,0,-1,-1,-1,-1
113,29,97,213,35,53,0,-1,-1,-1,-1
114,29,94,213,36,54,0,-1,-1,-1,-1
115,29,93,213,36,54,0,-1,-1,-1,-1
116,29,92,214,34,53,0,-1,-1,-1,-1
159,40,560,155,25,41,0,-1,-1,-1,-1
160,40,560,155,25,42,0,-1,-1,-1,-1
161,40,560,153,26,44,0,-1,-1,-1,-1
162,40,560,151,27,46,0,-1,-1,-1,-1
163,40,561,150,27,47,0,-1,-1,-1,-1
164,40,560,149,29,49,0,-1,-1,-1,-1
165,40,559,148,30,50,0,-1,-1,-1,-1
166,40,558,147,31,52,0,-1,-1,-1,-1
167,40,556,147,32,52,0,-1,-1,-1,-1
168,40,554,146,33,54,0,-1,-1,-1,-1
169,40,553,146,33,55,0,-1,-1,-1,-1
170,40,552,146,34,55,0,-1,-1,-1,-1
171,40,552,146,34,55,0,-1,-1,-1,-1
172,40,551,147,34,54,0,-1,-1,-1,-1
173,40,551,147,34,54,0,-1,-1,-1,-1
174,40,551,147,34,54,0,-1,-1,-1,-1
175,40,551,147,34,54,0,-1,-1,-1,-1
176,40,550,147,35,54,0,-1,-1,-1,-1
177,40,550,146,35,55,0,-1,-1,-1,-1
178,40,550,146,36,55,0,-1,-1,-1,-1
179,40,550,147,36,54,0,-1,-1,-1,-1
180,40,550,147,35,53,0,-1,-1,-1,-1
181,40,550,147,35,53,0,-1,-1,-1,-1
182,40,550,147,35,53,0,-1,-1,-1,-1
183,40,550,147,35,53,0,-1,-1,-1,-1
184,40,549,147,37,53,0,-1,-1,-1,-1
185,40,549,147,37,53,0,-1,-1,-1,-1
186,40,549,147,37,53,0,-1,-1,-1,-1
187,40,549,147,37,53,0,-1,-1,-1,-1
188,40,549,147,36,53,0,-1,-1,-1,-1
189,40,548,147,37,53,0,-1,-1,-1,-1
190,40,548,147,36,53,0,-1,-1,-1,-1
191,40,547,147,37,53,0,-1,-1,-1,-1
192,40,547,146,37,54,0,-1,-1,-1,-1
193,40,546,146,38,54,0,-1,-1,-1,-1
194,40,546,146,38,54,0,-1,-1,-1,-1
195,40,546,145,38,55,0,-1,-1,-1,-1
196,40,546,145,38,55,0,-1,-1,-1,-1
197,40,545,145,39,54,0,-1,-1,-1,-1
198,40,545,145,38,54,0,-1,-1,-1,-1
199,40,544,145,39,54,0,-1,-1,-1,-1
200,40,544,145,38,54,0,-1,-1,-1,-1
201,40,544,145,38,54,0,-1,-1,-1,-1
202,40,544,145,38,54,0,-1,-1,-1,-1
203,40,543,145,40,55,0,-1,-1,-1,-1
204,40,543,145,40,54,0,-1,-1,-1,-1
205,40,543,145,40,54,0,-1,-1,-1,-1
206,40,544,145,39,54,0,-1,-1,-1,-1
207,40,544,145,39,54,0,-1,-1,-1,-1
208,40,544,145,39,54,0,-1,-1,-1,-1
209,40,544,145,39,54,0,-1,-1,-1,-1
210,40,545,145,39,54,0,-1,-1,-1,-1
211,40,545,145,39,53,0,-1,-1,-1,-1
212,40,547,146,38,52,0,-1,-1,-1,-1
213,40,551,146,36,52,0,-1,-1,-1,-1
214,40,553,146,36,52,0,-1,-1,-1,-1
215,40,554,147,35,51,0,-1,-1,-1,-1
216,40,555,149,34,50,0,-1,-1,-1,-1
217,40,556,150,33,49,0,-1,-1,-1,-1
218,40,556,150,33,49,0,-1,-1,-1,-1
219,40,556,150,32,48,0,-1,-1,-1,-1
220,40,557,150,31,48,0,-1,-1,-1,-1
221,40,557,150,30,48,0,-1,-1,-1,-1
222,40,556,150,30,47,0,-1,-1,-1,-1
223,40,556,150,29,46,0,-1,-1,-1,-1
224,40,556,149,28,47,0,-1,-1,-1,-1
225,40,555,149,28,47,0,-1,-1,-1,-1
226,40,555,149,28,47,0,-1,-1,-1,-1
227,40,555,149,27,47,0,-1,-1,-1,-1
228,40,555,150,26,46,0,-1,-1,-1,-1
229,40,555,150,26,46,0,-1,-1,-1,-1
230,40,554,150,26,47,0,-1,-1,-1,-1
231,40,553,150,26,47,0,-1,-1,-1,-1
232,40,552,150,27,48,0,-1,-1,-1,-1
233,40,552,150,27,48,0,-1,-1,-1,-1
234,40,552,149,28,49,0,-1,-1,-1,-1
235,40,552,149,28,49,0,-1,-1,-1,-1
236,40,552,149,28,49,0,-1,-1,-1,-1
237,40,551,149,29,51,0,-1,-1,-1,-1
238,40,551,149,29,51,0,-1,-1,-1,-1
239,40,551,149,30,51,0,-1,-1,-1,-1
240,40,551,149,30,52,0,-1,-1,-1,-1
241,40,551,149,30,53,0,-1,-1,-1,-1
242,40,551,149,31,53,0,-1,-1,-1,-1
243,40,551,150,31,52,0,-1,-1,-1,-1
244,40,551,150,31,52,0,-1,-1,-1,-1
245,40,551,150,32,54,0,-1,-1,-1,-1
246,40,552,151,33,54,0,-1,-1,-1,-1
247,40,552,151,34,55,0,-1,-1,-1,-1
248,40,553,152,34,54,0,-1,-1,-1,-1
249,40,554,152,34,54,0,-1,-1,-1,-1
250,40,554,152,34,54,0,-1,-1,-1,-1
251,40,554,153,35,53,0,-1,-1,-1,-1
252,40,554,154,35,52,0,-1,-1,-1,-1
253,40,554,154,35,53,0,-1,-1,-1,-1
254,40,555,156,36,54,0,-1,-1,-1,-1
255,40,555,157,38,55,0,-1,-1,-1,-1
256,40,556,157,38,56,0,-1,-1,-1,-1
257,40,556,158,39,55,0,-1,-1,-1,-1
258,40,557,159,39,56,0,-1,-1,-1,-1
259,40,557,160,40,55,0,-1,-1,-1,-1
260,40,558,160,39,56,0,-1,-1,-1,-1
261,40,559,160,40,56,0,-1,-1,-1,-1
262,40,559,159,40,56,0,-1,-1,-1,-1
263,40,559,159,41,56,0,-1,-1,-1,-1
264,40,560,159,41,56,0,-1,-1,-1,-1
265,40,560,159,42,56,0,-1,-1,-1,-1
266,40,562,158,42,57,0,-1,-1,-1,-1
267,40,564,158,43,58,0,-1,-1,-1,-1
268,40,565,159,43,57,0,-1,-1,-1,-1
269,40,567,158,44,59,0,-1,-1,-1,-1
270,40,570,158,45,60,0,-1,-1,-1,-1
271,40,571,159,45,59,0,-1,-1,-1,-1
272,40,575,160,46,59,0,-1,-1,-1,-1
273,40,581,161,46,60,0,-1,-1,-1,-1
274,40,583,161,46,61,0,-1,-1,-1,-1
275,40,588,163,46,60,0,-1,-1,-1,-1
276,40,594,164,48,61,0,-1,-1,-1,-1
277,40,597,164,47,62,0,-1,-1,-1,-1
278,40,602,162,48,63,0,-1,-1,-1,-1
279,40,608,161,49,63,0,-1,-1,-1,-1
280,40,611,161,48,62,0,-1,-1,-1,-1
281,40,615,160,49,62,0,-1,-1,-1,-1
282,40,621,159,49,63,0,-1,-1,-1,-1
283,40,623,159,49,63,0,-1,-1,-1,-1
284,40,627,159,50,64,0,-1,-1,-1,-1
285,40,631,158,51,65,0,-1,-1,-1,-1
286,40,632,157,51,66,0,-1,-1,-1,-1
287,40,636,158,51,65,0,-1,-1,-1,-1
288,40,641,158,52,66,0,-1,-1,-1,-1
289,40,643,158,52,67,0,-1,-1,-1,-1
290,40,646,160,53,66,0,-1,-1,-1,-1
291,40,651,162,53,67,0,-1,-1,-1,-1
292,40,653,163,52,67,0,-1,-1,-1,-1
293,40,656,166,53,67,0,-1,-1,-1,-1
294,40,660,170,53,68,0,-1,-1,-1,-1
295,40,661,172,53,67,0,-1,-1,-1,-1
296,40,663,174,54,68,0,-1,-1,-1,-1
297,40,665,175,55,69,0,-1,-1,-1,-1
298,40,666,175,55,70,0,-1,-1,-1,-1
299,40,669,176,55,69,0,-1,-1,-1,-1
300,40,672,176,55,70,0,-1,-1,-1,-1
301,40,673,176,56,71,0,-1,-1,-1,-1
302,40,676,177,56,71,0,-1,-1,-1,-1
303,40,679,177,57,72,0,-1,-1,-1,-1
304,40,681,177,56,72,0,-1,-1,-1,-1
305,40,683,178,58,72,0,-1,-1,-1,-1
306,40,686,179,59,74,0,-1,-1,-1,-1
307,40,687,179,59,75,0,-1,-1,-1,-1
308,40,689,180,61,78,0,-1,-1,-1,-1
309,40,693,183,63,80,0,-1,-1,-1,-1
310,40,695,185,63,80,0,-1,-1,-1,-1
311,40,699,188,64,81,0,-1,-1,-1,-1
312,40,704,192,65,82,0,-1,-1,-1,-1
313,40,706,193,65,83,0,-1,-1,-1,-1
314,40,711,195,65,83,0,-1,-1,-1,-1
315,40,717,195,65,83,0,-1,-1,-1,-1
316,40,719,195,65,83,0,-1,-1,-1,-1
317,40,722,195,67,84,0,-1,-1,-1,-1
318,40,726,194,68,85,0,-1,-1,-1,-1
319,40,728,193,68,86,0,-1,-1,-1,-1
320,40,730,192,70,88,0,-1,-1,-1,-1
321,40,733,191,71,91,0,-1,-1,-1,-1
322,40,734,191,72,91,0,-1,-1,-1,-1
323,40,735,191,73,92,0,-1,-1,-1,-1
324,40,737,192,74,93,0,-1,-1,-1,-1
325,40,738,193,74,93,0,-1,-1,-1,-1
326,40,740,195,75,95,0,-1,-1,-1,-1
327,40,741,199,77,99,0,-1,-1,-1,-1
328,40,741,200,79,101,0,-1,-1,-1,-1
329,40,743,206,78,100,0,-1,-1,-1,-1
330,40,743,211,80,103,0,-1,-1,-1,-1
331,40,743,213,80,103,0,-1,-1,-1,-1
332,40,743,215,82,105,0,-1,-1,-1,-1
333,40,744,217,82,106,0,-1,-1,-1,-1
334,40,744,217,82,106,0,-1,-1,-1,-1
335,40,744,218,85,110,0,-1,-1,-1,-1
336,40,745,219,86,111,0,-1,-1,-1,-1
337,40,746,220,86,111,0,-1,-1,-1,-1
338,40,748,220,88,114,0,-1,-1,-1,-1
339,40,750,220,90,116,0,-1,-1,-1,-1
340,40,751,221,91,116,0,-1,-1,-1,-1
341,40,753,221,92,118,0,-1,-1,-1,-1
342,40,756,223,93,119,0,-1,-1,-1,-1
343,40,757,224,94,120,0,-1,-1,-1,-1
344,40,760,228,95,122,0,-1,-1,-1,-1
345,40,764,233,97,126,0,-1,-1,-1,-1
346,40,766,235,98,127,0,-1,-1,-1,-1
347,40,770,241,100,129,0,-1,-1,-1,-1
348,40,777,247,101,131,0,-1,-1,-1,-1
349,40,779,249,102,132,0,-1,-1,-1,-1
350,40,786,252,102,133,0,-1,-1,-1,-1
351,40,792,255,105,136,0,-1,-1,-1,-1
352,40,794,256,107,137,0,-1,-1,-1,-1
353,40,799,259,108,139,0,-1,-1,-1,-1
354,40,805,262,111,142,0,-1,-1,-1,-1
355,40,807,263,112,144,0,-1,-1,-1,-1
356,40,811,265,114,146,0,-1,-1,-1,-1
357,40,818,267,115,148,0,-1,-1,-1,-1
358,40,820,268,116,149,0,-1,-1,-1,-1
359,40,824,271,118,152,0,-1,-1,-1,-1
360,40,829,275,122,157,0,-1,-1,-1,-1
361,40,831,277,123,158,0,-1,-1,-1,-1
362,40,835,284,125,160,0,-1,-1,-1,-1
363,40,840,291,128,164,0,-1,-1,-1,-1
364,40,841,293,130,167,0,-1,-1,-1,-1
365,40,845,299,131,168,0,-1,-1,-1,-1
366,40,848,304,133,170,0,-1,-1,-1,-1
367,40,850,306,132,170,0,-1,-1,-1,-1
368,40,851,308,135,173,0,-1,-1,-1,-1
369,40,854,308,138,178,0,-1,-1,-1,-1
370,40,854,308,140,180,0,-1,-1,-1,-1
371,40,858,312,142,182,0,-1,-1,-1,-1
372,40,866,318,142,183,0,-1,-1,-1,-1
373,40,868,320,143,183,0,-1,-1,-1,-1
374,40,876,325,145,185,0,-1,-1,-1,-1
375,40,888,330,147,188,0,-1,-1,-1,-1
376,40,892,332,149,189,0,-1,-1,-1,-1
377,40,902,336,151,193,0,-1,-1,-1,-1
378,40,916,342,158,203,0,-1,-1,-1,-1
379,40,921,345,161,207,0,-1,-1,-1,-1
380,40,939,355,161,207,0,-1,-1,-1,-1
381,40,964,370,165,212,0,-1,-1,-1,-1
382,40,973,375,167,214,0,-1,-1,-1,-1
383,40,999,388,169,217,0,-1,-1,-1,-1
384,40,1032,410,169,214,0,-1,-1,-1,-1
385,40,1044,419,170,213,0,-1,-1,-1,-1
386,40,1078,435,171,214,0,-1,-1,-1,-1
387,40,1115,454,179,223,0,-1,-1,-1,-1
388,40,1128,460,183,227,0,-1,-1,-1,-1
390,40,1225,503,173,212,0,-1,-1,-1,-1
391,40,1244,511,172,209,0,-1,-1,-1,-1
415,80,1517,212,31,39,0,-1,-1,-1,-1
416,80,1525,213,31,39,0,-1,-1,-1,-1
417,80,1536,212,31,39,0,-1,-1,-1,-1
418,80,1539,212,31,39,0,-1,-1,-1,-1
419,80,1547,211,32,41,0,-1,-1,-1,-1
420,80,1556,210,33,42,0,-1,-1,-1,-1
421,80,1559,209,33,43,0,-1,-1,-1,-1
422,80,1566,210,34,43,0,-1,-1,-1,-1
423,80,1574,213,33,42,0,-1,-1,-1,-1
424,80,1576,213,34,43,0,-1,-1,-1,-1
425,80,1583,216,33,43,0,-1,-1,-1,-1
426,80,1591,220,34,44,0,-1,-1,-1,-1
427,80,1594,221,34,44,0,-1,-1,-1,-1
428,80,1601,224,34,45,0,-1,-1,-1,-1
429,80,1609,228,35,45,0,-1,-1,-1,-1
430,80,1612,229,35,46,0,-1,-1,-1,-1
431,80,1618,233,35,45,0,-1,-1,-1,-1
432,80,1627,236,34,45,0,-1,-1,-1,-1
433,80,1630,237,34,45,0,-1,-1,-1,-1
434,80,1637,239,34,44,0,-1,-1,-1,-1
435,80,1646,240,34,44,0,-1,-1,-1,-1
436,80,1649,241,34,44,0,-1,-1,-1,-1
437,80,1657,241,35,46,0,-1,-1,-1,-1
438,80,1668,241,34,45,0,-1,-1,-1,-1
439,80,1672,241,34,45,0,-1,-1,-1,-1
440,80,1681,240,35,47,0,-1,-1,-1,-1
441,80,1693,243,34,47,0,-1,-1,-1,-1
442,80,1697,245,34,46,0,-1,-1,-1,-1
443,80,1705,246,33,47,0,-1,-1,-1,-1
444,80,1714,249,34,49,0,-1,-1,-1,-1
445,80,1718,251,33,49,0,-1,-1,-1,-1
446,80,1726,256,34,49,0,-1,-1,-1,-1
447,80,1736,261,33,49,0,-1,-1,-1,-1
448,80,1739,263,33,49,0,-1,-1,-1,-1
448,87,724,161,31,45,0,-1,-1,-1,-1
449,87,722,159,32,47,0,-1,-1,-1,-1
450,80,1758,268,33,49,0,-1,-1,-1,-1
450,87,720,159,32,47,0,-1,-1,-1,-1
451,80,1762,269,32,49,0,-1,-1,-1,-1
451,87,719,158,32,48,0,-1,-1,-1,-1
452,87,717,159,33,48,0,-1,-1,-1,-1
453,87,716,159,33,48,0,-1,-1,-1,-1
454,87,716,159,33,49,0,-1,-1,-1,-1
455,87,715,160,33,48,0,-1,-1,-1,-1
456,87,713,161,33,47,0,-1,-1,-1,-1
457,87,713,161,33,47,0,-1,-1,-1,-1
458,87,711,162,33,47,0,-1,-1,-1,-1
459,87,709,162,34,48,0,-1,-1,-1,-1
460,87,708,163,34,48,0,-1,-1,-1,-1
461,87,706,164,35,48,0,-1,-1,-1,-1
462,87,704,165,36,48,0,-1,-1,-1,-1
463,87,704,165,35,48,0,-1,-1,-1,-1
464,87,703,167,35,47,0,-1,-1,-1,-1
465,87,701,168,37,47,0,-1,-1,-1,-1
466,87,701,168,36,48,0,-1,-1,-1,-1
467,87,699,168,38,49,0,-1,-1,-1,-1
468,87,698,170,38,49,0,-1,-1,-1,-1
469,87,698,170,38,49,0,-1,-1,-1,-1
470,87,698,172,38,49,0,-1,-1,-1,-1
471,87,698,175,38,49,0,-1,-1,-1,-1
472,87,698,176,38,49,0,-1,-1,-1,-1
473,87,699,178,38,49,0,-1,-1,-1,-1
474,87,701,181,38,48,0,-1,-1,-1,-1
475,87,701,181,38,48,0,-1,-1,-1,-1
476,87,703,182,39,49,0,-1,-1,-1,-1
477,87,706,182,39,49,0,-1,-1,-1,-1
478,87,707,182,39,49,0,-1,-1,-1,-1
479,87,709,181,41,50,0,-1,-1,-1,-1
480,87,713,181,41,50,0,-1,-1,-1,-1
481,87,714,181,41,50,0,-1,-1,-1,-1
482,87,717,181,41,51,0,-1,-1,-1,-1
483,87,719,181,42,51,0,-1,-1,-1,-1
484,87,720,182,42,51,0,-1,-1,-1,-1
485,87,721,182,42,52,0,-1,-1,-1,-1
486,87,721,182,44,53,0,-1,-1,-1,-1
487,87,722,182,44,53,0,-1,-1,-1,-1
488,87,722,182,44,55,0,-1,-1,-1,-1
489,87,722,183,45,56,0,-1,-1,-1,-1
490,87,722,183,45,56,0,-1,-1,-1,-1
491,87,721,185,46,57,0,-1,-1,-1,-1
492,87,720,189,46,56,0,-1,-1,-1,-1
493,87,719,190,46,56,0,-1,-1,-1,-1
494,87,718,193,46,57,0,-1,-1,-1,-1
495,87,715,195,47,58,0,-1,-1,-1,-1
496,87,714,196,48,59,0,-1,-1,-1,-1
497,87,711,197,48,59,0,-1,-1,-1,-1
498,87,708,197,48,60,0,-1,-1,-1,-1
499,87,706,197,49,61,0,-1,-1,-1,-1
500,87,705,196,49,61,0,-1,-1,-1,-1
501,87,703,196,50,61,0,-1,-1,-1,-1
502,87,702,196,50,61,0,-1,-1,-1,-1
503,87,702,195,51,62,0,-1,-1,-1,-1
504,87,703,196,51,62,0,-1,-1,-1,-1
505,87,703,196,51,62,0,-1,-1,-1,-1
506,87,704,196,52,64,0,-1,-1,-1,-1
507,87,706,199,52,63,0,-1,-1,-1,-1
508,87,707,200,52,63,0,-1,-1,-1,-1
509,87,709,202,53,65,0,-1,-1,-1,-1
510,87,710,205,56,69,0,-1,-1,-1,-1
511,87,711,206,57,70,0,-1,-1,-1,-1
512,87,714,211,57,70,0,-1,-1,-1,-1
513,87,718,216,58,71,0,-1,-1,-1,-1
514,87,720,218,58,71,0,-1,-1,-1,-1
515,87,725,221,58,72,0,-1,-1,-1,-1
516,87,731,222,59,72,0,-1,-1,-1,-1
517,87,734,222,59,72,0,-1,-1,-1,-1
517,97,795,157,21,41,0,-1,-1,-1,-1
518,87,739,221,59,73,0,-1,-1,-1,-1
518,97,793,157,23,42,0,-1,-1,-1,-1
519,87,744,221,60,73,0,-1,-1,-1,-1
519,97,793,157,22,42,0,-1,-1,-1,-1
520,87,746,221,60,74,0,-1,-1,-1,-1
520,97,793,158,21,41,0,-1,-1,-1,-1
521,87,749,221,61,74,0,-1,-1,-1,-1
521,97,792,157,22,43,0,-1,-1,-1,-1
522,87,752,221,62,76,0,-1,-1,-1,-1
522,97,790,157,23,42,0,-1,-1,-1,-1
523,87,753,221,62,76,0,-1,-1,-1,-1
523,97,790,157,22,42,0,-1,-1,-1,-1
524,87,753,222,65,79,0,-1,-1,-1,-1
524,97,789,157,24,43,0,-1,-1,-1,-1
525,87,754,224,66,80,0,-1,-1,-1,-1
525,97,787,157,25,43,0,-1,-1,-1,-1
526,87,755,225,66,81,0,-1,-1,-1,-1
526,97,787,157,24,43,0,-1,-1,-1,-1
527,87,755,229,67,82,0,-1,-1,-1,-1
527,97,786,157,25,43,0,-1,-1,-1,-1
528,87,755,234,69,85,0,-1,-1,-1,-1
528,97,785,157,25,43,0,-1,-1,-1,-1
529,87,755,236,69,86,0,-1,-1,-1,-1
529,97,784,157,26,43,0,-1,-1,-1,-1
530,87,755,243,70,87,0,-1,-1,-1,-1
530,97,784,158,26,43,0,-1,-1,-1,-1
531,87,754,250,71,89,0,-1,-1,-1,-1
531,97,783,158,27,44,0,-1,-1,-1,-1
532,87,754,253,71,90,0,-1,-1,-1,-1
532,97,783,158,27,44,0,-1,-1,-1,-1
533,87,753,259,72,91,0,-1,-1,-1,-1
533,97,783,159,27,43,0,-1,-1,-1,-1
534,87,751,264,73,93,0,-1,-1,-1,-1
534,97,782,159,28,44,0,-1,-1,-1,-1
535,87,750,266,74,94,0,-1,-1,-1,-1
535,97,782,159,28,44,0,-1,-1,-1,-1
536,87,748,268,74,94,0,-1,-1,-1,-1
536,97,782,160,29,44,0,-1,-1,-1,-1
537,87,747,268,75,95,0,-1,-1,-1,-1
537,97,782,160,29,44,0,-1,-1,-1,-1
538,87,746,268,76,96,0,-1,-1,-1,-1
538,97,782,160,29,44,0,-1,-1,-1,-1
539,87,745,268,77,98,0,-1,-1,-1,-1
539,97,782,161,30,44,0,-1,-1,-1,-1
540,87,745,270,79,100,0,-1,-1,-1,-1
540,97,783,161,29,45,0,-1,-1,-1,-1
541,87,745,270,80,102,0,-1,-1,-1,-1
541,97,783,161,29,45,0,-1,-1,-1,-1
542,87,745,273,82,103,0,-1,-1,-1,-1
542,97,784,162,29,45,0,-1,-1,-1,-1
543,87,747,274,85,108,0,-1,-1,-1,-1
543,97,784,162,30,46,0,-1,-1,-1,-1
544,87,747,275,86,109,0,-1,-1,-1,-1
544,97,784,162,30,46,0,-1,-1,-1,-1
545,87,750,279,87,111,0,-1,-1,-1,-1
545,97,785,163,30,46,0,-1,-1,-1,-1
546,87,753,285,89,112,0,-1,-1,-1,-1
546,97,784,164,31,46,0,-1,-1,-1,-1
547,87,754,287,89,113,0,-1,-1,-1,-1
547,97,784,164,30,46,0,-1,-1,-1,-1
548,87,758,292,92,118,0,-1,-1,-1,-1
548,97,783,165,30,46,0,-1,-1,-1,-1
549,87,765,302,93,119,0,-1,-1,-1,-1
549,97,781,166,31,47,0,-1,-1,-1,-1
550,87,768,306,93,120,0,-1,-1,-1,-1
550,97,781,166,30,47,0,-1,-1,-1,-1
551,87,774,315,95,123,0,-1,-1,-1,-1
551,97,779,167,31,47,0,-1,-1,-1,-1
552,87,787,328,96,123,0,-1,-1,-1,-1
552,97,777,169,31,46,0,-1,-1,-1,-1
553,87,791,333,97,123,0,-1,-1,-1,-1
553,97,777,170,30,46,0,-1,-1,-1,-1
554,87,804,339,99,127,0,-1,-1,-1,-1
554,97,774,170,32,47,0,-1,-1,-1,-1
555,87,821,346,100,127,0,-1,-1,-1,-1
555,97,770,171,32,47,0,-1,-1,-1,-1
556,87,828,348,100,128,0,-1,-1,-1,-1
556,97,768,172,33,47,0,-1,-1,-1,-1
557,87,843,350,103,131,0,-1,-1,-1,-1
557,97,764,172,34,48,0,-1,-1,-1,-1
558,87,863,353,106,135,0,-1,-1,-1,-1
558,97,758,174,35,48,0,-1,-1,-1,-1
559,87,870,354,107,137,0,-1,-1,-1,-1
559,97,756,174,35,49,0,-1,-1,-1,-1
560,87,887,358,110,141,0,-1,-1,-1,-1
560,97,751,175,36,49,0,-1,-1,-1,-1
561,87,909,366,115,147,0,-1,-1,-1,-1
561,97,745,176,36,50,0,-1,-1,-1,-1
562,87,917,369,117,150,0,-1,-1,-1,-1
562,97,742,177,37,50,0,-1,-1,-1,-1
563,87,937,379,121,153,0,-1,-1,-1,-1
563,97,737,176,37,51,0,-1,-1,-1,-1
564,87,964,390,125,158,0,-1,-1,-1,-1
564,97,731,177,38,51,0,-1,-1,-1,-1
565,87,974,394,126,160,0,-1,-1,-1,-1
565,97,729,177,39,51,0,-1,-1,-1,-1
566,87,998,414,123,156,0,-1,-1,-1,-1
566,97,725,177,39,51,0,-1,-1,-1,-1
567,87,1025,438,129,163,0,-1,-1,-1,-1
567,97,721,177,39,51,0,-1,-1,-1,-1
568,87,1034,446,133,166,0,-1,-1,-1,-1
568,97,719,177,39,51,0,-1,-1,-1,-1
569,87,1060,455,142,179,0,-1,-1,-1,-1
569,97,717,177,39,52,0,-1,-1,-1,-1
570,87,1101,474,135,172,0,-1,-1,-1,-1
570,97,714,178,40,52,0,-1,-1,-1,-1
571,87,1117,481,132,169,0,-1,-1,-1,-1
571,97,713,179,40,52,0,-1,-1,-1,-1
572,87,1148,497,133,169,0,-1,-1,-1,-1
572,97,711,180,41,53,0,-1,-1,-1,-1
573,87,1180,528,145,183,0,-1,-1,-1,-1
573,97,709,182,41,54,0,-1,-1,-1,-1
574,87,1192,540,149,188,0,-1,-1,-1,-1
574,97,708,183,42,55,0,-1,-1,-1,-1
575,87,1223,554,156,195,0,-1,-1,-1,-1
575,97,707,185,43,55,0,-1,-1,-1,-1
576,97,707,189,43,55,0,-1,-1,-1,-1
577,97,708,190,42,55,0,-1,-1,-1,-1
578,97,709,193,42,55,0,-1,-1,-1,-1
579,97,710,194,43,56,0,-1,-1,-1,-1
580,97,710,195,43,56,0,-1,-1,-1,-1
581,97,711,195,44,56,0,-1,-1,-1,-1
582,97,712,195,44,57,0,-1,-1,-1,-1
583,97,712,195,45,57,0,-1,-1,-1,-1
584,97,713,195,45,58,0,-1,-1,-1,-1
585,97,713,195,46,59,0,-1,-1,-1,-1
586,97,713,195,46,59,0,-1,-1,-1,-1
587,97,714,195,45,59,0,-1,-1,-1,-1
588,97,714,196,46,59,0,-1,-1,-1,-1
589,97,714,196,47,60,0,-1,-1,-1,-1
590,97,715,199,47,59,0,-1,-1,-1,-1
591,97,716,200,47,61,0,-1,-1,-1,-1
592,97,716,201,48,61,0,-1,-1,-1,-1
593,97,718,204,47,61,0,-1,-1,-1,-1
594,97,719,207,48,62,0,-1,-1,-1,-1
595,97,719,207,49,64,0,-1,-1,-1,-1
596,97,720,210,49,64,0,-1,-1,-1,-1
597,97,720,212,50,64,0,-1,-1,-1,-1
597,114,791,137,22,50,0,-1,-1,-1,-1
598,97,721,212,49,65,0,-1,-1,-1,-1
598,114,790,137,23,50,0,-1,-1,-1,-1
599,97,721,212,51,66,0,-1,-1,-1,-1
599,114,788,138,22,49,0,-1,-1,-1,-1
600,97,722,211,52,68,0,-1,-1,-1,-1
600,114,785,138,23,50,0,-1,-1,-1,-1
601,97,723,211,52,68,0,-1,-1,-1,-1
601,114,784,138,23,51,0,-1,-1,-1,-1
602,97,724,210,53,70,0,-1,-1,-1,-1
602,114,782,138,24,51,0,-1,-1,-1,-1
603,97,726,211,53,70,0,-1,-1,-1,-1
603,114,780,138,25,52,0,-1,-1,-1,-1
604,97,727,212,53,70,0,-1,-1,-1,-1
604,114,780,138,25,52,0,-1,-1,-1,-1
605,97,729,213,54,71,0,-1,-1,-1,-1
605,114,777,138,27,52,0,-1,-1,-1,-1
606,97,732,215,54,71,0,-1,-1,-1,-1
606,114,775,138,27,52,0,-1,-1,-1,-1
607,97,733,216,54,71,0,-1,-1,-1,-1
607,114,774,138,28,52,0,-1,-1,-1,-1
608,97,735,218,55,73,0,-1,-1,-1,-1
608,114,772,138,28,52,0,-1,-1,-1,-1
609,97,738,223,55,73,0,-1,-1,-1,-1
609,114,770,139,29,50,0,-1,-1,-1,-1
610,97,739,225,55,72,0,-1,-1,-1,-1
610,114,770,139,28,50,0,-1,-1,-1,-1
611,97,743,231,54,71,0,-1,-1,-1,-1
611,114,768,139,29,50,0,-1,-1,-1,-1
612,97,746,236,55,73,0,-1,-1,-1,-1
612,114,767,140,29,50,0,-1,-1,-1,-1
613,97,747,238,56,74,0,-1,-1,-1,-1
613,114,766,141,30,49,0,-1,-1,-1,-1
614,97,751,243,56,73,0,-1,-1,-1,-1
614,114,765,141,30,50,0,-1,-1,-1,-1
615,97,757,247,57,75,0,-1,-1,-1,-1
615,114,764,142,31,49,0,-1,-1,-1,-1
616,97,759,248,57,76,0,-1,-1,-1,-1
616,114,764,142,31,50,0,-1,-1,-1,-1
617,97,763,248,59,77,0,-1,-1,-1,-1
617,114,763,143,32,49,0,-1,-1,-1,-1
618,97,769,249,61,79,0,-1,-1,-1,-1
618,114,763,143,32,50,0,-1,-1,-1,-1
619,97,771,249,61,80,0,-1,-1,-1,-1
619,114,763,143,32,50,0,-1,-1,-1,-1
620,97,777,250,62,80,0,-1,-1,-1,-1
620,114,762,143,33,50,0,-1,-1,-1,-1
621,97,782,250,63,83,0,-1,-1,-1,-1
621,114,762,143,33,50,0,-1,-1,-1,-1
622,97,783,250,65,84,0,-1,-1,-1,-1
622,114,761,143,33,50,0,-1,-1,-1,-1
623,97,788,252,66,85,0,-1,-1,-1,-1
623,114,761,143,33,50,0,-1,-1,-1,-1
624,97,793,256,67,86,0,-1,-1,-1,-1
624,114,760,143,34,50,0,-1,-1,-1,-1
625,97,795,257,67,87,0,-1,-1,-1,-1
625,114,760,143,34,50,0,-1,-1,-1,-1
626,97,799,263,67,86,0,-1,-1,-1,-1
626,114,760,143,34,50,0,-1,-1,-1,-1
627,97,802,270,69,88,0,-1,-1,-1,-1
627,114,759,143,34,51,0,-1,-1,-1,-1
628,97,804,272,68,89,0,-1,-1,-1,-1
628,114,759,143,34,51,0,-1,-1,-1,-1
629,97,806,279,70,90,0,-1,-1,-1,-1
629,114,758,143,36,51,0,-1,-1,-1,-1
630,97,809,289,71,91,0,-1,-1,-1,-1
630,114,758,143,36,52,0,-1,-1,-1,-1
631,97,810,293,71,92,0,-1,-1,-1,-1
631,114,758,143,36,53,0,-1,-1,-1,-1
632,97,811,300,73,93,0,-1,-1,-1,-1
632,114,757,144,36,53,0,-1,-1,-1,-1
633,97,812,304,75,98,0,-1,-1,-1,-1
633,114,756,145,37,53,0,-1,-1,-1,-1
634,97,812,305,76,100,0,-1,-1,-1,-1
634,114,755,145,38,54,0,-1,-1,-1,-1
635,97,813,307,78,102,0,-1,-1,-1,-1
635,114,754,146,38,53,0,-1,-1,-1,-1
636,97,816,310,80,104,0,-1,-1,-1,-1
636,114,753,146,38,53,0,-1,-1,-1,-1
637,97,817,310,80,106,0,-1,-1,-1,-1
637,114,753,146,38,53,0,-1,-1,-1,-1
638,97,820,312,83,108,0,-1,-1,-1,-1
638,114,752,146,37,53,0,-1,-1,-1,-1
639,97,825,314,84,111,0,-1,-1,-1,-1
639,114,750,146,38,54,0,-1,-1,-1,-1
640,97,827,315,85,112,0,-1,-1,-1,-1
640,114,749,147,38,54,0,-1,-1,-1,-1
641,97,832,321,86,113,0,-1,-1,-1,-1
641,114,746,148,39,54,0,-1,-1,-1,-1
642,97,841,333,85,113,0,-1,-1,-1,-1
642,114,743,150,38,53,0,-1,-1,-1,-1
643,97,844,337,85,113,0,-1,-1,-1,-1
643,114,742,151,38,53,0,-1,-1,-1,-1
644,97,850,346,87,116,0,-1,-1,-1,-1
644,114,739,152,38,52,0,-1,-1,-1,-1
645,97,857,357,91,123,0,-1,-1,-1,-1
645,114,735,152,38,53,0,-1,-1,-1,-1
646,97,859,362,94,124,0,-1,-1,-1,-1
646,114,733,153,39,53,0,-1,-1,-1,-1
647,97,870,373,95,128,0,-1,-1,-1,-1
647,114,729,155,38,52,0,-1,-1,-1,-1
648,97,884,385,99,133,0,-1,-1,-1,-1
648,114,722,155,39,54,0,-1,-1,-1,-1
649,97,890,390,100,135,0,-1,-1,-1,-1
649,114,720,155,40,55,0,-1,-1,-1,-1
650,97,906,399,100,136,0,-1,-1,-1,-1
650,114,714,155,41,55,0,-1,-1,-1,-1
651,97,922,407,104,140,0,-1,-1,-1,-1
651,114,707,154,41,56,0,-1,-1,-1,-1
652,97,928,410,105,141,0,-1,-1,-1,-1
652,114,704,154,41,56,0,-1,-1,-1,-1
653,97,943,415,108,144,0,-1,-1,-1,-1
653,114,698,151,43,58,0,-1,-1,-1,-1
654,97,962,421,112,150,0,-1,-1,-1,-1
654,114,689,150,44,59,0,-1,-1,-1,-1
655,97,969,423,114,153,0,-1,-1,-1,-1
655,114,686,149,44,60,0,-1,-1,-1,-1
656,97,985,431,116,157,0,-1,-1,-1,-1
656,114,684,149,45,60,0,-1,-1,-1,-1
657,97,1011,443,120,162,0,-1,-1,-1,-1
657,114,681,149,46,60,0,-1,-1,-1,-1
658,97,1020,447,122,164,0,-1,-1,-1,-1
658,114,679,149,47,60,0,-1,-1,-1,-1
659,97,1047,462,122,165,0,-1,-1,-1,-1
659,114,674,150,46,60,0,-1,-1,-1,-1
660,97,1070,471,137,188,0,-1,-1,-1,-1
660,114,670,151,46,60,0,-1,-1,-1,-1
661,97,1080,474,141,197,0,-1,-1,-1,-1
661,114,668,151,46,61,0,-1,-1,-1,-1
662,97,1099,498,140,198,0,-1,-1,-1,-1
662,114,666,154,46,60,0,-1,-1,-1,-1
663,114,664,157,46,60,0,-1,-1,-1,-1
664,97,1129,522,149,213,0,-1,-1,-1,-1
664,114,664,158,45,60,0,-1,-1,-1,-1
665,114,663,160,46,61,0,-1,-1,-1,-1
666,97,1195,545,163,238,0,-1,-1,-1,-1
666,114,663,164,46,60,0,-1,-1,-1,-1
667,97,1209,550,165,243,0,-1,-1,-1,-1
667,114,664,166,45,60,0,-1,-1,-1,-1
668,114,664,167,46,62,0,-1,-1,-1,-1
669,114,666,169,47,62,0,-1,-1,-1,-1
670,114,666,169,47,62,0,-1,-1,-1,-1
671,114,668,169,47,62,0,-1,-1,-1,-1
672,114,669,167,48,64,0,-1,-1,-1,-1
673,114,670,167,48,64,0,-1,-1,-1,-1
674,114,670,166,49,65,0,-1,-1,-1,-1
675,114,670,166,49,65,0,-1,-1,-1,-1
676,114,670,166,50,65,0,-1,-1,-1,-1
677,114,670,167,50,65,0,-1,-1,-1,-1
678,114,671,168,49,65,0,-1,-1,-1,-1
679,114,671,169,49,65,0,-1,-1,-1,-1
680,114,671,171,50,66,0,-1,-1,-1,-1
681,114,670,173,52,69,0,-1,-1,-1,-1
682,114,670,174,53,70,0,-1,-1,-1,-1
683,114,668,178,54,71,0,-1,-1,-1,-1
684,114,665,182,55,72,0,-1,-1,-1,-1
685,114,664,184,55,72,0,-1,-1,-1,-1
686,114,661,186,55,73,0,-1,-1,-1,-1
687,114,655,186,57,75,0,-1,-1,-1,-1
688,114,653,186,57,75,0,-1,-1,-1,-1
689,114,649,185,59,77,0,-1,-1,-1,-1
690,114,646,184,60,79,0,-1,-1,-1,-1
691,114,645,184,60,79,0,-1,-1,-1,-1
692,114,644,183,61,80,0,-1,-1,-1,-1
693,114,644,183,62,81,0,-1,-1,-1,-1
694,114,644,182,62,82,0,-1,-1,-1,-1
695,114,644,183,64,83,0,-1,-1,-1,-1
696,114,645,186,63,84,0,-1,-1,-1,-1
697,114,645,187,64,84,0,-1,-1,-1,-1
698,114,645,191,65,85,0,-1,-1,-1,-1
699,114,648,197,65,85,0,-1,-1,-1,-1
700,114,648,199,66,86,0,-1,-1,-1,-1
701,114,652,203,66,87,0,-1,-1,-1,-1
702,114,655,206,69,89,0,-1,-1,-1,-1
703,114,657,207,69,90,0,-1,-1,-1,-1
704,114,660,209,70,92,0,-1,-1,-1,-1
705,114,665,209,70,93,0,-1,-1,-1,-1
706,114,666,210,71,93,0,-1,-1,-1,-1
707,114,670,210,72,94,0,-1,-1,-1,-1
708,114,672,209,75,99,0,-1,-1,-1,-1
709,114,672,209,77,101,0,-1,-1,-1,-1
709,136,627,166,30,47,0,-1,-1,-1,-1
710,114,674,210,77,102,0,-1,-1,-1,-1
711,114,675,211,80,106,0,-1,-1,-1,-1
711,136,617,168,29,45,0,-1,-1,-1,-1
712,114,675,212,81,106,0,-1,-1,-1,-1
712,136,615,168,29,46,0,-1,-1,-1,-1
713,114,678,216,80,107,0,-1,-1,-1,-1
713,136,612,168,28,44,0,-1,-1,-1,-1
714,114,679,223,83,109,0,-1,-1,-1,-1
714,136,607,167,28,44,0,-1,-1,-1,-1
715,114,680,226,83,110,0,-1,-1,-1,-1
715,136,606,167,27,43,0,-1,-1,-1,-1
716,114,681,232,84,112,0,-1,-1,-1,-1
716,136,603,167,29,45,0,-1,-1,-1,-1
717,114,681,240,86,114,0,-1,-1,-1,-1
717,136,600,167,28,45,0,-1,-1,-1,-1
718,114,680,242,87,116,0,-1,-1,-1,-1
718,136,599,167,28,45,0,-1,-1,-1,-1
719,114,678,247,89,119,0,-1,-1,-1,-1
719,136,597,167,27,44,0,-1,-1,-1,-1
720,114,676,253,91,121,0,-1,-1,-1,-1
720,136,595,167,27,44,0,-1,-1,-1,-1
721,114,676,255,91,121,0,-1,-1,-1,-1
721,136,594,167,28,44,0,-1,-1,-1,-1
722,114,674,258,93,124,0,-1,-1,-1,-1
722,136,592,169,27,43,0,-1,-1,-1,-1
723,114,673,260,96,128,0,-1,-1,-1,-1
723,136,590,169,27,42,0,-1,-1,-1,-1
724,114,672,260,98,131,0,-1,-1,-1,-1
724,136,590,170,26,41,0,-1,-1,-1,-1
725,114,675,261,101,135,0,-1,-1,-1,-1
725,136,588,169,26,43,0,-1,-1,-1,-1
726,114,683,264,103,137,0,-1,-1,-1,-1
726,136,585,169,27,44,0,-1,-1,-1,-1
727,114,686,266,104,137,0,-1,-1,-1,-1
727,136,584,170,27,44,0,-1,-1,-1,-1
728,114,694,270,105,140,0,-1,-1,-1,-1
728,136,582,170,27,43,0,-1,-1,-1,-1
729,114,705,277,109,145,0,-1,-1,-1,-1
729,136,580,170,27,43,0,-1,-1,-1,-1
730,114,709,280,110,146,0,-1,-1,-1,-1
730,136,580,170,27,43,0,-1,-1,-1,-1
731,114,723,286,113,149,0,-1,-1,-1,-1
731,136,577,170,28,44,0,-1,-1,-1,-1
732,114,741,297,116,150,0,-1,-1,-1,-1
732,136,573,170,29,46,0,-1,-1,-1,-1
733,114,748,301,117,151,0,-1,-1,-1,-1
733,136,572,169,29,47,0,-1,-1,-1,-1
734,114,773,312,116,149,0,-1,-1,-1,-1
734,136,569,170,31,49,0,-1,-1,-1,-1
735,114,795,319,122,157,0,-1,-1,-1,-1
735,136,568,171,32,50,0,-1,-1,-1,-1
736,114,803,322,125,159,0,-1,-1,-1,-1
736,136,567,171,33,51,0,-1,-1,-1,-1
737,114,824,323,128,162,0,-1,-1,-1,-1
737,136,566,172,35,53,0,-1,-1,-1,-1
738,114,854,326,130,162,0,-1,-1,-1,-1
738,136,567,173,35,54,0,-1,-1,-1,-1
739,114,865,327,132,162,0,-1,-1,-1,-1
739,136,567,173,36,54,0,-1,-1,-1,-1
740,114,887,329,134,166,0,-1,-1,-1,-1
740,136,568,173,37,56,0,-1,-1,-1,-1
741,114,912,334,139,172,0,-1,-1,-1,-1
741,136,569,174,38,55,0,-1,-1,-1,-1
742,114,921,336,141,174,0,-1,-1,-1,-1
742,136,569,174,39,56,0,-1,-1,-1,-1
743,114,944,341,144,178,0,-1,-1,-1,-1
743,136,570,175,40,56,0,-1,-1,-1,-1
744,114,977,350,148,184,0,-1,-1,-1,-1
744,136,571,177,40,55,0,-1,-1,-1,-1
745,114,989,354,149,185,0,-1,-1,-1,-1
745,136,572,178,40,54,0,-1,-1,-1,-1
746,114,1015,363,153,191,0,-1,-1,-1,-1
746,136,573,178,41,55,0,-1,-1,-1,-1
747,136,575,179,42,56,0,-1,-1,-1,-1
748,136,575,179,43,56,0,-1,-1,-1,-1
749,136,577,180,43,56,0,-1,-1,-1,-1
750,136,580,181,43,57,0,-1,-1,-1,-1
751,136,581,181,43,57,0,-1,-1,-1,-1
752,136,582,182,45,56,0,-1,-1,-1,-1
753,136,585,183,44,56,0,-1,-1,-1,-1
754,136,586,183,44,56,0,-1,-1,-1,-1
755,136,587,183,45,56,0,-1,-1,-1,-1
756,136,588,183,45,57,0,-1,-1,-1,-1
757,136,589,182,45,58,0,-1,-1,-1,-1
758,136,590,182,45,58,0,-1,-1,-1,-1
759,136,590,182,46,58,0,-1,-1,-1,-1
760,136,590,182,47,59,0,-1,-1,-1,-1
761,136,590,182,47,59,0,-1,-1,-1,-1
762,136,590,182,47,59,0,-1,-1,-1,-1
763,136,590,182,47,59,0,-1,-1,-1,-1
764,136,590,182,47,60,0,-1,-1,-1,-1
765,136,588,182,48,61,0,-1,-1,-1,-1
766,136,588,182,48,61,0,-1,-1,-1,-1
767,136,587,183,48,62,0,-1,-1,-1,-1
768,136,584,185,49,61,0,-1,-1,-1,-1
769,136,584,186,48,61,0,-1,-1,-1,-1
770,136,581,187,48,62,0,-1,-1,-1,-1
771,136,577,189,49,62,0,-1,-1,-1,-1
772,136,575,189,50,62,0,-1,-1,-1,-1
773,136,572,191,49,61,0,-1,-1,-1,-1
774,136,568,192,49,62,0,-1,-1,-1,-1
775,136,567,192,49,62,0,-1,-1,-1,-1
776,136,564,193,50,62,0,-1,-1,-1,-1
777,136,563,194,49,62,0,-1,-1,-1,-1
778,136,562,194,50,62,0,-1,-1,-1,-1
779,136,562,196,49,61,0,-1,-1,-1,-1
780,136,561,197,49,60,0,-1,-1,-1,-1
781,136,561,197,49,61,0,-1,-1,-1,-1
782,136,561,197,50,61,0,-1,-1,-1,-1
783,136,561,198,51,62,0,-1,-1,-1,-1
784,136,561,198,51,63,0,-1,-1,-1,-1
785,136,562,199,52,64,0,-1,-1,-1,-1
786,136,563,201,53,65,0,-1,-1,-1,-1
787,136,564,202,53,65,0,-1,-1,-1,-1
788,136,566,204,54,66,0,-1,-1,-1,-1
789,136,569,206,55,67,0,-1,-1,-1,-1
790,136,570,206,56,68,0,-1,-1,-1,-1
791,136,574,208,55,69,0,-1,-1,-1,-1
792,136,579,209,56,68,0,-1,-1,-1,-1
793,136,581,209,56,69,0,-1,-1,-1,-1
794,136,586,208,56,70,0,-1,-1,-1,-1
795,136,593,208,56,69,0,-1,-1,-1,-1
796,136,595,208,56,69,0,-1,-1,-1,-1
797,136,600,208,57,69,0,-1,-1,-1,-1
798,136,607,209,56,69,0,-1,-1,-1,-1
799,136,609,209,56,69,0,-1,-1,-1,-1
800,136,613,209,57,69,0,-1,-1,-1,-1
801,136,618,209,58,70,0,-1,-1,-1,-1
802,136,619,209,59,70,0,-1,-1,-1,-1
803,136,622,210,59,71,0,-1,-1,-1,-1
804,136,626,211,60,71,0,-1,-1,-1,-1
805,136,627,211,60,72,0,-1,-1,-1,-1
806,136,629,211,62,74,0,-1,-1,-1,-1
807,136,632,213,62,75,0,-1,-1,-1,-1
808,136,633,214,63,75,0,-1,-1,-1,-1
809,136,634,216,64,76,0,-1,-1,-1,-1
810,136,636,220,64,76,0,-1,-1,-1,-1
811,136,637,221,64,76,0,-1,-1,-1,-1
812,136,638,223,63,76,0,-1,-1,-1,-1
813,136,638,225,64,76,0,-1,-1,-1,-1
814,136,638,225,64,77,0,-1,-1,-1,-1
815,136,639,225,65,77,0,-1,-1,-1,-1
816,136,640,225,65,78,0,-1,-1,-1,-1
817,136,640,225,66,78,0,-1,-1,-1,-1
818,136,641,225,67,79,0,-1,-1,-1,-1
819,136,642,225,68,80,0,-1,-1,-1,-1
820,136,643,225,68,80,0,-1,-1,-1,-1
821,136,644,225,68,81,0,-1,-1,-1,-1
822,136,645,226,68,81,0,-1,-1,-1,-1
823,136,645,226,69,81,0,-1,-1,-1,-1
824,136,646,228,68,80,0,-1,-1,-1,-1
825,136,647,229,69,81,0,-1,-1,-1,-1
826,136,647,230,69,81,0,-1,-1,-1,-1
827,136,648,230,69,81,0,-1,-1,-1,-1
828,136,648,230,70,82,0,-1,-1,-1,-1
829,136,648,230,70,82,0,-1,-1,-1,-1
830,136,649,230,70,83,0,-1,-1,-1,-1
831,136,649,230,70,83,0,-1,-1,-1,-1
832,136,648,230,71,83,0,-1,-1,-1,-1
833,136,648,230,71,83,0,-1,-1,-1,-1
834,136,647,229,72,84,0,-1,-1,-1,-1
835,136,647,229,72,84,0,-1,-1,-1,-1
836,136,646,229,72,84,0,-1,-1,-1,-1
837,136,646,229,72,84,0,-1,-1,-1,-1
838,136,646,230,71,84,0,-1,-1,-1,-1
839,136,645,231,71,84,0,-1,-1,-1,-1
840,136,643,232,73,85,0,-1,-1,-1,-1
841,136,643,233,72,84,0,-1,-1,-1,-1
842,136,642,234,72,85,0,-1,-1,-1,-1
843,136,642,235,72,85,0,-1,-1,-1,-1
844,136,641,236,72,84,0,-1,-1,-1,-1
845,136,641,236,72,85,0,-1,-1,-1,-1
846,136,641,236,72,85,0,-1,-1,-1,-1
847,136,640,236,73,85,0,-1,-1,-1,-1
848,136,640,236,73,86,0,-1,-1,-1,-1
849,136,639,238,73,86,0,-1,-1,-1,-1
850,136,639,239,73,86,0,-1,-1,-1,-1
851,136,639,241,74,87,0,-1,-1,-1,-1
852,136,640,245,75,89,0,-1,-1,-1,-1
853,136,641,246,75,89,0,-1,-1,-1,-1
854,136,643,251,75,90,0,-1,-1,-1,-1
855,136,646,257,77,92,0,-1,-1,-1,-1
856,136,647,259,78,93,0,-1,-1,-1,-1
857,136,652,263,79,95,0,-1,-1,-1,-1
858,136,659,269,80,95,0,-1,-1,-1,-1
859,136,662,271,80,96,0,-1,-1,-1,-1
860,136,670,273,82,98,0,-1,-1,-1,-1
861,136,681,276,84,99,0,-1,-1,-1,-1
862,136,685,277,84,100,0,-1,-1,-1,-1
863,136,694,278,86,102,0,-1,-1,-1,-1
864,136,705,279,88,104,0,-1,-1,-1,-1
865,136,709,280,88,104,0,-1,-1,-1,-1
866,136,716,280,89,106,0,-1,-1,-1,-1
867,136,724,282,92,107,0,-1,-1,-1,-1
868,136,727,283,92,107,0,-1,-1,-1,-1
869,136,736,285,94,110,0,-1,-1,-1,-1
870,136,746,290,97,112,0,-1,-1,-1,-1
871,136,750,291,97,114,0,-1,-1,-1,-1
872,136,759,296,100,117,0,-1,-1,-1,-1
873,136,771,305,103,121,0,-1,-1,-1,-1
874,136,775,309,105,122,0,-1,-1,-1,-1
875,136,784,319,105,123,0,-1,-1,-1,-1
876,136,793,331,106,125,0,-1,-1,-1,-1
877,136,796,335,106,126,0,-1,-1,-1,-1
878,136,801,346,107,128,0,-1,-1,-1,-1
879,136,807,356,109,131,0,-1,-1,-1,-1
880,136,809,360,110,132,0,-1,-1,-1,-1
881,136,816,366,114,136,0,-1,-1,-1,-1
882,136,826,374,118,142,0,-1,-1,-1,-1
883,136,830,377,119,144,0,-1,-1,-1,-1
884,136,843,382,121,147,0,-1,-1,-1,-1
885,136,860,388,125,152,0,-1,-1,-1,-1
886,136,867,391,126,153,0,-1,-1,-1,-1
887,136,880,395,131,160,0,-1,-1,-1,-1
888,136,900,402,138,170,0,-1,-1,-1,-1
889,136,908,405,141,173,0,-1,-1,-1,-1
890,136,928,419,142,175,0,-1,-1,-1,-1
891,136,962,441,144,179,0,-1,-1,-1,-1
892,136,976,450,143,180,0,-1,-1,-1,-1
894,136,1048,489,152,193,0,-1,-1,-1,-1
895,136,1063,497,154,195,0,-1,-1,-1,-1
896,136,1102,512,160,203,0,-1,-1,-1,-1
897,136,1153,528,167,212,0,-1,-1,-1,-1
898,136,1172,534,171,215,0,-1,-1,-1,-1
899,136,1223,552,169,212,0,-1,-1,-1,-1
1315,29,781,187,27,41,0,-1,-1,-1,-1
1317,29,782,184,27,41,0,-1,-1,-1,-1
1318,29,782,184,27,40,0,-1,-1,-1,-1
1319,29,781,183,28,41,0,-1,-1,-1,-1
1321,29,778,183,30,45,0,-1,-1,-1,-1
1322,29,776,181,32,48,0,-1,-1,-1,-1
1323,29,776,182,31,46,0,-1,-1,-1,-1
1324,29,776,182,31,45,0,-1,-1,-1,-1
1325,29,775,182,30,44,0,-1,-1,-1,-1
1326,29,774,181,31,43,0,-1,-1,-1,-1
1327,29,774,180,31,44,0,-1,-1,-1,-1
1328,29,773,179,31,44,0,-1,-1,-1,-1
1329,29,772,178,31,44,0,-1,-1,-1,-1
1330,29,771,178,32,43,0,-1,-1,-1,-1
1331,29,771,177,31,42,0,-1,-1,-1,-1
1332,29,771,176,30,41,0,-1,-1,-1,-1
1333,29,770,176,31,41,0,-1,-1,-1,-1
1334,29,768,175,33,43,0,-1,-1,-1,-1
1335,29,767,174,34,45,0,-1,-1,-1,-1
1336,29,766,174,35,46,0,-1,-1,-1,-1
1337,29,765,174,35,46,0,-1,-1,-1,-1
1338,29,764,173,36,47,0,-1,-1,-1,-1
1339,29,764,173,36,48,0,-1,-1,-1,-1
1340,29,763,172,36,48,0,-1,-1,-1,-1
1341,29,763,172,36,47,0,-1,-1,-1,-1
1342,29,763,172,36,46,0,-1,-1,-1,-1
1343,29,763,172,35,46,0,-1,-1,-1,-1
1344,29,763,171,34,45,0,-1,-1,-1,-1
1345,29,763,171,34,44,0,-1,-1,-1,-1
1346,29,763,171,34,43,0,-1,-1,-1,-1
1347,29,763,171,33,43,0,-1,-1,-1,-1
1348,29,763,171,33,43,0,-1,-1,-1,-1
1349,29,764,171,32,43,0,-1,-1,-1,-1
1350,29,764,172,33,42,0,-1,-1,-1,-1
1351,29,764,172,33,41,0,-1,-1,-1,-1
1352,29,764,172,33,42,0,-1,-1,-1,-1
1353,29,764,172,33,42,0,-1,-1,-1,-1
1354,29,764,172,33,42,0,-1,-1,-1,-1
1355,29,765,172,32,42,0,-1,-1,-1,-1
1356,29,765,172,32,43,0,-1,-1,-1,-1
1357,29,765,172,32,43,0,-1,-1,-1,-1
1358,29,765,173,32,42,0,-1,-1,-1,-1
1359,29,765,173,32,42,0,-1,-1,-1,-1
1360,29,765,173,32,42,0,-1,-1,-1,-1
1361,29,765,173,32,43,0,-1,-1,-1,-1
1362,29,764,173,33,43,0,-1,-1,-1,-1
1363,29,764,173,33,43,0,-1,-1,-1,-1
1364,29,764,173,33,44,0,-1,-1,-1,-1
1365,29,763,174,34,43,0,-1,-1,-1,-1
1366,29,763,174,33,44,0,-1,-1,-1,-1
1367,29,763,174,33,44,0,-1,-1,-1,-1
1368,29,763,174,33,44,0,-1,-1,-1,-1
1369,29,763,174,33,44,0,-1,-1,-1,-1
1370,29,763,174,33,44,0,-1,-1,-1,-1
1371,29,763,174,33,44,0,-1,-1,-1,-1
1372,29,763,175,33,43,0,-1,-1,-1,-1
1373,29,763,175,33,42,0,-1,-1,-1,-1
1374,29,764,175,32,41,0,-1,-1,-1,-1
1375,29,764,175,32,41,0,-1,-1,-1,-1
1376,29,765,174,32,41,0,-1,-1,-1,-1
1377,29,766,174,31,40,0,-1,-1,-1,-1
1378,29,766,173,32,41,0,-1,-1,-1,-1
1379,29,767,174,31,41,0,-1,-1,-1,-1
1380,29,768,175,30,39,0,-1,-1,-1,-1
1381,29,769,176,29,38,0,-1,-1,-1,-1
1382,29,769,176,29,38,0,-1,-1,-1,-1
1383,29,770,176,30,37,0,-1,-1,-1,-1
1384,29,771,176,29,37,0,-1,-1,-1,-1
1385,29,772,175,30,39,0,-1,-1,-1,-1
1386,29,773,175,29,38,0,-1,-1,-1,-1
1387,29,774,175,28,38,0,-1,-1,-1,-1
1388,29,774,175,28,38,0,-1,-1,-1,-1
1389,29,774,175,28,39,0,-1,-1,-1,-1
1390,29,774,176,28,38,0,-1,-1,-1,-1
1391,29,774,175,28,38,0,-1,-1,-1,-1
1392,29,774,176,27,37,0,-1,-1,-1,-1
1393,29,774,176,27,37,0,-1,-1,-1,-1
1394,29,774,176,27,37,0,-1,-1,-1,-1
1395,29,774,176,26,36,0,-1,-1,-1,-1
1396,29,774,176,26,36,0,-1,-1,-1,-1
1397,29,774,176,26,35,0,-1,-1,-1,-1
1398,29,774,176,25,35,0,-1,-1,-1,-1
1399,29,774,175,25,36,0,-1,-1,-1,-1
1400,29,774,175,24,35,0,-1,-1,-1,-1
1401,29,773,175,25,34,0,-1,-1,-1,-1
1402,29,773,175,25,34,0,-1,-1,-1,-1
1403,29,773,175,24,34,0,-1,-1,-1,-1
1404,29,773,174,24,34,0,-1,-1,-1,-1
1405,29,773,174,23,34,0,-1,-1,-1,-1
1406,29,772,175,24,34,0,-1,-1,-1,-1
1407,29,770,175,24,34,0,-1,-1,-1,-1
1408,29,770,175,24,34,0,-1,-1,-1,-1
1410,29,769,175,23,34,0,-1,-1,-1,-1
1411,29,769,175,23,33,0,-1,-1,-1,-1
1412,29,768,174,24,34,0,-1,-1,-1,-1
1413,29,767,175,24,35,0,-1,-1,-1,-1
1414,29,766,175,25,35,0,-1,-1,-1,-1
1415,29,765,174,26,37,0,-1,-1,-1,-1
1416,29,764,174,26,37,0,-1,-1,-1,-1
1417,29,764,173,26,38,0,-1,-1,-1,-1
1418,29,763,172,27,38,0,-1,-1,-1,-1
1419,29,763,172,26,38,0,-1,-1,-1,-1
1420,29,763,172,26,38,0,-1,-1,-1,-1
1421,29,762,172,27,39,0,-1,-1,-1,-1
1422,29,762,172,26,37,0,-1,-1,-1,-1
1423,29,762,172,26,37,0,-1,-1,-1,-1
1424,29,762,173,25,36,0,-1,-1,-1,-1
1425,29,761,174,25,36,0,-1,-1,-1,-1
1426,29,760,174,26,36,0,-1,-1,-1,-1
1427,29,760,175,25,35,0,-1,-1,-1,-1
1428,29,759,175,25,35,0,-1,-1,-1,-1
1429,29,759,175,25,35,0,-1,-1,-1,-1
1430,29,758,175,26,36,0,-1,-1,-1,-1
1431,29,757,176,27,37,0,-1,-1,-1,-1
1432,29,757,176,28,37,0,-1,-1,-1,-1
1433,29,755,175,29,38,0,-1,-1,-1,-1
1434,29,755,175,28,37,0,-1,-1,-1,-1
1435,29,754,175,28,36,0,-1,-1,-1,-1
1436,29,754,175,29,37,0,-1,-1,-1,-1
1437,29,754,175,29,37,0,-1,-1,-1,-1
1438,29,754,176,29,36,0,-1,-1,-1,-1
1439,29,754,175,29,36,0,-1,-1,-1,-1
1440,29,754,175,29,36,0,-1,-1,-1,-1
1441,29,754,175,29,36,0,-1,-1,-1,-1
1442,29,754,175,29,36,0,-1,-1,-1,-1
1443,29,753,175,30,37,0,-1,-1,-1,-1
1444,29,753,175,30,36,0,-1,-1,-1,-1
1445,29,753,175,30,37,0,-1,-1,-1,-1
1446,29,752,174,31,39,0,-1,-1,-1,-1
1447,29,751,174,33,39,0,-1,-1,-1,-1
1448,29,751,174,33,40,0,-1,-1,-1,-1
1449,29,750,174,34,40,0,-1,-1,-1,-1
1450,29,749,173,35,42,0,-1,-1,-1,-1
1451,29,749,173,34,41,0,-1,-1,-1,-1
1452,29,748,173,34,40,0,-1,-1,-1,-1
1453,29,748,173,34,40,0,-1,-1,-1,-1
1454,29,748,173,34,40,0,-1,-1,-1,-1
1455,29,748,173,34,40,0,-1,-1,-1,-1
1456,29,747,173,35,40,0,-1,-1,-1,-1
1457,29,747,173,34,40,0,-1,-1,-1,-1
1458,29,747,173,34,41,0,-1,-1,-1,-1
1459,29,747,173,34,41,0,-1,-1,-1,-1
1460,29,746,173,35,41,0,-1,-1,-1,-1
1461,29,746,174,35,40,0,-1,-1,-1,-1
1462,29,746,174,35,40,0,-1,-1,-1,-1
1462,80,783,191,28,55,0,-1,-1,-1,-1
1463,29,747,174,33,39,0,-1,-1,-1,-1
1463,80,779,192,27,53,0,-1,-1,-1,-1
1464,29,747,174,31,35,0,-1,-1,-1,-1
1464,80,772,196,25,48,0,-1,-1,-1,-1
1465,29,748,173,29,34,0,-1,-1,-1,-1
1465,80,770,197,25,46,0,-1,-1,-1,-1
1466,80,765,197,25,46,0,-1,-1,-1,-1
1467,80,757,197,26,45,0,-1,-1,-1,-1
1468,80,755,197,26,44,0,-1,-1,-1,-1
1469,80,749,195,27,46,0,-1,-1,-1,-1
1470,80,741,189,32,52,0,-1,-1,-1,-1
1471,80,738,187,34,55,0,-1,-1,-1,-1
1472,80,734,191,33,51,0,-1,-1,-1,-1
1473,80,729,194,32,48,0,-1,-1,-1,-1
1474,80,727,195,32,47,0,-1,-1,-1,-1
1475,80,722,194,34,48,0,-1,-1,-1,-1
1476,80,717,194,34,49,0,-1,-1,-1,-1
1476,206,749,173,33,44,0,-1,-1,-1,-1
1477,80,715,194,35,50,0,-1,-1,-1,-1
1477,206,749,173,33,44,0,-1,-1,-1,-1
1478,80,712,196,35,49,0,-1,-1,-1,-1
1478,206,749,173,34,44,0,-1,-1,-1,-1
1479,80,707,197,36,49,0,-1,-1,-1,-1
1479,206,749,173,33,44,0,-1,-1,-1,-1
1480,80,706,198,36,49,0,-1,-1,-1,-1
1480,206,749,173,33,44,0,-1,-1,-1,-1
1481,80,702,199,37,49,0,-1,-1,-1,-1
1481,206,749,173,33,44,0,-1,-1,-1,-1
1482,80,698,200,37,50,0,-1,-1,-1,-1
1482,206,749,173,33,43,0,-1,-1,-1,-1
1483,80,696,201,38,49,0,-1,-1,-1,-1
1483,206,749,174,32,42,0,-1,-1,-1,-1
1484,80,693,202,37,48,0,-1,-1,-1,-1
1484,206,748,174,33,43,0,-1,-1,-1,-1
1485,80,688,200,39,51,0,-1,-1,-1,-1
1485,206,748,174,34,44,0,-1,-1,-1,-1
1486,80,686,199,40,52,0,-1,-1,-1,-1
1486,206,748,174,34,45,0,-1,-1,-1,-1
1487,80,683,200,40,51,0,-1,-1,-1,-1
1487,206,748,174,35,45,0,-1,-1,-1,-1
1488,80,678,200,41,52,0,-1,-1,-1,-1
1488,206,748,174,35,45,0,-1,-1,-1,-1
1489,80,677,200,41,53,0,-1,-1,-1,-1
1489,206,748,174,35,45,0,-1,-1,-1,-1
1490,80,675,202,41,52,0,-1,-1,-1,-1
1490,206,748,174,36,45,0,-1,-1,-1,-1
1491,80,671,202,42,53,0,-1,-1,-1,-1
1491,206,748,174,36,46,0,-1,-1,-1,-1
1492,80,670,202,42,54,0,-1,-1,-1,-1
1492,206,748,174,36,46,0,-1,-1,-1,-1
1493,80,667,203,43,54,0,-1,-1,-1,-1
1493,206,748,173,36,47,0,-1,-1,-1,-1
1494,80,662,203,44,56,0,-1,-1,-1,-1
1494,206,747,173,38,48,0,-1,-1,-1,-1
1495,80,660,203,45,56,0,-1,-1,-1,-1
1495,206,747,173,38,48,0,-1,-1,-1,-1
1496,80,657,204,45,56,0,-1,-1,-1,-1
1496,206,747,174,38,48,0,-1,-1,-1,-1
1497,80,652,203,47,60,0,-1,-1,-1,-1
1497,206,747,174,38,48,0,-1,-1,-1,-1
1498,80,650,203,48,60,0,-1,-1,-1,-1
1498,206,747,174,38,48,0,-1,-1,-1,-1
1499,80,648,209,45,56,0,-1,-1,-1,-1
1499,206,748,173,38,48,0,-1,-1,-1,-1
1500,80,644,213,44,56,0,-1,-1,-1,-1
1500,206,749,174,36,45,0,-1,-1,-1,-1
1501,80,642,215,44,55,0,-1,-1,-1,-1
1501,206,749,174,36,44,0,-1,-1,-1,-1
1502,80,638,217,44,55,0,-1,-1,-1,-1
1502,206,749,173,36,46,0,-1,-1,-1,-1
1503,80,632,217,47,57,0,-1,-1,-1,-1
1503,206,749,173,37,47,0,-1,-1,-1,-1
1504,80,630,217,48,58,0,-1,-1,-1,-1
1504,206,749,173,37,48,0,-1,-1,-1,-1
1505,80,627,218,47,58,0,-1,-1,-1,-1
1505,206,748,173,39,48,0,-1,-1,-1,-1
1506,80,623,218,48,59,0,-1,-1,-1,-1
1506,206,748,173,39,49,0,-1,-1,-1,-1
1507,80,622,218,48,60,0,-1,-1,-1,-1
1507,206,748,173,39,49,0,-1,-1,-1,-1
1508,80,620,220,48,59,0,-1,-1,-1,-1
1508,206,748,173,39,50,0,-1,-1,-1,-1
1509,80,618,220,50,61,0,-1,-1,-1,-1
1509,206,748,173,39,50,0,-1,-1,-1,-1
1510,80,617,220,51,62,0,-1,-1,-1,-1
1510,206,748,173,39,50,0,-1,-1,-1,-1
1511,80,617,222,51,63,0,-1,-1,-1,-1
1511,206,748,173,39,50,0,-1,-1,-1,-1
1512,80,619,227,49,61,0,-1,-1,-1,-1
1512,206,749,173,38,49,0,-1,-1,-1,-1
1513,80,620,229,48,60,0,-1,-1,-1,-1
1513,206,749,173,38,49,0,-1,-1,-1,-1
1514,80,621,233,48,60,0,-1,-1,-1,-1
1514,206,749,173,38,49,0,-1,-1,-1,-1
1515,80,622,236,50,61,0,-1,-1,-1,-1
1515,206,749,173,38,49,0,-1,-1,-1,-1
1516,80,623,237,50,62,0,-1,-1,-1,-1
1516,206,749,173,38,49,0,-1,-1,-1,-1
1517,80,625,238,52,64,0,-1,-1,-1,-1
1517,206,749,173,38,50,0,-1,-1,-1,-1
1518,80,628,237,53,66,0,-1,-1,-1,-1
1518,206,749,173,38,50,0,-1,-1,-1,-1
1519,80,629,237,54,67,0,-1,-1,-1,-1
1519,206,749,173,38,50,0,-1,-1,-1,-1
1520,80,633,237,54,67,0,-1,-1,-1,-1
1520,206,749,173,39,50,0,-1,-1,-1,-1
1521,80,638,240,53,66,0,-1,-1,-1,-1
1521,206,749,173,38,50,0,-1,-1,-1,-1
1522,80,640,241,52,65,0,-1,-1,-1,-1
1522,206,749,173,38,49,0,-1,-1,-1,-1
1523,80,642,241,54,68,0,-1,-1,-1,-1
1523,206,749,173,38,49,0,-1,-1,-1,-1
1524,80,646,244,54,68,0,-1,-1,-1,-1
1524,206,750,173,37,48,0,-1,-1,-1,-1
1525,80,648,245,54,68,0,-1,-1,-1,-1
1525,206,750,173,37,48,0,-1,-1,-1,-1
1526,80,651,248,54,68,0,-1,-1,-1,-1
1526,206,750,173,37,47,0,-1,-1,-1,-1
1527,80,654,252,55,70,0,-1,-1,-1,-1
1527,206,750,173,37,47,0,-1,-1,-1,-1
1528,80,655,253,56,71,0,-1,-1,-1,-1
1528,206,750,173,37,47,0,-1,-1,-1,-1
1529,80,660,260,55,70,0,-1,-1,-1,-1
1529,206,749,172,38,49,0,-1,-1,-1,-1
1530,80,663,265,57,73,0,-1,-1,-1,-1
1530,206,749,172,38,49,0,-1,-1,-1,-1
1531,80,664,267,58,74,0,-1,-1,-1,-1
1531,206,749,172,38,49,0,-1,-1,-1,-1
1532,80,668,274,58,74,0,-1,-1,-1,-1
1532,206,748,172,39,49,0,-1,-1,-1,-1
1533,80,672,278,60,75,0,-1,-1,-1,-1
1533,206,750,173,36,46,0,-1,-1,-1,-1
1534,80,673,280,60,75,0,-1,-1,-1,-1
1534,206,750,173,36,45,0,-1,-1,-1,-1
1535,80,677,282,61,77,0,-1,-1,-1,-1
1535,206,751,173,36,45,0,-1,-1,-1,-1
1536,80,682,283,62,79,0,-1,-1,-1,-1
1536,206,751,173,36,46,0,-1,-1,-1,-1
1537,80,684,284,62,79,0,-1,-1,-1,-1
1537,206,751,173,36,46,0,-1,-1,-1,-1
1538,80,689,285,63,81,0,-1,-1,-1,-1
1538,206,750,173,37,47,0,-1,-1,-1,-1
1539,80,695,286,66,83,0,-1,-1,-1,-1
1539,206,750,173,38,47,0,-1,-1,-1,-1
1540,80,698,286,65,84,0,-1,-1,-1,-1
1540,206,750,173,38,47,0,-1,-1,-1,-1
1541,80,703,288,67,85,0,-1,-1,-1,-1
1541,206,750,173,38,47,0,-1,-1,-1,-1
1542,80,710,292,70,90,0,-1,-1,-1,-1
1542,206,751,174,37,46,0,-1,-1,-1,-1
1543,80,713,294,70,91,0,-1,-1,-1,-1
1543,206,751,174,37,46,0,-1,-1,-1,-1
1544,80,720,304,69,89,0,-1,-1,-1,-1
1544,206,750,174,38,46,0,-1,-1,-1,-1
1545,80,728,314,71,91,0,-1,-1,-1,-1
1545,206,750,173,38,48,0,-1,-1,-1,-1
1546,80,731,317,71,92,0,-1,-1,-1,-1
1546,206,750,173,39,49,0,-1,-1,-1,-1
1547,80,741,327,71,91,0,-1,-1,-1,-1
1547,206,750,173,38,48,0,-1,-1,-1,-1
1548,80,747,322,80,104,0,-1,-1,-1,-1
1548,206,750,173,39,48,0,-1,-1,-1,-1
1549,80,750,321,83,107,0,-1,-1,-1,-1
1549,206,750,173,39,48,0,-1,-1,-1,-1
1550,80,761,328,82,106,0,-1,-1,-1,-1
1550,206,751,173,38,48,0,-1,-1,-1,-1
1551,80,770,322,91,119,0,-1,-1,-1,-1
1551,206,751,173,37,46,0,-1,-1,-1,-1
1552,80,774,319,94,124,0,-1,-1,-1,-1
1552,206,751,173,37,46,0,-1,-1,-1,-1
1553,80,784,321,96,127,0,-1,-1,-1,-1
1553,206,752,172,36,46,0,-1,-1,-1,-1
1554,80,801,333,92,125,0,-1,-1,-1,-1
1554,206,752,172,36,46,0,-1,-1,-1,-1
1555,80,807,338,91,123,0,-1,-1,-1,-1
1555,206,751,172,37,46,0,-1,-1,-1,-1
1556,80,819,351,89,119,0,-1,-1,-1,-1
1556,206,752,173,36,44,0,-1,-1,-1,-1
1557,80,836,368,86,116,0,-1,-1,-1,-1
1557,206,752,173,35,44,0,-1,-1,-1,-1
1558,80,842,375,85,113,0,-1,-1,-1,-1
1558,206,753,173,34,43,0,-1,-1,-1,-1
1559,80,859,399,80,104,0,-1,-1,-1,-1
1559,206,753,173,35,43,0,-1,-1,-1,-1
1560,80,873,408,88,115,0,-1,-1,-1,-1
1560,206,753,173,34,42,0,-1,-1,-1,-1
1561,80,878,412,91,118,0,-1,-1,-1,-1
1561,206,753,173,34,42,0,-1,-1,-1,-1
1562,80,895,431,89,114,0,-1,-1,-1,-1
1562,206,754,174,33,41,0,-1,-1,-1,-1
1563,80,912,441,95,120,0,-1,-1,-1,-1
1563,206,754,174,33,40,0,-1,-1,-1,-1
1564,80,919,445,96,122,0,-1,-1,-1,-1
1564,206,754,174,33,40,0,-1,-1,-1,-1
1565,80,935,455,99,124,0,-1,-1,-1,-1
1565,206,754,174,33,40,0,-1,-1,-1,-1
1566,80,957,464,103,128,0,-1,-1,-1,-1
1566,206,754,174,33,40,0,-1,-1,-1,-1
1567,80,965,467,105,130,0,-1,-1,-1,-1
1567,206,754,174,33,40,0,-1,-1,-1,-1
1568,80,984,470,111,139,0,-1,-1,-1,-1
1568,206,754,174,33,40,0,-1,-1,-1,-1
1569,80,1011,481,117,145,0,-1,-1,-1,-1
1569,206,754,174,33,40,0,-1,-1,-1,-1
1570,80,1022,484,118,149,0,-1,-1,-1,-1
1570,206,754,173,34,41,0,-1,-1,-1,-1
1571,206,754,173,34,41,0,-1,-1,-1,-1
1572,206,754,173,34,41,0,-1,-1,-1,-1
1573,206,754,173,34,41,0,-1,-1,-1,-1
1574,206,753,173,35,41,0,-1,-1,-1,-1
1575,206,753,173,35,41,0,-1,-1,-1,-1
1576,206,753,173,35,41,0,-1,-1,-1,-1
1577,206,753,173,35,41,0,-1,-1,-1,-1
1578,206,753,173,35,41,0,-1,-1,-1,-1
1579,206,753,173,35,41,0,-1,-1,-1,-1
1580,206,753,173,35,41,0,-1,-1,-1,-1
1581,206,753,174,35,40,0,-1,-1,-1,-1
1582,206,753,174,35,40,0,-1,-1,-1,-1
1583,206,753,174,35,40,0,-1,-1,-1,-1
1584,206,753,174,35,40,0,-1,-1,-1,-1
1585,206,753,174,35,40,0,-1,-1,-1,-1
1586,206,753,174,35,40,0,-1,-1,-1,-1
1587,206,753,174,35,40,0,-1,-1,-1,-1
1588,206,753,173,35,41,0,-1,-1,-1,-1
1589,206,753,173,35,41,0,-1,-1,-1,-1
1590,206,753,173,35,41,0,-1,-1,-1,-1
1591,206,753,173,35,41,0,-1,-1,-1,-1
1592,206,754,173,35,41,0,-1,-1,-1,-1
1593,206,754,173,35,41,0,-1,-1,-1,-1
1594,206,754,173,35,41,0,-1,-1,-1,-1
1595,206,754,173,35,41,0,-1,-1,-1,-1
1596,206,754,173,35,41,0,-1,-1,-1,-1
1597,206,754,173,35,41,0,-1,-1,-1,-1
1598,206,754,173,35,41,0,-1,-1,-1,-1
1599,206,754,173,35,41,0,-1,-1,-1,-1
1600,206,754,173,35,41,0,-1,-1,-1,-1
1601,206,754,173,35,41,0,-1,-1,-1,-1
1602,206,754,173,35,41,0,-1,-1,-1,-1
1603,206,754,173,35,41,0,-1,-1,-1,-1
1604,206,753,172,36,42,0,-1,-1,-1,-1
1605,206,753,172,36,42,0,-1,-1,-1,-1
1606,206,753,172,36,42,0,-1,-1,-1,-1
1607,206,753,172,36,42,0,-1,-1,-1,-1
1608,206,753,172,36,42,0,-1,-1,-1,-1
1609,206,753,172,36,42,0,-1,-1,-1,-1
1610,206,753,172,35,42,0,-1,-1,-1,-1
1611,206,753,173,35,41,0,-1,-1,-1,-1
1612,206,753,173,35,41,0,-1,-1,-1,-1
1613,206,753,173,35,42,0,-1,-1,-1,-1
1614,206,752,173,36,42,0,-1,-1,-1,-1
1615,206,752,173,36,42,0,-1,-1,-1,-1
1616,206,752,173,36,42,0,-1,-1,-1,-1
1617,206,752,173,36,42,0,-1,-1,-1,-1
1618,206,752,173,36,42,0,-1,-1,-1,-1
1619,206,752,173,36,42,0,-1,-1,-1,-1
1620,206,752,173,36,42,0,-1,-1,-1,-1
1621,206,752,173,36,42,0,-1,-1,-1,-1
1622,206,752,173,36,42,0,-1,-1,-1,-1
1623,206,752,173,36,42,0,-1,-1,-1,-1
1624,206,752,173,36,42,0,-1,-1,-1,-1
1625,206,752,173,36,42,0,-1,-1,-1,-1
1626,206,752,173,36,42,0,-1,-1,-1,-1
1627,206,752,173,36,42,0,-1,-1,-1,-1
1628,206,752,173,36,42,0,-1,-1,-1,-1
1629,206,753,173,35,42,0,-1,-1,-1,-1
1630,206,753,173,35,42,0,-1,-1,-1,-1
1631,206,753,174,35,41,0,-1,-1,-1,-1
1632,206,753,174,35,41,0,-1,-1,-1,-1
1633,206,753,174,35,41,0,-1,-1,-1,-1
1633,217,781,214,28,41,0,-1,-1,-1,-1
1634,206,754,173,33,39,0,-1,-1,-1,-1
1634,217,778,214,29,43,0,-1,-1,-1,-1
1635,206,756,172,31,37,0,-1,-1,-1,-1
1635,217,771,215,29,44,0,-1,-1,-1,-1
1636,206,756,172,31,35,0,-1,-1,-1,-1
1636,217,769,216,30,43,0,-1,-1,-1,-1
1637,217,761,215,30,43,0,-1,-1,-1,-1
1638,217,752,213,31,44,0,-1,-1,-1,-1
1639,217,749,212,31,45,0,-1,-1,-1,-1
1640,217,742,209,34,47,0,-1,-1,-1,-1
1641,217,735,206,36,49,0,-1,-1,-1,-1
1642,217,733,204,36,51,0,-1,-1,-1,-1
1643,217,727,203,37,52,0,-1,-1,-1,-1
1644,217,721,204,38,51,0,-1,-1,-1,-1
1645,217,719,204,38,51,0,-1,-1,-1,-1
1646,217,716,204,39,52,0,-1,-1,-1,-1
1647,217,713,207,39,52,0,-1,-1,-1,-1
1648,217,712,208,39,52,0,-1,-1,-1,-1
1649,217,710,210,40,53,0,-1,-1,-1,-1
1650,217,708,212,41,53,0,-1,-1,-1,-1
1651,217,708,213,40,53,0,-1,-1,-1,-1
1652,217,706,214,42,54,0,-1,-1,-1,-1
1653,217,705,214,41,55,0,-1,-1,-1,-1
1654,217,704,215,42,54,0,-1,-1,-1,-1
1655,217,703,215,42,55,0,-1,-1,-1,-1
1656,217,700,214,43,57,0,-1,-1,-1,-1
1657,217,699,214,43,57,0,-1,-1,-1,-1
1658,217,696,215,45,58,0,-1,-1,-1,-1
1659,217,692,217,46,59,0,-1,-1,-1,-1
1660,217,690,218,47,59,0,-1,-1,-1,-1
1661,217,687,220,47,61,0,-1,-1,-1,-1
1662,217,682,225,48,61,0,-1,-1,-1,-1
1663,217,680,226,49,62,0,-1,-1,-1,-1
1664,217,676,231,48,62,0,-1,-1,-1,-1
1665,217,671,235,49,63,0,-1,-1,-1,-1
1666,217,669,236,49,63,0,-1,-1,-1,-1
1667,217,665,238,50,63,0,-1,-1,-1,-1
1668,217,661,238,50,64,0,-1,-1,-1,-1
1669,217,659,238,51,65,0,-1,-1,-1,-1
1670,217,656,238,52,65,0,-1,-1,-1,-1
1671,217,654,239,52,65,0,-1,-1,-1,-1
1672,217,654,239,52,66,0,-1,-1,-1,-1
1673,217,651,241,54,67,0,-1,-1,-1,-1
1674,217,650,245,55,69,0,-1,-1,-1,-1
1675,217,650,246,56,71,0,-1,-1,-1,-1
1676,217,650,251,57,72,0,-1,-1,-1,-1
1677,217,652,258,57,73,0,-1,-1,-1,-1
1678,217,653,260,57,73,0,-1,-1,-1,-1
1679,217,655,266,59,75,0,-1,-1,-1,-1
1680,217,660,271,60,75,0,-1,-1,-1,-1
1681,217,662,273,60,75,0,-1,-1,-1,-1
1682,217,667,274,60,77,0,-1,-1,-1,-1
1683,217,672,275,62,79,0,-1,-1,-1,-1
1684,217,674,275,62,80,0,-1,-1,-1,-1
1685,217,677,276,64,82,0,-1,-1,-1,-1
1686,217,681,278,66,84,0,-1,-1,-1,-1
1687,217,683,279,66,84,0,-1,-1,-1,-1
1688,217,687,282,67,87,0,-1,-1,-1,-1
1689,217,691,290,69,88,0,-1,-1,-1,-1
1690,217,692,292,71,89,0,-1,-1,-1,-1
1691,217,695,300,72,91,0,-1,-1,-1,-1
1692,217,697,310,74,95,0,-1,-1,-1,-1
1693,217,698,314,75,96,0,-1,-1,-1,-1
1694,217,700,321,76,98,0,-1,-1,-1,-1
1695,217,703,328,77,100,0,-1,-1,-1,-1
1696,217,704,331,78,99,0,-1,-1,-1,-1
1697,217,708,334,79,102,0,-1,-1,-1,-1
1698,217,715,337,81,104,0,-1,-1,-1,-1
1699,217,717,339,82,104,0,-1,-1,-1,-1
1700,217,724,340,84,106,0,-1,-1,-1,-1
1701,217,734,344,87,111,0,-1,-1,-1,-1
1702,217,738,346,88,112,0,-1,-1,-1,-1
1703,217,748,353,91,116,0,-1,-1,-1,-1
1704,217,763,364,95,121,0,-1,-1,-1,-1
1705,217,768,368,97,123,0,-1,-1,-1,-1
1706,217,783,381,99,126,0,-1,-1,-1,-1
1707,217,801,395,102,130,0,-1,-1,-1,-1
1708,217,808,400,103,131,0,-1,-1,-1,-1
1709,217,828,411,102,130,0,-1,-1,-1,-1
1710,217,854,420,105,134,0,-1,-1,-1,-1
1711,217,863,423,106,135,0,-1,-1,-1,-1
1712,217,882,430,110,138,0,-1,-1,-1,-1
1713,217,907,437,113,143,0,-1,-1,-1,-1
1714,217,916,439,114,145,0,-1,-1,-1,-1
1715,217,935,447,120,152,0,-1,-1,-1,-1
1818,236,787,194,24,45,0,-1,-1,-1,-1
1819,236,787,195,23,44,0,-1,-1,-1,-1
1820,236,782,195,24,45,0,-1,-1,-1,-1
1821,236,777,195,25,46,0,-1,-1,-1,-1
1822,236,775,194,26,47,0,-1,-1,-1,-1
1823,236,768,195,27,46,0,-1,-1,-1,-1
1824,236,761,194,28,47,0,-1,-1,-1,-1
1825,236,758,194,30,47,0,-1,-1,-1,-1
1826,236,752,193,30,48,0,-1,-1,-1,-1
1827,236,745,192,32,49,0,-1,-1,-1,-1
1828,236,742,192,33,49,0,-1,-1,-1,-1
1829,236,736,191,34,49,0,-1,-1,-1,-1
1830,236,730,191,35,49,0,-1,-1,-1,-1
1831,236,728,191,36,49,0,-1,-1,-1,-1
1832,236,724,191,37,50,0,-1,-1,-1,-1
1833,236,720,193,37,49,0,-1,-1,-1,-1
1834,236,718,193,37,50,0,-1,-1,-1,-1
1835,236,714,196,38,49,0,-1,-1,-1,-1
1836,236,711,198,38,50,0,-1,-1,-1,-1
1837,236,709,200,39,49,0,-1,-1,-1,-1
1838,236,707,202,40,51,0,-1,-1,-1,-1
1839,236,705,205,41,51,0,-1,-1,-1,-1
1840,236,705,206,41,52,0,-1,-1,-1,-1
1841,236,704,209,42,51,0,-1,-1,-1,-1
1842,236,703,211,43,52,0,-1,-1,-1,-1
1843,236,703,211,43,52,0,-1,-1,-1,-1
1844,236,703,211,43,53,0,-1,-1,-1,-1
1845,236,702,211,44,53,0,-1,-1,-1,-1
1846,236,701,211,45,53,0,-1,-1,-1,-1
1847,236,700,211,45,54,0,-1,-1,-1,-1
1848,236,697,211,47,54,0,-1,-1,-1,-1
1849,236,696,211,47,54,0,-1,-1,-1,-1
1850,236,694,211,48,55,0,-1,-1,-1,-1
1851,236,691,213,48,56,0,-1,-1,-1,-1
1852,236,690,213,49,56,0,-1,-1,-1,-1
1853,236,687,214,50,58,0,-1,-1,-1,-1
1854,236,683,218,51,58,0,-1,-1,-1,-1
1855,236,682,220,51,57,0,-1,-1,-1,-1
1856,236,679,223,51,59,0,-1,-1,-1,-1
1857,236,674,227,53,60,0,-1,-1,-1,-1
1858,236,672,229,53,60,0,-1,-1,-1,-1
1859,236,667,231,54,61,0,-1,-1,-1,-1
1860,236,661,234,55,62,0,-1,-1,-1,-1
1861,236,659,235,55,62,0,-1,-1,-1,-1
1862,236,654,235,56,64,0,-1,-1,-1,-1
1863,236,648,235,58,66,0,-1,-1,-1,-1
1864,236,646,234,59,67,0,-1,-1,-1,-1
1865,236,644,234,59,67,0,-1,-1,-1,-1
1866,236,641,233,61,69,0,-1,-1,-1,-1
1867,236,640,232,61,70,0,-1,-1,-1,-1
1868,236,639,232,63,71,0,-1,-1,-1,-1
1869,236,640,235,62,72,0,-1,-1,-1,-1
1870,236,640,237,62,71,0,-1,-1,-1,-1
1871,236,640,240,64,73,0,-1,-1,-1,-1
1872,236,642,247,65,74,0,-1,-1,-1,-1
1873,236,642,249,66,75,0,-1,-1,-1,-1
1874,236,646,256,65,76,0,-1,-1,-1,-1
1875,236,650,264,67,77,0,-1,-1,-1,-1
1876,236,652,267,68,77,0,-1,-1,-1,-1
1877,236,658,272,68,78,0,-1,-1,-1,-1
1878,236,665,277,69,79,0,-1,-1,-1,-1
1879,236,668,278,69,80,0,-1,-1,-1,-1
1880,236,673,279,71,81,0,-1,-1,-1,-1
1881,236,679,280,72,82,0,-1,-1,-1,-1
1882,236,681,280,73,83,0,-1,-1,-1,-1
1883,236,685,280,74,84,0,-1,-1,-1,-1
1884,236,691,281,75,86,0,-1,-1,-1,-1
1885,236,692,282,76,86,0,-1,-1,-1,-1
1886,236,696,284,79,90,0,-1,-1,-1,-1
1887,236,702,291,80,91,0,-1,-1,-1,-1
1888,236,704,294,81,91,0,-1,-1,-1,-1
1889,236,709,303,82,93,0,-1,-1,-1,-1
1890,236,714,314,85,96,0,-1,-1,-1,-1
1891,236,716,318,86,98,0,-1,-1,-1,-1
1892,236,722,329,87,99,0,-1,-1,-1,-1
1893,236,728,340,89,102,0,-1,-1,-1,-1
1894,236,730,344,90,103,0,-1,-1,-1,-1
1895,236,736,350,91,105,0,-1,-1,-1,-1
1896,236,744,356,94,106,0,-1,-1,-1,-1
1897,236,747,358,94,107,0,-1,-1,-1,-1
1898,236,756,360,96,109,0,-1,-1,-1,-1
1899,236,769,360,100,113,0,-1,-1,-1,-1
1900,236,773,360,102,115,0,-1,-1,-1,-1
1901,236,785,362,105,118,0,-1,-1,-1,-1
1902,236,801,368,109,123,0,-1,-1,-1,-1
1903,236,807,370,111,125,0,-1,-1,-1,-1
1904,236,821,380,116,129,0,-1,-1,-1,-1
1905,236,839,392,125,140,0,-1,-1,-1,-1
1906,236,846,397,128,143,0,-1,-1,-1,-1
1907,236,866,415,131,147,0,-1,-1,-1,-1
1908,236,895,440,133,149,0,-1,-1,-1,-1
1909,236,907,449,133,150,0,-1,-1,-1,-1
1910,236,936,469,132,148,0,-1,-1,-1,-1
1911,236,974,486,134,150,0,-1,-1,-1,-1
1912,236,988,492,136,151,0,-1,-1,-1,-1
1913,236,1019,504,139,153,0,-1,-1,-1,-1
1914,236,1057,513,146,160,0,-1,-1,-1,-1
1915,236,1071,516,149,163,0,-1,-1,-1,-1
1916,236,1101,521,157,172,0,-1,-1,-1,-1
