289,1,632,152,75,71,1,1,1
290,1,637,156,75,71,1,1,1
291,1,642,160,75,71,1,1,1
292,1,642,160,75,71,1,1,1
293,1,645,156,75,83,1,1,1
294,1,648,153,75,95,1,1,1
295,1,648,153,75,95,1,1,1
296,1,651,157,75,95,1,1,1
297,1,654,161,75,95,1,1,1
298,1,654,161,75,95,1,1,1
299,1,663,158,75,95,1,1,1
300,1,663,158,75,95,1,1,1
301,1,665,160,75,95,1,1,1
302,1,668,162,75,95,1,1,1
303,1,670,163,75,95,1,1,1
304,1,672,165,75,95,1,1,1
305,1,674,167,75,95,1,1,1
306,1,674,167,75,95,1,1,1
307,1,680,167,75,95,1,1,1
308,1,686,168,75,95,1,1,1
309,1,686,168,75,95,1,1,1
310,1,690,170,75,95,1,1,1
311,1,693,172,75,95,1,1,1
312,1,693,172,75,95,1,1,1
313,1,701,180,75,95,1,1,1
314,1,706,180,75,95,1,1,1
315,1,712,180,75,95,1,1,1
316,1,712,180,75,95,1,1,1
317,1,718,181,75,101,1,1,1
318,1,724,181,75,107,1,1,1
319,1,724,181,75,107,1,1,1
320,1,729,183,75,107,1,1,1
321,1,729,183,75,107,1,1,1
322,1,730,183,75,107,1,1,1
323,1,731,183,75,107,1,1,1
324,1,732,183,75,107,1,1,1
325,1,732,183,75,107,1,1,1
326,1,733,187,84,112,1,1,1
327,1,735,191,92,117,1,1,1
328,1,735,191,92,117,1,1,1
329,1,735,189,92,125,1,1,1
330,1,735,188,92,133,1,1,1
331,1,735,188,92,133,1,1,1
332,1,735,190,92,133,1,1,1
333,1,736,193,92,133,1,1,1
334,1,736,195,92,133,1,1,1
335,1,736,195,92,133,1,1,1
336,1,741,202,92,133,1,1,1
337,1,741,202,92,133,1,1,1
338,1,747,206,92,133,1,1,1
339,1,747,206,92,133,1,1,1
340,1,751,207,92,133,1,1,1
341,1,755,208,92,133,1,1,1
342,1,755,208,92,133,1,1,1
343,1,754,209,101,143,1,1,1
344,1,753,210,110,153,1,1,1
345,1,753,210,110,153,1,1,1
346,1,759,216,110,153,1,1,1
347,1,768,222,110,153,1,1,1
348,1,768,222,110,153,1,1,1
349,1,775,230,110,153,1,1,1
350,1,784,234,110,153,1,1,1
351,1,784,234,110,153,1,1,1
352,1,780,219,131,208,1,1,1
353,1,787,220,131,208,1,1,1
354,1,787,220,131,208,1,1,1
355,1,794,220,131,208,1,1,1
356,1,794,220,131,208,1,1,1
357,1,809,224,131,208,1,1,1
358,1,809,224,131,208,1,1,1
359,1,817,231,131,208,1,1,1
360,1,825,238,131,208,1,1,1
361,1,825,238,131,208,1,1,1
362,1,832,242,131,208,1,1,1
363,1,832,242,131,208,1,1,1
364,1,837,250,131,208,1,1,1
365,1,837,250,131,208,1,1,1
366,1,849,272,131,208,1,1,1
367,1,849,272,131,208,1,1,1
368,1,846,266,143,224,1,1,1
369,1,844,261,154,241,1,1,1
370,1,844,261,154,241,1,1,1
371,1,852,270,154,241,1,1,1
372,1,861,278,154,241,1,1,1
373,1,861,278,154,241,1,1,1
374,1,871,281,154,241,1,1,1
375,1,871,281,154,241,1,1,1
376,1,876,270,165,266,1,1,1
377,1,876,270,165,266,1,1,1
378,1,892,276,165,266,1,1,1
379,1,911,293,165,266,1,1,1
380,1,935,298,165,266,1,1,1
381,1,935,298,165,266,1,1,1
382,1,961,308,179,281,1,1,1
383,1,999,325,179,281,1,1,1
384,1,999,325,179,281,1,1,1
385,1,1043,351,179,281,1,1,1
386,1,1086,377,179,281,1,1,1
387,1,1086,377,179,281,1,1,1
388,1,1133,393,179,281,1,1,1
389,1,1182,414,179,281,1,1,1
390,1,1231,436,179,281,1,1,1
391,1,1231,436,179,281,1,1,1
392,1,1221,381,251,339,1,1,1
393,1,1221,381,251,339,1,1,1
394,1,1268,424,251,339,1,1,1
395,1,1309,428,251,339,1,1,1
396,1,1350,433,251,339,1,1,1
397,1,1350,433,251,339,1,1,1
398,1,1404,453,251,339,1,1,1
399,1,1404,453,251,339,1,1,1
400,1,1444,451,251,339,1,1,1
401,1,1483,467,251,339,1,1,1
402,1,1483,467,251,339,1,1,1
403,1,1518,488,251,339,1,1,1
404,1,1540,495,175,298,1,1,1
405,1,1575,494,175,298,1,1,1
406,1,1575,494,175,298,1,1,1
407,1,1622,507,127,239,1,1,1
408,1,1622,507,127,239,1,1,1
409,1,1661,525,79,162,1,1,1
410,1,1661,525,79,162,1,1,1
411,1,1696,549,44,138,1,1,1
418,2,723,140,63,80,1,1,1
419,2,723,140,63,80,1,1,1
420,2,724,140,63,80,1,1,1
421,2,725,141,63,80,1,1,1
422,2,726,141,63,80,1,1,1
423,2,726,141,63,80,1,1,1
424,2,727,141,63,80,1,1,1
425,2,728,142,63,80,1,1,1
426,2,729,142,63,80,1,1,1
427,2,729,142,63,80,1,1,1
428,2,729,142,63,80,1,1,1
429,2,729,142,63,80,1,1,1
430,2,728,142,63,80,1,1,1
431,2,728,142,63,80,1,1,1
432,2,727,142,63,80,1,1,1
433,2,727,142,63,80,1,1,1
434,2,726,142,63,80,1,1,1
435,2,726,142,63,80,1,1,1
436,2,725,142,63,80,1,1,1
437,2,725,142,63,80,1,1,1
438,2,725,142,63,80,1,1,1
439,2,724,142,63,80,1,1,1
440,2,724,142,63,80,1,1,1
441,2,723,142,63,80,1,1,1
442,2,723,142,63,80,1,1,1
443,2,722,142,63,80,1,1,1
444,2,722,142,63,80,1,1,1
445,2,721,142,63,80,1,1,1
446,2,721,142,63,80,1,1,1
447,2,720,142,63,80,1,1,1
448,2,718,142,63,80,1,1,1
449,2,717,142,63,80,1,1,1
450,2,716,142,63,80,1,1,1
451,2,714,142,63,80,1,1,1
452,2,714,142,63,80,1,1,1
453,2,709,142,63,80,1,1,1
454,2,708,142,63,80,1,1,1
455,2,706,142,63,80,1,1,1
456,2,705,142,63,80,1,1,1
457,2,704,142,63,80,1,1,1
458,2,702,142,63,80,1,1,1
459,2,702,142,63,80,1,1,1
460,2,701,144,63,80,1,1,1
461,2,699,145,63,80,1,1,1
462,2,697,146,63,80,1,1,1
463,2,697,146,63,80,1,1,1
464,2,695,148,63,80,1,1,1
465,2,693,150,63,80,1,1,1
466,2,693,150,63,80,1,1,1
467,2,693,152,63,80,1,1,1
468,2,693,154,63,80,1,1,1
469,2,693,155,63,80,1,1,1
470,2,693,157,63,80,1,1,1
471,2,693,159,63,80,1,1,1
472,2,693,160,63,80,1,1,1
473,2,693,162,63,80,1,1,1
474,2,693,164,63,80,1,1,1
475,2,693,165,63,80,1,1,1
476,2,693,165,63,80,1,1,1
477,2,696,165,63,80,1,1,1
478,2,698,164,63,80,1,1,1
479,2,701,164,63,80,1,1,1
480,2,701,164,63,80,1,1,1
481,2,706,165,63,80,1,1,1
482,2,706,165,63,80,1,1,1
483,2,710,163,63,80,1,1,1
484,2,710,163,63,80,1,1,1
485,2,711,164,63,80,1,1,1
486,2,711,165,63,80,1,1,1
487,2,712,166,63,80,1,1,1
488,2,712,167,63,80,1,1,1
489,2,713,168,63,80,1,1,1
490,2,713,169,63,80,1,1,1
491,2,713,169,63,80,1,1,1
492,2,712,171,63,80,1,1,1
493,2,710,174,63,80,1,1,1
494,2,709,176,63,80,1,1,1
495,2,709,176,63,80,1,1,1
496,2,707,178,63,80,1,1,1
497,2,705,180,63,80,1,1,1
498,2,703,182,63,80,1,1,1
499,2,701,184,63,80,1,1,1
500,2,701,184,63,80,1,1,1
501,2,701,185,64,81,1,1,1
502,2,701,185,65,82,1,1,1
503,2,701,186,66,83,1,1,1
504,2,700,186,67,83,1,1,1
505,2,700,187,68,84,1,1,1
506,2,700,188,69,85,1,1,1
507,2,700,188,70,86,1,1,1
508,2,700,189,71,86,1,1,1
509,2,700,189,72,87,1,1,1
510,2,700,189,72,87,1,1,1
511,2,702,199,72,87,1,1,1
512,2,708,202,72,87,1,1,1
513,2,713,206,72,87,1,1,1
514,2,713,206,72,87,1,1,1
514,3,690,184,33,55,1,1,1
515,2,721,206,72,87,1,1,1
515,3,692,186,33,55,1,1,1
516,2,728,207,72,87,1,1,1
516,3,693,189,33,55,1,1,1
517,2,728,207,72,87,1,1,1
517,3,694,191,33,55,1,1,1
518,2,735,208,72,87,1,1,1
518,3,694,191,33,55,1,1,1
519,2,743,210,72,87,1,1,1
519,3,694,191,39,68,1,1,1
520,2,743,210,72,87,1,1,1
520,3,694,191,39,68,1,1,1
521,2,745,212,72,87,1,1,1
521,3,694,191,39,71,1,1,1
522,2,747,214,72,87,1,1,1
522,3,694,191,39,74,1,1,1
523,2,749,216,72,87,1,1,1
523,3,693,191,39,76,1,1,1
524,2,751,218,72,87,1,1,1
524,3,693,191,40,79,1,1,1
525,2,753,220,72,87,1,1,1
525,3,693,191,40,82,1,1,1
526,2,753,220,72,87,1,1,1
526,3,693,191,40,82,1,1,1
527,2,752,220,75,100,1,1,1
527,3,692,191,40,82,1,1,1
528,2,751,219,78,114,1,1,1
528,3,691,191,40,82,1,1,1
529,2,751,219,78,114,1,1,1
529,3,690,191,40,82,1,1,1
530,2,752,230,78,114,1,1,1
530,3,690,191,40,82,1,1,1
531,2,752,230,78,114,1,1,1
531,3,686,191,44,82,1,1,1
532,2,751,237,78,114,1,1,1
532,3,682,191,48,82,1,1,1
533,2,751,241,78,114,1,1,1
533,3,682,191,48,82,1,1,1
534,2,751,245,78,114,1,1,1
534,3,680,196,48,82,1,1,1
535,2,751,249,78,114,1,1,1
535,3,678,201,48,82,1,1,1
536,2,751,249,78,114,1,1,1
536,3,675,206,48,82,1,1,1
537,2,750,251,78,114,1,1,1
537,3,675,206,48,82,1,1,1
538,2,750,253,78,114,1,1,1
538,3,670,206,48,82,1,1,1
539,2,749,255,78,114,1,1,1
539,3,666,209,48,82,1,1,1
540,2,749,255,78,114,1,1,1
540,3,663,213,48,82,1,1,1
541,2,749,255,80,122,1,1,1
541,3,659,216,48,82,1,1,1
542,2,749,255,83,131,1,1,1
542,3,659,216,48,82,1,1,1
543,2,749,255,86,140,1,1,1
543,3,651,218,48,82,1,1,1
544,2,749,255,86,140,1,1,1
544,3,651,218,48,82,1,1,1
544,4,770,160,44,47,1,1,1
545,2,749,255,91,150,1,1,1
545,3,650,219,48,82,1,1,1
545,4,770,160,44,50,1,1,1
546,2,749,255,96,160,1,1,1
546,3,650,219,48,82,1,1,1
546,4,770,160,44,53,1,1,1
547,2,749,255,96,160,1,1,1
547,3,649,219,48,82,1,1,1
547,4,770,160,44,56,1,1,1
548,2,756,267,96,160,1,1,1
548,3,649,220,48,82,1,1,1
548,4,770,160,44,58,1,1,1
549,2,763,278,96,160,1,1,1
549,3,648,220,48,82,1,1,1
549,4,770,160,44,61,1,1,1
550,2,770,289,96,160,1,1,1
550,3,648,220,48,82,1,1,1
550,4,770,160,44,61,1,1,1
551,2,770,289,96,160,1,1,1
551,3,649,226,54,82,1,1,1
551,4,769,161,44,61,1,1,1
552,2,778,292,96,160,1,1,1
552,3,650,233,60,82,1,1,1
552,4,767,162,44,61,1,1,1
553,2,790,305,96,160,1,1,1
553,3,650,233,60,82,1,1,1
553,4,766,163,44,61,1,1,1
554,2,809,313,96,160,1,1,1
554,3,651,239,60,82,1,1,1
554,4,765,163,44,61,1,1,1
555,2,809,313,96,160,1,1,1
555,3,653,245,60,82,1,1,1
555,4,764,164,44,61,1,1,1
556,2,828,327,96,160,1,1,1
556,3,653,245,60,82,1,1,1
556,4,763,165,44,61,1,1,1
557,2,853,331,96,160,1,1,1
557,3,661,246,60,82,1,1,1
557,4,763,165,44,61,1,1,1
558,2,853,331,96,160,1,1,1
558,3,661,246,60,82,1,1,1
558,4,756,168,44,61,1,1,1
559,2,869,333,111,176,1,1,1
559,3,671,249,60,82,1,1,1
559,4,752,168,44,61,1,1,1
560,2,890,338,111,176,1,1,1
560,3,671,242,63,92,1,1,1
560,4,745,171,44,61,1,1,1
561,2,911,342,111,176,1,1,1
561,3,671,242,63,92,1,1,1
561,4,745,171,44,61,1,1,1
562,2,911,342,111,176,1,1,1
562,3,673,242,63,92,1,1,1
562,4,740,171,44,61,1,1,1
563,2,912,348,111,176,1,1,1
563,3,675,242,63,92,1,1,1
563,4,732,169,44,61,1,1,1
564,2,943,359,111,176,1,1,1
564,3,675,242,63,92,1,1,1
564,4,732,169,44,61,1,1,1
565,2,970,377,111,176,1,1,1
565,3,676,241,66,103,1,1,1
565,4,729,169,44,61,1,1,1
566,2,962,367,161,207,1,1,1
566,3,677,239,70,113,1,1,1
566,4,725,169,44,61,1,1,1
567,2,962,367,161,207,1,1,1
567,3,677,239,70,113,1,1,1
567,4,725,169,44,61,1,1,1
568,2,1015,399,161,207,1,1,1
568,3,677,247,70,113,1,1,1
568,4,717,169,44,61,1,1,1
569,2,1012,416,188,218,1,1,1
569,3,678,254,70,113,1,1,1
569,4,715,170,44,61,1,1,1
570,2,1012,416,188,218,1,1,1
570,3,678,254,70,113,1,1,1
570,4,713,171,44,61,1,1,1
571,2,1059,457,188,218,1,1,1
571,3,678,261,70,113,1,1,1
571,4,713,171,44,61,1,1,1
572,2,1096,470,188,218,1,1,1
572,3,678,261,70,126,1,1,1
572,4,713,176,44,61,1,1,1
573,2,1096,470,188,218,1,1,1
573,3,678,261,70,126,1,1,1
573,4,713,176,44,61,1,1,1
574,2,1119,486,215,234,1,1,1
574,3,678,273,70,126,1,1,1
574,4,713,180,44,61,1,1,1
575,2,1171,508,215,234,1,1,1
575,3,679,274,70,126,1,1,1
575,4,712,183,44,61,1,1,1
576,2,1171,508,215,234,1,1,1
576,3,681,276,70,126,1,1,1
576,4,712,187,44,61,1,1,1
577,2,1216,538,215,234,1,1,1
577,3,682,277,70,126,1,1,1
577,4,712,187,44,61,1,1,1
578,2,1231,524,263,267,1,1,1
578,3,682,277,70,126,1,1,1
578,4,712,187,44,61,1,1,1
579,2,1231,524,263,267,1,1,1
579,3,682,282,79,126,1,1,1
579,4,713,187,44,61,1,1,1
580,2,1288,547,263,267,1,1,1
580,3,690,284,79,126,1,1,1
580,4,713,188,44,61,1,1,1
581,2,1288,547,263,267,1,1,1
581,3,692,289,88,137,1,1,1
581,4,714,188,44,61,1,1,1
582,2,1348,567,263,267,1,1,1
582,3,692,289,88,137,1,1,1
582,4,714,188,44,61,1,1,1
583,2,1400,602,263,267,1,1,1
583,3,693,294,99,145,1,1,1
583,4,715,189,44,61,1,1,1
584,2,1428,602,263,267,1,1,1
584,3,709,304,99,145,1,1,1
584,4,715,189,44,61,1,1,1
585,2,1428,602,263,267,1,1,1
585,3,709,304,99,145,1,1,1
585,4,716,189,44,61,1,1,1
586,2,1484,591,207,232,1,1,1
586,3,721,316,99,145,1,1,1
586,4,716,189,44,61,1,1,1
587,2,1554,658,137,165,1,1,1
587,3,743,329,99,145,1,1,1
587,4,711,189,50,65,1,1,1
588,2,1554,658,137,165,1,1,1
588,3,743,329,99,145,1,1,1
588,4,706,189,56,68,1,1,1
589,2,1608,693,83,130,1,1,1
589,3,763,343,99,145,1,1,1
589,4,706,189,56,68,1,1,1
590,2,1608,693,83,130,1,1,1
590,3,762,354,99,145,1,1,1
590,4,709,192,56,68,1,1,1
591,2,1640,720,52,103,1,1,1
591,3,793,356,99,145,1,1,1
591,4,712,195,56,68,1,1,1
592,3,802,350,113,157,1,1,1
592,4,712,195,56,68,1,1,1
593,3,824,354,113,157,1,1,1
593,4,712,195,56,76,1,1,1
594,3,824,354,113,157,1,1,1
594,4,712,195,56,84,1,1,1
595,3,846,364,113,157,1,1,1
595,4,712,195,56,84,1,1,1
596,3,849,348,127,187,1,1,1
596,4,712,195,59,87,1,1,1
597,3,849,348,127,187,1,1,1
597,4,712,194,61,90,1,1,1
598,3,877,369,127,187,1,1,1
598,4,712,194,64,93,1,1,1
599,3,896,386,127,187,1,1,1
599,4,712,194,67,96,1,1,1
600,3,896,386,127,187,1,1,1
600,4,712,193,70,99,1,1,1
600,5,780,141,26,39,1,1,1
601,3,914,402,127,187,1,1,1
601,4,712,193,70,99,1,1,1
601,5,779,141,28,41,1,1,1
602,3,937,432,127,187,1,1,1
602,4,714,194,70,99,1,1,1
602,5,777,141,30,43,1,1,1
603,3,937,432,127,187,1,1,1
603,4,716,195,70,99,1,1,1
603,5,775,141,32,45,1,1,1
604,3,934,428,157,220,1,1,1
604,4,717,196,70,99,1,1,1
604,5,773,141,34,47,1,1,1
605,3,951,453,157,220,1,1,1
605,4,719,197,70,99,1,1,1
605,5,771,141,36,49,1,1,1
606,3,951,453,157,220,1,1,1
606,4,721,198,70,99,1,1,1
606,5,771,141,36,49,1,1,1
607,3,982,472,157,220,1,1,1
607,4,721,198,70,99,1,1,1
607,5,770,141,36,49,1,1,1
608,3,1016,484,157,220,1,1,1
608,4,725,203,70,99,1,1,1
608,5,768,140,36,49,1,1,1
609,3,1016,484,157,220,1,1,1
609,4,728,208,70,99,1,1,1
609,5,767,140,36,49,1,1,1
610,3,1019,467,183,253,1,1,1
610,4,728,208,70,99,1,1,1
610,5,767,140,36,49,1,1,1
611,3,1065,476,183,253,1,1,1
611,4,735,219,70,99,1,1,1
611,5,765,140,38,50,1,1,1
612,3,1065,476,183,253,1,1,1
612,4,735,219,70,99,1,1,1
612,5,763,140,39,51,1,1,1
613,3,1090,498,183,253,1,1,1
613,4,739,223,70,99,1,1,1
613,5,762,140,41,51,1,1,1
614,3,1133,518,183,253,1,1,1
614,4,743,227,70,99,1,1,1
614,5,760,140,43,52,1,1,1
615,3,1133,518,183,253,1,1,1
615,4,743,227,70,99,1,1,1
615,5,758,140,45,53,1,1,1
616,3,1139,526,203,263,1,1,1
616,4,751,226,70,99,1,1,1
616,5,756,140,47,53,1,1,1
617,3,1187,561,203,263,1,1,1
617,4,751,226,70,99,1,1,1
617,5,756,140,47,53,1,1,1
618,3,1187,561,203,263,1,1,1
618,4,760,231,70,99,1,1,1
618,5,756,140,47,53,1,1,1
619,3,1223,593,203,263,1,1,1
619,4,770,235,70,99,1,1,1
619,5,755,140,47,53,1,1,1
620,3,1264,619,203,263,1,1,1
620,4,770,235,70,99,1,1,1
620,5,755,140,47,53,1,1,1
621,3,1264,619,203,263,1,1,1
621,4,765,232,81,103,1,1,1
621,5,754,140,47,53,1,1,1
622,3,1323,649,203,263,1,1,1
622,4,760,228,92,106,1,1,1
622,5,754,140,47,53,1,1,1
623,3,1392,678,203,263,1,1,1
623,4,760,228,92,106,1,1,1
623,5,753,140,47,53,1,1,1
624,3,1392,678,203,263,1,1,1
624,4,770,237,92,106,1,1,1
624,5,753,140,47,53,1,1,1
625,3,1435,681,203,263,1,1,1
625,4,776,238,92,106,1,1,1
625,5,752,140,47,53,1,1,1
626,3,1510,705,137,212,1,1,1
626,4,779,249,92,106,1,1,1
626,5,752,140,47,53,1,1,1
627,3,1510,705,137,212,1,1,1
627,4,779,249,92,106,1,1,1
627,5,751,141,47,53,1,1,1
628,3,1591,741,75,134,1,1,1
628,4,786,257,92,106,1,1,1
628,5,751,141,47,53,1,1,1
629,3,1591,741,75,134,1,1,1
629,4,778,255,100,122,1,1,1
629,5,750,141,47,53,1,1,1
630,3,1637,760,29,65,1,1,1
630,4,778,255,100,122,1,1,1
630,5,750,141,47,53,1,1,1
631,4,782,272,100,122,1,1,1
631,5,749,141,47,53,1,1,1
632,4,786,278,100,122,1,1,1
632,5,749,141,47,53,1,1,1
633,4,786,278,100,122,1,1,1
633,5,749,141,47,58,1,1,1
634,4,790,282,100,122,1,1,1
634,5,749,141,47,63,1,1,1
635,4,790,282,100,122,1,1,1
635,5,749,141,47,63,1,1,1
636,4,801,285,100,122,1,1,1
636,5,748,141,47,63,1,1,1
637,4,801,285,100,122,1,1,1
637,5,746,141,47,63,1,1,1
638,4,794,286,111,131,1,1,1
638,5,744,141,47,63,1,1,1
639,4,787,286,122,141,1,1,1
639,5,743,141,47,63,1,1,1
640,4,787,286,122,141,1,1,1
640,5,743,141,47,63,1,1,1
641,4,797,296,122,141,1,1,1
641,5,739,141,47,63,1,1,1
642,4,806,305,122,141,1,1,1
642,5,735,141,47,63,1,1,1
643,4,806,305,122,141,1,1,1
643,5,735,141,47,63,1,1,1
644,4,819,312,122,152,1,1,1
644,5,732,143,47,63,1,1,1
645,4,819,312,122,152,1,1,1
645,5,729,145,47,63,1,1,1
646,4,825,333,122,152,1,1,1
646,5,729,145,47,63,1,1,1
647,4,846,350,122,152,1,1,1
647,5,720,144,47,63,1,1,1
648,4,846,350,122,152,1,1,1
648,5,720,144,47,63,1,1,1
649,4,844,354,146,168,1,1,1
649,5,714,146,47,63,1,1,1
650,4,864,360,146,168,1,1,1
650,5,710,149,47,63,1,1,1
651,4,864,360,146,168,1,1,1
651,5,710,149,47,63,1,1,1
652,4,902,377,134,168,1,1,1
652,5,698,149,47,63,1,1,1
653,4,926,386,134,168,1,1,1
653,5,694,145,47,63,1,1,1
654,4,926,386,134,168,1,1,1
654,5,694,145,47,63,1,1,1
655,4,938,390,144,172,1,1,1
655,5,686,144,47,63,1,1,1
656,4,947,399,169,184,1,1,1
656,5,681,145,47,63,1,1,1
657,4,947,399,169,184,1,1,1
657,5,681,145,47,63,1,1,1
658,4,968,416,169,184,1,1,1
658,5,674,146,47,63,1,1,1
659,4,1003,440,169,184,1,1,1
659,5,671,148,47,63,1,1,1
660,4,1003,440,169,184,1,1,1
660,5,667,150,47,63,1,1,1
661,4,1035,464,169,184,1,1,1
661,5,667,150,47,63,1,1,1
662,4,1047,486,191,201,1,1,1
662,5,664,150,50,67,1,1,1
663,4,1047,486,191,201,1,1,1
663,5,661,150,53,71,1,1,1
664,4,1058,507,207,215,1,1,1
664,5,661,150,53,71,1,1,1
665,4,1077,529,234,227,1,1,1
665,5,661,156,53,71,1,1,1
666,4,1077,529,234,227,1,1,1
666,5,661,156,53,71,1,1,1
667,4,1125,553,234,227,1,1,1
667,5,661,160,53,71,1,1,1
668,4,1176,579,234,227,1,1,1
668,5,662,164,53,71,1,1,1
669,4,1176,579,234,227,1,1,1
669,5,662,164,53,71,1,1,1
670,4,1218,566,211,271,1,1,1
670,5,663,162,53,71,1,1,1
671,4,1218,566,211,271,1,1,1
671,5,665,160,53,71,1,1,1
672,4,1268,599,211,271,1,1,1
672,5,665,160,53,71,1,1,1
673,4,1328,630,211,271,1,1,1
673,5,665,160,53,71,1,1,1
674,4,1397,666,211,271,1,1,1
674,5,666,159,53,71,1,1,1
675,4,1397,666,211,271,1,1,1
675,5,667,159,53,71,1,1,1
676,4,1429,671,211,271,1,1,1
676,5,668,159,53,71,1,1,1
677,4,1429,735,211,172,1,1,1
677,5,669,158,53,71,1,1,1
678,4,1429,735,211,172,1,1,1
678,5,669,158,53,71,1,1,1
679,4,1451,737,211,172,1,1,1
679,5,669,164,53,71,1,1,1
680,4,1537,768,122,142,1,1,1
680,5,669,164,53,71,1,1,1
681,4,1537,768,122,142,1,1,1
681,5,669,175,53,71,1,1,1
682,4,1606,768,53,123,1,1,1
682,5,669,175,53,71,1,1,1
683,5,665,172,57,81,1,1,1
684,5,661,169,61,91,1,1,1
685,5,661,169,61,91,1,1,1
686,5,657,169,61,91,1,1,1
687,5,653,169,61,91,1,1,1
688,5,653,169,61,91,1,1,1
689,5,650,171,61,91,1,1,1
690,5,648,173,61,91,1,1,1
691,5,646,175,61,91,1,1,1
692,5,646,175,61,91,1,1,1
693,5,646,175,62,93,1,1,1
694,5,646,175,63,96,1,1,1
695,5,646,175,64,98,1,1,1
696,5,646,175,65,100,1,1,1
697,5,646,175,66,102,1,1,1
698,5,646,175,67,105,1,1,1
699,5,646,175,67,105,1,1,1
700,5,647,188,67,105,1,1,1
701,5,647,188,73,110,1,1,1
702,5,647,188,79,115,1,1,1
703,5,647,188,79,115,1,1,1
704,5,655,195,79,115,1,1,1
705,5,655,195,79,115,1,1,1
706,5,663,195,79,115,1,1,1
707,5,663,195,79,115,1,1,1
708,5,668,196,79,115,1,1,1
709,5,673,198,79,115,1,1,1
709,6,622,154,49,67,1,1,1
710,5,673,198,79,115,1,1,1
710,6,618,154,52,67,1,1,1
711,5,675,201,79,115,1,1,1
711,6,615,154,56,67,1,1,1
712,5,678,204,79,115,1,1,1
712,6,612,154,59,67,1,1,1
713,5,678,204,79,115,1,1,1
713,6,612,154,59,67,1,1,1
714,5,682,214,79,115,1,1,1
714,6,599,152,78,67,1,1,1
715,5,682,214,79,115,1,1,1
715,6,599,152,78,67,1,1,1
716,5,682,219,79,129,1,1,1
716,6,597,152,78,67,1,1,1
717,5,682,219,79,129,1,1,1
717,6,595,152,78,67,1,1,1
718,5,682,227,79,129,1,1,1
718,6,594,153,78,67,1,1,1
719,5,682,235,79,129,1,1,1
719,6,592,153,78,67,1,1,1
720,5,682,235,79,129,1,1,1
720,6,591,153,78,67,1,1,1
721,5,681,239,79,129,1,1,1
721,6,591,153,78,67,1,1,1
722,5,677,241,86,140,1,1,1
722,6,588,154,78,67,1,1,1
723,5,673,243,94,150,1,1,1
723,6,585,156,78,67,1,1,1
724,5,673,243,94,150,1,1,1
724,6,585,156,78,67,1,1,1
725,5,675,245,102,155,1,1,1
725,6,583,156,80,67,1,1,1
726,5,678,246,110,160,1,1,1
726,6,580,156,82,67,1,1,1
727,5,678,246,110,160,1,1,1
727,6,578,156,85,68,1,1,1
728,5,694,249,110,160,1,1,1
728,6,576,156,87,68,1,1,1
729,5,694,249,110,160,1,1,1
729,6,576,156,87,68,1,1,1
730,5,705,263,110,160,1,1,1
730,6,573,156,87,68,1,1,1
731,5,718,270,119,166,1,1,1
731,6,570,156,87,68,1,1,1
732,5,731,277,127,173,1,1,1
732,6,568,157,87,68,1,1,1
733,5,731,277,127,173,1,1,1
733,6,565,157,87,68,1,1,1
734,5,744,290,148,179,1,1,1
734,6,565,157,87,68,1,1,1
735,5,744,290,148,179,1,1,1
735,6,560,158,87,68,1,1,1
736,5,778,307,148,179,1,1,1
736,6,560,158,87,68,1,1,1
737,5,810,304,148,179,1,1,1
737,6,559,160,84,67,1,1,1
738,5,810,304,148,179,1,1,1
738,6,559,162,81,66,1,1,1
739,5,841,307,148,179,1,1,1
739,6,558,163,78,65,1,1,1
740,5,881,312,148,179,1,1,1
740,6,558,165,75,64,1,1,1
741,5,881,312,148,179,1,1,1
741,6,557,166,72,63,1,1,1
742,5,898,309,158,189,1,1,1
742,6,557,168,70,61,1,1,1
743,5,930,320,158,189,1,1,1
743,6,557,168,70,61,1,1,1
744,5,930,320,158,189,1,1,1
744,6,558,170,70,61,1,1,1
745,5,968,336,158,189,1,1,1
745,6,560,171,70,61,1,1,1
746,5,968,336,201,219,1,1,1
746,6,561,173,70,61,1,1,1
747,5,968,336,201,219,1,1,1
747,6,562,174,70,61,1,1,1
748,5,1013,354,201,219,1,1,1
748,6,564,176,70,61,1,1,1
749,5,1048,382,201,219,1,1,1
749,6,564,176,70,61,1,1,1
750,5,1048,382,201,219,1,1,1
750,6,566,177,70,61,1,1,1
751,5,1085,410,201,219,1,1,1
751,6,568,177,70,61,1,1,1
752,5,1128,424,201,219,1,1,1
752,6,570,178,70,61,1,1,1
753,5,1128,424,201,219,1,1,1
753,6,572,179,70,61,1,1,1
754,5,1166,429,220,253,1,1,1
754,6,572,179,70,61,1,1,1
755,5,1210,444,220,253,1,1,1
755,6,573,179,70,61,1,1,1
756,5,1210,444,220,253,1,1,1
756,6,574,179,70,61,1,1,1
757,5,1266,467,220,253,1,1,1
757,6,575,179,70,61,1,1,1
758,5,1304,486,220,253,1,1,1
758,6,576,179,70,61,1,1,1
759,5,1304,486,220,253,1,1,1
759,6,577,179,70,61,1,1,1
760,5,1338,484,259,298,1,1,1
760,6,577,179,70,61,1,1,1
761,5,1388,509,259,298,1,1,1
761,6,578,178,67,64,1,1,1
762,5,1388,509,259,298,1,1,1
762,6,578,178,65,66,1,1,1
763,5,1440,521,259,298,1,1,1
763,6,579,178,63,69,1,1,1
764,5,1502,554,197,265,1,1,1
764,6,580,177,61,71,1,1,1
765,5,1502,554,197,265,1,1,1
765,6,580,177,59,73,1,1,1
766,5,1560,554,140,265,1,1,1
766,6,581,177,57,76,1,1,1
767,5,1627,554,72,265,1,1,1
767,6,582,176,55,78,1,1,1
768,5,1627,554,72,265,1,1,1
768,6,583,176,53,80,1,1,1
769,5,1681,554,18,265,1,1,1
769,6,583,176,53,80,1,1,1
770,6,579,176,53,80,1,1,1
771,6,575,177,53,80,1,1,1
772,6,572,177,53,80,1,1,1
773,6,572,177,53,80,1,1,1
774,6,569,179,53,80,1,1,1
775,6,566,180,53,80,1,1,1
776,6,562,181,53,80,1,1,1
777,6,562,181,53,80,1,1,1
778,6,562,183,53,80,1,1,1
779,6,562,184,53,80,1,1,1
780,6,562,185,53,80,1,1,1
781,6,562,186,53,80,1,1,1
782,6,562,187,53,80,1,1,1
783,6,562,188,53,80,1,1,1
784,6,562,190,53,80,1,1,1
785,6,562,191,53,80,1,1,1
786,6,562,191,53,80,1,1,1
787,6,565,193,53,80,1,1,1
788,6,565,193,58,86,1,1,1
789,6,565,193,63,91,1,1,1
790,6,565,193,63,91,1,1,1
791,6,568,194,63,91,1,1,1
792,6,570,194,63,91,1,1,1
793,6,573,195,63,91,1,1,1
794,6,573,195,63,91,1,1,1
795,6,584,195,63,91,1,1,1
796,6,592,193,63,91,1,1,1
797,6,596,193,63,91,1,1,1
798,6,596,193,63,91,1,1,1
799,6,604,193,63,91,1,1,1
800,6,611,195,63,91,1,1,1
801,6,611,195,63,91,1,1,1
802,6,615,193,63,91,1,1,1
803,6,615,193,63,91,1,1,1
804,6,624,198,63,91,1,1,1
805,6,624,198,63,91,1,1,1
806,6,628,199,63,91,1,1,1
807,6,628,199,63,91,1,1,1
808,6,631,203,63,91,1,1,1
809,6,631,203,63,91,1,1,1
810,6,634,206,63,91,1,1,1
811,6,636,212,63,91,1,1,1
812,6,636,212,63,91,1,1,1
813,6,636,210,65,94,1,1,1
814,6,636,207,67,97,1,1,1
815,6,635,204,69,100,1,1,1
816,6,635,202,71,103,1,1,1
817,6,635,202,71,103,1,1,1
818,6,638,203,71,103,1,1,1
819,6,640,204,71,103,1,1,1
820,6,640,204,71,103,1,1,1
821,6,641,206,71,103,1,1,1
822,6,642,207,71,103,1,1,1
823,6,643,208,71,103,1,1,1
824,6,643,208,71,103,1,1,1
825,6,646,207,71,103,1,1,1
826,6,646,207,71,103,1,1,1
827,6,646,207,71,106,1,1,1
828,6,646,207,71,109,1,1,1
829,6,646,207,71,111,1,1,1
830,6,646,207,71,114,1,1,1
831,6,646,207,71,114,1,1,1
832,6,645,207,71,114,1,1,1
833,6,645,207,71,114,1,1,1
834,6,644,208,71,114,1,1,1
835,6,644,208,71,114,1,1,1
836,6,643,208,71,114,1,1,1
837,6,642,208,71,114,1,1,1
838,6,642,209,71,114,1,1,1
839,6,641,209,71,114,1,1,1
840,6,641,209,71,114,1,1,1
841,6,640,209,71,114,1,1,1
842,6,640,209,71,114,1,1,1
843,6,639,210,71,114,1,1,1
844,6,639,210,71,114,1,1,1
845,6,639,212,71,114,1,1,1
846,6,640,214,71,114,1,1,1
847,6,640,217,71,114,1,1,1
848,6,640,219,71,114,1,1,1
849,6,641,221,71,114,1,1,1
850,6,641,224,71,114,1,1,1
851,6,641,226,71,114,1,1,1
852,6,642,228,71,114,1,1,1
853,6,642,228,71,114,1,1,1
854,6,650,234,71,114,1,1,1
855,6,650,234,71,114,1,1,1
856,6,651,243,71,114,1,1,1
857,6,658,253,71,114,1,1,1
858,6,658,253,71,114,1,1,1
859,6,658,253,84,114,1,1,1
860,6,671,258,84,114,1,1,1
861,6,671,258,84,114,1,1,1
862,6,686,265,84,114,1,1,1
863,6,702,265,84,114,1,1,1
864,6,702,265,84,114,1,1,1
865,6,698,261,96,122,1,1,1
866,6,698,261,96,122,1,1,1
867,6,713,263,96,122,1,1,1
868,6,718,265,96,122,1,1,1
869,6,731,269,96,122,1,1,1
870,6,731,269,96,122,1,1,1
871,6,736,270,109,131,1,1,1
872,6,753,280,109,131,1,1,1
873,6,753,280,109,131,1,1,1
874,6,760,290,117,137,1,1,1
875,6,771,309,117,137,1,1,1
876,6,771,309,117,137,1,1,1
877,6,771,312,126,148,1,1,1
878,6,779,328,126,148,1,1,1
879,6,779,328,126,148,1,1,1
880,6,791,339,126,148,1,1,1
881,6,805,351,126,148,1,1,1
882,6,805,351,126,148,1,1,1
883,6,825,369,126,148,1,1,1
884,6,822,367,145,150,1,1,1
885,6,822,367,145,150,1,1,1
886,6,844,379,145,150,1,1,1
887,6,857,383,160,173,1,1,1
888,6,857,383,160,173,1,1,1
889,6,880,409,160,173,1,1,1
890,6,918,420,160,173,1,1,1
891,6,918,420,160,173,1,1,1
892,6,950,452,160,173,1,1,1
893,6,969,468,183,185,1,1,1
894,6,969,468,183,185,1,1,1
895,6,1024,487,183,185,1,1,1
896,6,1086,523,183,185,1,1,1
897,6,1086,523,183,185,1,1,1
898,6,1128,537,219,197,1,1,1
899,6,1195,562,219,197,1,1,1
900,6,1195,562,219,197,1,1,1
901,6,1231,565,219,197,1,1,1
902,6,1295,581,219,197,1,1,1
903,6,1295,581,219,197,1,1,1
904,6,1353,600,219,197,1,1,1
905,6,1398,619,219,197,1,1,1
906,6,1398,619,219,197,1,1,1
907,6,1452,631,219,197,1,1,1
908,6,1473,622,205,216,1,1,1
909,6,1494,612,191,235,1,1,1
910,6,1494,612,191,235,1,1,1
911,6,1525,612,160,235,1,1,1
912,6,1556,612,129,235,1,1,1
913,6,1556,612,129,235,1,1,1
914,6,1556,685,129,162,1,1,1
915,6,1556,685,129,162,1,1,1
916,6,1556,781,129,67,1,1,1
1461,7,786,191,21,55,1,1,1
1462,7,782,191,24,55,1,1,1
1463,7,779,191,28,55,1,1,1
1464,7,779,191,28,55,1,1,1
1465,7,767,183,40,63,1,1,1
1466,7,758,183,49,63,1,1,1
1467,7,758,183,49,63,1,1,1
1468,7,747,181,49,63,1,1,1
1469,7,740,179,49,63,1,1,1
1470,7,740,179,49,63,1,1,1
1471,7,733,181,49,63,1,1,1
1472,7,727,179,49,63,1,1,1
1473,7,727,179,49,63,1,1,1
1474,7,721,179,49,63,1,1,1
1475,7,716,180,49,63,1,1,1
1476,7,716,180,49,63,1,1,1
1477,7,710,183,49,63,1,1,1
1478,7,704,183,49,63,1,1,1
1479,7,704,183,49,63,1,1,1
1480,7,698,187,49,63,1,1,1
1481,7,694,187,49,63,1,1,1
1482,7,694,187,49,63,1,1,1
1483,7,689,187,49,63,1,1,1
1484,7,686,189,49,63,1,1,1
1485,7,682,191,49,63,1,1,1
1486,7,682,191,49,63,1,1,1
1487,7,678,189,49,63,1,1,1
1488,7,678,189,49,63,1,1,1
1489,7,673,195,49,63,1,1,1
1490,7,671,195,49,63,1,1,1
1491,7,669,195,49,63,1,1,1
1492,7,669,195,49,63,1,1,1
1493,7,663,195,49,63,1,1,1
1494,7,663,195,49,63,1,1,1
1495,7,659,193,49,63,1,1,1
1496,7,655,195,49,63,1,1,1
1497,7,655,195,49,63,1,1,1
1498,7,648,200,49,63,1,1,1
1499,7,644,203,49,63,1,1,1
1500,7,639,206,49,63,1,1,1
1501,7,639,206,49,63,1,1,1
1502,7,634,208,49,63,1,1,1
1503,7,628,211,49,63,1,1,1
1504,7,628,211,49,63,1,1,1
1505,7,624,212,49,63,1,1,1
1506,7,620,212,49,63,1,1,1
1507,7,620,212,49,63,1,1,1
1508,7,620,210,49,70,1,1,1
1509,7,620,208,49,76,1,1,1
1510,7,620,208,49,76,1,1,1
1511,7,620,210,49,76,1,1,1
1512,7,620,212,49,76,1,1,1
1513,7,620,212,49,76,1,1,1
1514,7,620,212,49,88,1,1,1
1515,7,620,212,49,88,1,1,1
1516,7,622,219,49,88,1,1,1
1517,7,627,220,49,88,1,1,1
1518,7,627,220,49,88,1,1,1
1519,7,631,222,49,88,1,1,1
1520,7,636,224,49,88,1,1,1
1521,7,636,224,49,88,1,1,1
1522,7,636,224,55,88,1,1,1
1523,7,642,226,55,88,1,1,1
1524,7,642,226,55,88,1,1,1
1525,7,646,228,55,88,1,1,1
1526,7,651,234,55,88,1,1,1
1527,7,651,234,55,88,1,1,1
1528,7,653,239,55,88,1,1,1
1529,7,661,245,55,88,1,1,1
1530,7,661,245,55,88,1,1,1
1531,7,662,250,55,88,1,1,1
1532,7,669,261,55,88,1,1,1
1533,7,669,261,55,88,1,1,1
1534,7,669,261,60,99,1,1,1
1535,7,675,268,60,99,1,1,1
1536,7,675,268,60,99,1,1,1
1537,7,683,269,60,99,1,1,1
1538,7,678,263,71,105,1,1,1
1539,7,678,263,71,105,1,1,1
1540,7,688,266,71,105,1,1,1
1541,7,697,270,71,105,1,1,1
1542,7,697,270,71,105,1,1,1
1543,7,706,290,71,105,1,1,1
1544,7,716,289,71,105,1,1,1
1545,7,716,289,71,105,1,1,1
1546,7,728,303,71,105,1,1,1
1547,7,728,303,87,123,1,1,1
1548,7,728,303,87,123,1,1,1
1549,7,739,309,87,123,1,1,1
1550,7,755,311,87,123,1,1,1
1551,7,755,311,87,123,1,1,1
1552,7,779,317,87,123,1,1,1
1553,7,790,321,87,123,1,1,1
1554,7,790,321,87,123,1,1,1
1555,7,806,315,87,145,1,1,1
1556,7,815,323,87,145,1,1,1
1557,7,815,323,87,145,1,1,1
1558,7,833,328,92,168,1,1,1
1559,7,845,339,92,168,1,1,1
1560,7,845,339,92,168,1,1,1
1561,7,867,355,92,168,1,1,1
1562,7,889,378,92,168,1,1,1
1563,7,889,378,92,168,1,1,1
1564,7,904,394,111,169,1,1,1
1565,7,926,406,111,169,1,1,1
1566,7,926,406,111,169,1,1,1
1567,7,950,421,111,169,1,1,1
1568,7,985,433,111,169,1,1,1
1569,7,985,433,111,169,1,1,1
1570,7,985,433,154,187,1,1,1
1571,7,1009,465,154,187,1,1,1
1572,7,1009,465,154,187,1,1,1
1573,7,1054,491,154,187,1,1,1
1574,7,1098,525,154,187,1,1,1
1575,7,1098,525,154,187,1,1,1
1576,7,1149,569,154,187,1,1,1
1577,7,1188,560,170,230,1,1,1
1578,7,1188,560,170,230,1,1,1
1579,7,1246,595,170,230,1,1,1
1580,7,1291,614,170,230,1,1,1
1581,7,1291,614,170,230,1,1,1
1582,7,1330,620,193,246,1,1,1
1583,7,1396,645,193,246,1,1,1
1584,7,1396,645,193,246,1,1,1
1585,7,1446,662,193,246,1,1,1
1586,7,1482,663,193,246,1,1,1
1587,7,1482,663,193,246,1,1,1
1588,7,1526,690,149,219,1,1,1
1589,7,1575,739,100,170,1,1,1
1590,7,1575,739,100,170,1,1,1
1591,7,1611,786,29,123,1,1,1
1632,8,795,184,9,70,1,1,1
1633,8,782,184,26,70,1,1,1
1634,8,779,184,26,70,1,1,1
1635,8,779,184,26,70,1,1,1
1636,8,768,191,26,70,1,1,1
1637,8,759,191,36,70,1,1,1
1638,8,759,191,36,70,1,1,1
1639,8,748,193,36,70,1,1,1
1640,8,741,192,36,70,1,1,1
1641,8,741,192,36,70,1,1,1
1642,8,735,189,36,70,1,1,1
1643,8,723,189,48,70,1,1,1
1644,8,723,189,48,70,1,1,1
1645,8,714,188,48,70,1,1,1
1646,8,711,189,48,70,1,1,1
1647,8,708,191,48,70,1,1,1
1648,8,708,191,48,70,1,1,1
1649,8,706,203,48,70,1,1,1
1650,8,706,203,48,70,1,1,1
1651,8,705,202,48,70,1,1,1
1652,8,704,202,48,70,1,1,1
1653,8,702,202,48,70,1,1,1
1654,8,702,202,48,70,1,1,1
1655,8,700,202,48,70,1,1,1
1656,8,698,203,48,70,1,1,1
1657,8,698,203,48,70,1,1,1
1658,8,693,203,48,70,1,1,1
1659,8,693,203,48,70,1,1,1
1660,8,692,208,48,70,1,1,1
1661,8,692,208,48,70,1,1,1
1662,8,688,212,48,70,1,1,1
1663,8,682,219,48,70,1,1,1
1664,8,678,223,48,70,1,1,1
1665,8,678,223,48,70,1,1,1
1666,8,667,230,48,70,1,1,1
1667,8,664,230,48,70,1,1,1
1668,8,661,230,48,70,1,1,1
1669,8,661,230,48,70,1,1,1
1670,8,657,225,51,74,1,1,1
1671,8,654,220,55,79,1,1,1
1672,8,654,220,55,79,1,1,1
1673,8,650,235,55,79,1,1,1
1674,8,650,235,55,79,1,1,1
1675,8,650,235,55,84,1,1,1
1676,8,650,235,55,88,1,1,1
1677,8,650,235,55,88,1,1,1
1678,8,654,251,55,88,1,1,1
1679,8,654,251,63,88,1,1,1
1680,8,654,251,63,88,1,1,1
1681,8,659,261,63,88,1,1,1
1682,8,670,259,63,88,1,1,1
1683,8,670,259,63,88,1,1,1
1684,8,675,262,63,88,1,1,1
1685,8,679,265,63,88,1,1,1
1686,8,679,265,63,88,1,1,1
1687,8,685,273,63,88,1,1,1
1688,8,689,274,63,99,1,1,1
1689,8,689,274,63,99,1,1,1
1690,8,696,284,63,99,1,1,1
1691,8,694,280,70,117,1,1,1
1692,8,694,280,70,117,1,1,1
1693,8,694,297,76,117,1,1,1
1694,8,696,307,76,117,1,1,1
1695,8,696,307,76,117,1,1,1
1696,8,704,309,76,117,1,1,1
1697,8,710,317,76,117,1,1,1
1698,8,710,317,76,117,1,1,1
1699,8,720,323,76,117,1,1,1
1700,8,731,328,76,117,1,1,1
1701,8,731,328,76,117,1,1,1
1702,8,731,328,96,133,1,1,1
1703,8,743,339,96,133,1,1,1
1704,8,743,339,96,133,1,1,1
1705,8,763,354,96,133,1,1,1
1706,8,789,375,96,133,1,1,1
1707,8,789,375,96,133,1,1,1
1708,8,809,394,96,133,1,1,1
1709,8,834,406,96,133,1,1,1
1710,8,834,406,96,133,1,1,1
1711,8,834,387,144,169,1,1,1
1712,8,863,408,144,169,1,1,1
1713,8,863,408,144,169,1,1,1
1714,8,891,417,144,169,1,1,1
1715,8,912,433,144,169,1,1,1
1716,8,912,433,144,169,1,1,1
1717,8,950,447,144,187,1,1,1
1718,8,980,474,144,187,1,1,1
1719,8,980,474,144,187,1,1,1
1720,8,1011,499,144,187,1,1,1
1721,8,1047,513,144,214,1,1,1
1722,8,1047,513,144,214,1,1,1
1722,9,790,191,17,35,1,1,1
1723,8,1083,542,144,214,1,1,1
1723,9,784,191,22,45,1,1,1
1724,8,1089,542,183,254,1,1,1
1724,9,779,191,28,55,1,1,1
1725,8,1089,542,183,254,1,1,1
1725,9,774,191,33,65,1,1,1
1726,8,1133,564,183,254,1,1,1
1726,9,774,191,33,65,1,1,1
1727,8,1191,595,183,254,1,1,1
1727,9,770,193,33,65,1,1,1
1728,8,1191,595,183,254,1,1,1
1728,9,770,193,33,65,1,1,1
1729,8,1230,636,183,254,1,1,1
1729,9,767,195,33,65,1,1,1
1730,8,1261,643,219,277,1,1,1
1730,9,764,191,37,69,1,1,1
1731,8,1261,643,219,277,1,1,1
1731,9,760,188,40,72,1,1,1
1732,8,1314,658,219,277,1,1,1
1732,9,760,188,40,72,1,1,1
1733,8,1380,666,219,277,1,1,1
1733,9,758,187,40,72,1,1,1
1734,8,1380,666,219,277,1,1,1
1734,9,755,187,40,72,1,1,1
1735,8,1415,755,219,184,1,1,1
1735,9,755,187,40,72,1,1,1
1736,8,1471,781,191,154,1,1,1
1736,9,752,187,40,72,1,1,1
1737,8,1471,781,191,154,1,1,1
1737,9,750,187,40,72,1,1,1
1738,8,1471,853,140,82,1,1,1
1738,9,748,187,40,72,1,1,1
1739,8,1471,853,140,82,1,1,1
1739,9,745,187,40,72,1,1,1
1740,8,1575,853,36,82,1,1,1
1740,9,743,187,40,72,1,1,1
1741,9,743,187,40,72,1,1,1
1742,9,737,187,40,72,1,1,1
1743,9,737,187,40,72,1,1,1
1744,9,732,186,40,72,1,1,1
1745,9,727,185,40,72,1,1,1
1746,9,727,185,40,72,1,1,1
1747,9,722,185,40,72,1,1,1
1748,9,717,184,40,72,1,1,1
1749,9,717,184,40,72,1,1,1
1750,9,710,184,40,72,1,1,1
1751,9,710,184,40,72,1,1,1
1752,9,704,184,40,72,1,1,1
1753,9,704,184,40,72,1,1,1
1754,9,701,192,40,72,1,1,1
1755,9,701,192,40,72,1,1,1
1756,9,699,195,40,72,1,1,1
1757,9,697,198,40,72,1,1,1
1758,9,697,198,40,72,1,1,1
1759,9,697,201,40,72,1,1,1
1760,9,697,205,40,72,1,1,1
1761,9,697,208,40,72,1,1,1
1762,9,697,208,40,72,1,1,1
1763,9,695,207,42,73,1,1,1
1764,9,693,207,44,74,1,1,1
1765,9,690,206,46,75,1,1,1
1766,9,688,205,49,75,1,1,1
1767,9,686,204,51,76,1,1,1
1768,9,686,204,51,76,1,1,1
1769,9,683,208,51,76,1,1,1
1770,9,681,212,51,76,1,1,1
1771,9,681,212,51,76,1,1,1
1772,9,678,215,51,76,1,1,1
1773,9,675,218,51,76,1,1,1
1774,9,675,218,51,76,1,1,1
1775,9,673,227,51,76,1,1,1
1776,9,673,227,51,76,1,1,1
1777,9,673,227,51,87,1,1,1
1778,9,668,230,51,87,1,1,1
1779,9,663,234,51,87,1,1,1
1780,9,663,234,51,87,1,1,1
1781,9,662,235,51,87,1,1,1
1782,9,661,237,51,87,1,1,1
1783,9,660,238,51,87,1,1,1
1784,9,659,239,51,87,1,1,1
1785,9,658,241,51,87,1,1,1
1786,9,658,241,51,87,1,1,1
1787,9,658,245,64,88,1,1,1
1788,9,658,245,64,88,1,1,1
1789,9,659,249,64,88,1,1,1
1790,9,667,255,64,88,1,1,1
1791,9,667,255,64,88,1,1,1
1792,9,673,268,64,88,1,1,1
1793,9,675,278,64,88,1,1,1
1794,9,675,278,64,88,1,1,1
1795,9,679,278,86,96,1,1,1
1796,9,686,284,86,96,1,1,1
1797,9,686,284,86,96,1,1,1
1798,9,698,293,86,96,1,1,1
1799,9,720,294,86,96,1,1,1
1800,9,720,294,86,96,1,1,1
1801,9,725,282,86,123,1,1,1
1802,9,732,285,86,123,1,1,1
1803,9,732,285,86,123,1,1,1
1804,9,743,289,86,123,1,1,1
1805,9,748,288,86,123,1,1,1
1806,9,748,288,86,123,1,1,1
1807,9,756,298,86,123,1,1,1
1808,9,762,309,86,123,1,1,1
1809,9,762,309,86,123,1,1,1
1810,9,771,321,86,123,1,1,1
1811,9,776,335,86,123,1,1,1
1812,9,776,335,86,123,1,1,1
1813,9,780,350,86,123,1,1,1
1814,9,787,353,94,136,1,1,1
1815,9,794,356,102,149,1,1,1
1816,9,794,356,102,149,1,1,1
1817,9,810,366,102,149,1,1,1
1818,9,810,366,102,149,1,1,1
1818,10,790,184,18,55,1,1,1
1819,9,821,374,102,149,1,1,1
1819,10,785,184,23,55,1,1,1
1820,9,845,381,102,149,1,1,1
1820,10,780,184,28,55,1,1,1
1821,9,845,381,102,149,1,1,1
1821,10,780,184,28,55,1,1,1
1822,9,857,371,114,176,1,1,1
1822,10,764,184,44,63,1,1,1
1823,9,887,389,114,176,1,1,1
1823,10,758,185,44,63,1,1,1
1824,9,887,389,114,176,1,1,1
1824,10,752,185,44,63,1,1,1
1825,9,916,410,114,176,1,1,1
1825,10,752,185,44,63,1,1,1
1826,9,933,424,133,192,1,1,1
1826,10,745,185,44,63,1,1,1
1827,9,933,424,133,192,1,1,1
1827,10,745,185,44,63,1,1,1
1828,9,973,460,133,192,1,1,1
1828,10,736,180,53,68,1,1,1
1829,9,1011,474,146,207,1,1,1
1829,10,728,180,53,68,1,1,1
1830,9,1011,474,146,207,1,1,1
1830,10,728,180,53,68,1,1,1
1831,9,1052,500,146,207,1,1,1
1831,10,723,177,53,68,1,1,1
1832,9,1108,526,146,207,1,1,1
1832,10,723,177,53,68,1,1,1
1833,9,1108,526,146,207,1,1,1
1833,10,717,179,53,68,1,1,1
1834,9,1159,548,146,207,1,1,1
1834,10,714,179,53,68,1,1,1
1835,9,1207,542,160,230,1,1,1
1835,10,709,179,53,68,1,1,1
1836,9,1207,542,160,230,1,1,1
1836,10,709,179,53,68,1,1,1
1837,9,1257,560,160,230,1,1,1
1837,10,704,181,53,68,1,1,1
1838,9,1307,593,160,230,1,1,1
1838,10,704,181,53,68,1,1,1
1839,9,1307,593,160,230,1,1,1
1839,10,701,189,53,68,1,1,1
1840,9,1361,616,160,230,1,1,1
1840,10,701,189,53,68,1,1,1
1841,9,1402,645,160,230,1,1,1
1841,10,701,189,53,68,1,1,1
1842,9,1402,645,160,230,1,1,1
1842,10,698,196,53,68,1,1,1
1843,9,1444,647,175,270,1,1,1
1843,10,698,196,53,68,1,1,1
1844,9,1481,666,175,270,1,1,1
1844,10,698,198,53,68,1,1,1
1845,9,1481,666,175,270,1,1,1
1845,10,698,198,53,68,1,1,1
1846,9,1509,693,146,243,1,1,1
1846,10,697,198,53,68,1,1,1
1847,9,1564,728,91,208,1,1,1
1847,10,696,198,53,68,1,1,1
1848,9,1564,728,91,208,1,1,1
1848,10,694,198,53,68,1,1,1
1849,9,1564,787,86,149,1,1,1
1849,10,693,198,53,68,1,1,1
1850,9,1564,787,86,149,1,1,1
1850,10,692,198,53,68,1,1,1
1851,9,1613,787,37,149,1,1,1
1851,10,692,198,53,68,1,1,1
1852,10,688,200,53,68,1,1,1
1853,10,685,206,53,68,1,1,1
1854,10,685,206,53,68,1,1,1
1855,10,679,208,53,68,1,1,1
1856,10,673,212,61,75,1,1,1
1857,10,673,212,61,75,1,1,1
1858,10,669,215,61,75,1,1,1
1859,10,665,219,61,75,1,1,1
1860,10,665,219,61,75,1,1,1
1861,10,657,222,61,75,1,1,1
1862,10,647,222,65,82,1,1,1
1863,10,647,222,65,82,1,1,1
1864,10,645,222,65,82,1,1,1
1865,10,643,223,65,82,1,1,1
1866,10,643,223,65,82,1,1,1
1867,10,643,223,65,85,1,1,1
1868,10,643,223,65,89,1,1,1
1869,10,643,223,65,93,1,1,1
1870,10,643,223,65,97,1,1,1
1871,10,643,223,65,100,1,1,1
1872,10,643,223,65,100,1,1,1
1873,10,644,230,65,100,1,1,1
1874,10,650,245,65,100,1,1,1
1875,10,650,245,65,100,1,1,1
1876,10,655,251,65,100,1,1,1
1877,10,663,255,65,100,1,1,1
1878,10,663,255,65,100,1,1,1
1879,10,674,259,65,100,1,1,1
1880,10,674,263,75,100,1,1,1
1881,10,674,263,75,100,1,1,1
1882,10,679,266,75,100,1,1,1
1883,10,686,268,75,100,1,1,1
1884,10,686,268,75,100,1,1,1
1885,10,694,272,75,100,1,1,1
1886,10,702,276,75,100,1,1,1
1887,10,702,276,75,100,1,1,1
1888,10,702,276,79,118,1,1,1
1889,10,702,276,87,131,1,1,1
1890,10,702,276,87,131,1,1,1
1891,10,714,285,87,131,1,1,1
1892,10,720,301,87,131,1,1,1
1893,10,720,301,87,131,1,1,1
1894,10,728,317,87,131,1,1,1
1895,10,739,324,87,131,1,1,1
1896,10,739,324,87,131,1,1,1
1897,10,739,324,107,144,1,1,1
1898,10,752,327,107,144,1,1,1
1899,10,752,327,107,144,1,1,1
1900,10,771,332,107,144,1,1,1
1901,10,786,332,107,144,1,1,1
1902,10,786,332,107,144,1,1,1
1903,10,794,328,122,162,1,1,1
1904,10,818,348,122,162,1,1,1
1905,10,818,348,122,162,1,1,1
1906,10,848,382,122,162,1,1,1
1907,10,877,409,122,162,1,1,1
1908,10,877,409,122,162,1,1,1
1909,10,900,428,134,177,1,1,1
1910,10,939,441,134,177,1,1,1
1911,10,939,441,134,177,1,1,1
1912,10,973,461,148,179,1,1,1
1913,10,1001,463,165,191,1,1,1
1914,10,1001,463,165,191,1,1,1
1915,10,1054,483,165,191,1,1,1
1916,10,1097,488,173,206,1,1,1
1917,10,1097,488,173,206,1,1,1
1918,10,1147,514,173,206,1,1,1
1919,10,1194,538,173,206,1,1,1
1920,10,1194,538,173,206,1,1,1
1921,10,1241,534,165,253,1,1,1
1922,10,1283,577,165,253,1,1,1
1923,10,1283,577,165,253,1,1,1
1924,10,1337,619,165,253,1,1,1
1925,10,1341,626,165,253,1,1,1
1926,10,1385,651,165,253,1,1,1
1927,10,1440,682,165,253,1,1,1
1928,10,1478,681,165,253,1,1,1
1929,10,1478,681,165,253,1,1,1
1930,10,1496,692,147,242,1,1,1
1931,10,1514,702,129,231,1,1,1
1932,10,1514,702,129,231,1,1,1
1933,10,1578,716,65,218,1,1,1
1934,10,1578,716,65,218,1,1,1
1935,10,1627,758,16,94,1,1,1
1936,10,1627,758,16,94,1,1,1
1937,10,1627,758,16,94,1,1,1
1938,10,1627,758,16,94,1,1,1