35,12,751,165,42,45,0,-1,-1,-1,-1
38,12,739,163,41,45,0,-1,-1,-1,-1
40,12,732,163,42,45,0,-1,-1,-1,-1
41,12,726,162,43,46,0,-1,-1,-1,-1
42,12,724,162,43,46,0,-1,-1,-1,-1
43,12,721,162,43,46,0,-1,-1,-1,-1
44,12,718,162,42,46,0,-1,-1,-1,-1
45,12,717,162,42,46,0,-1,-1,-1,-1
46,12,715,163,42,46,0,-1,-1,-1,-1
47,12,713,163,41,46,0,-1,-1,-1,-1
48,12,712,163,41,46,0,-1,-1,-1,-1
49,12,711,164,41,45,0,-1,-1,-1,-1
50,12,709,165,43,47,0,-1,-1,-1,-1
51,12,709,165,43,48,0,-1,-1,-1,-1
52,12,708,165,43,49,0,-1,-1,-1,-1
53,12,707,166,43,49,0,-1,-1,-1,-1
54,12,706,167,43,48,0,-1,-1,-1,-1
55,12,706,167,43,49,0,-1,-1,-1,-1
56,12,705,168,43,49,0,-1,-1,-1,-1
57,12,705,169,42,48,0,-1,-1,-1,-1
58,12,705,170,41,48,0,-1,-1,-1,-1
59,12,702,171,43,50,0,-1,-1,-1,-1
60,12,701,172,44,50,0,-1,-1,-1,-1
61,12,701,173,44,51,0,-1,-1,-1,-1
62,12,699,174,45,52,0,-1,-1,-1,-1
63,12,699,174,45,52,0,-1,-1,-1,-1
64,12,698,174,45,52,0,-1,-1,-1,-1
65,12,697,173,45,52,0,-1,-1,-1,-1
66,12,697,172,45,53,0,-1,-1,-1,-1
67,12,696,172,44,53,0,-1,-1,-1,-1
68,12,694,171,45,53,0,-1,-1,-1,-1
69,12,694,171,44,52,0,-1,-1,-1,-1
70,12,693,170,45,53,0,-1,-1,-1,-1
71,12,692,168,45,54,0,-1,-1,-1,-1
72,12,691,168,45,54,0,-1,-1,-1,-1
73,12,691,167,45,54,0,-1,-1,-1,-1
74,12,689,166,45,55,0,-1,-1,-1,-1
75,12,689,166,45,55,0,-1,-1,-1,-1
76,12,687,166,46,56,0,-1,-1,-1,-1
77,12,684,167,48,58,0,-1,-1,-1,-1
78,12,682,166,49,60,0,-1,-1,-1,-1
79,12,680,167,49,60,0,-1,-1,-1,-1
80,12,677,167,49,61,0,-1,-1,-1,-1
81,12,676,168,49,60,0,-1,-1,-1,-1
82,12,673,168,48,61,0,-1,-1,-1,-1
83,12,668,168,49,61,0,-1,-1,-1,-1
84,12,666,168,50,61,0,-1,-1,-1,-1
85,12,663,167,50,63,0,-1,-1,-1,-1
86,12,659,166,51,64,0,-1,-1,-1,-1
87,12,658,166,51,64,0,-1,-1,-1,-1
88,12,657,167,50,63,0,-1,-1,-1,-1
89,12,655,167,49,62,0,-1,-1,-1,-1
90,12,654,168,49,61,0,-1,-1,-1,-1
91,12,654,168,48,61,0,-1,-1,-1,-1
92,12,653,168,49,61,0,-1,-1,-1,-1
93,12,653,168,49,61,0,-1,-1,-1,-1
94,12,654,167,48,62,0,-1,-1,-1,-1
95,12,656,166,49,62,0,-1,-1,-1,-1
96,12,657,166,49,62,0,-1,-1,-1,-1
128,12,687,163,39,57,0,-1,-1,-1,-1
130,12,685,163,40,57,0,-1,-1,-1,-1
131,12,684,163,41,58,0,-1,-1,-1,-1
132,12,684,164,41,57,0,-1,-1,-1,-1
133,12,683,164,42,57,0,-1,-1,-1,-1
134,12,683,165,42,57,0,-1,-1,-1,-1
135,12,683,165,42,57,0,-1,-1,-1,-1
136,12,683,166,42,56,0,-1,-1,-1,-1
137,12,683,167,42,56,0,-1,-1,-1,-1
138,12,683,167,43,56,0,-1,-1,-1,-1
139,12,683,168,43,56,0,-1,-1,-1,-1
140,12,682,168,44,57,0,-1,-1,-1,-1
141,12,681,168,45,58,0,-1,-1,-1,-1
142,12,681,168,45,59,0,-1,-1,-1,-1
143,12,679,168,46,59,0,-1,-1,-1,-1
144,12,679,168,46,59,0,-1,-1,-1,-1
145,12,678,168,46,59,0,-1,-1,-1,-1
146,12,676,169,47,59,0,-1,-1,-1,-1
147,12,674,168,47,60,0,-1,-1,-1,-1
148,12,674,171,46,59,0,-1,-1,-1,-1
149,12,670,171,47,60,0,-1,-1,-1,-1
150,12,670,173,47,59,0,-1,-1,-1,-1
151,12,666,172,48,61,0,-1,-1,-1,-1
152,12,662,173,48,61,0,-1,-1,-1,-1
153,12,660,173,49,61,0,-1,-1,-1,-1
154,12,658,174,48,60,0,-1,-1,-1,-1
155,12,655,174,48,61,0,-1,-1,-1,-1
156,12,654,174,48,61,0,-1,-1,-1,-1
157,12,652,175,49,62,0,-1,-1,-1,-1
158,12,650,176,49,62,0,-1,-1,-1,-1
159,12,650,177,49,61,0,-1,-1,-1,-1
160,12,649,177,49,63,0,-1,-1,-1,-1
161,12,648,179,50,64,0,-1,-1,-1,-1
162,12,648,180,51,64,0,-1,-1,-1,-1
163,12,648,181,51,64,0,-1,-1,-1,-1
164,12,649,183,50,64,0,-1,-1,-1,-1
165,12,649,184,50,63,0,-1,-1,-1,-1
166,12,651,186,48,60,0,-1,-1,-1,-1
167,12,652,189,48,60,0,-1,-1,-1,-1
168,12,654,192,48,59,0,-1,-1,-1,-1
169,12,654,193,50,61,0,-1,-1,-1,-1
170,12,657,197,51,63,0,-1,-1,-1,-1
171,12,657,197,52,65,0,-1,-1,-1,-1
172,12,661,200,54,66,0,-1,-1,-1,-1
173,12,666,202,56,68,0,-1,-1,-1,-1
174,12,668,203,56,69,0,-1,-1,-1,-1
175,12,674,204,56,69,0,-1,-1,-1,-1
176,12,678,202,57,70,0,-1,-1,-1,-1
177,12,680,201,57,71,0,-1,-1,-1,-1
178,12,684,198,58,73,0,-1,-1,-1,-1
179,12,687,195,59,74,0,-1,-1,-1,-1
180,12,689,194,59,74,0,-1,-1,-1,-1
181,12,691,191,60,75,0,-1,-1,-1,-1
182,12,694,189,61,77,0,-1,-1,-1,-1
183,12,695,188,62,78,0,-1,-1,-1,-1
184,12,698,189,62,78,0,-1,-1,-1,-1
185,12,699,189,64,81,0,-1,-1,-1,-1
186,12,700,190,64,81,0,-1,-1,-1,-1
187,12,702,192,64,82,0,-1,-1,-1,-1
188,12,704,197,62,80,0,-1,-1,-1,-1
189,12,706,200,61,78,0,-1,-1,-1,-1
190,12,703,203,65,84,0,-1,-1,-1,-1
191,12,704,208,61,80,0,-1,-1,-1,-1
192,12,705,212,60,77,0,-1,-1,-1,-1
193,12,702,216,60,77,0,-1,-1,-1,-1
194,12,696,219,64,83,0,-1,-1,-1,-1
195,12,694,221,66,84,0,-1,-1,-1,-1
196,12,689,221,69,89,0,-1,-1,-1,-1
197,12,684,220,71,92,0,-1,-1,-1,-1
198,12,683,221,71,92,0,-1,-1,-1,-1
199,12,682,220,71,93,0,-1,-1,-1,-1
200,12,682,220,71,93,0,-1,-1,-1,-1
201,12,682,220,71,92,0,-1,-1,-1,-1
202,12,683,219,72,94,0,-1,-1,-1,-1
203,12,683,220,75,96,0,-1,-1,-1,-1
204,12,684,221,75,97,0,-1,-1,-1,-1
205,12,688,226,73,94,0,-1,-1,-1,-1
206,12,691,234,73,94,0,-1,-1,-1,-1
207,12,692,237,73,94,0,-1,-1,-1,-1
208,12,695,244,73,94,0,-1,-1,-1,-1
209,12,694,253,80,103,0,-1,-1,-1,-1
210,12,693,255,83,107,0,-1,-1,-1,-1
211,12,698,262,84,108,0,-1,-1,-1,-1
212,12,708,271,84,109,0,-1,-1,-1,-1
213,12,710,273,85,110,0,-1,-1,-1,-1
214,12,720,278,87,111,0,-1,-1,-1,-1
215,12,730,280,89,115,0,-1,-1,-1,-1
216,12,734,281,90,116,0,-1,-1,-1,-1
217,12,743,283,91,117,0,-1,-1,-1,-1
218,12,750,284,94,121,0,-1,-1,-1,-1
219,12,753,285,95,121,0,-1,-1,-1,-1
220,12,759,284,98,127,0,-1,-1,-1,-1
221,12,765,288,102,130,0,-1,-1,-1,-1
222,12,768,289,103,132,0,-1,-1,-1,-1
224,12,779,305,110,141,0,-1,-1,-1,-1
225,12,782,309,112,143,0,-1,-1,-1,-1
232,12,805,383,130,166,0,-1,-1,-1,-1
233,12,809,387,134,171,0,-1,-1,-1,-1
234,12,811,389,135,172,0,-1,-1,-1,-1
235,12,817,387,139,177,0,-1,-1,-1,-1
236,12,826,384,146,185,0,-1,-1,-1,-1
237,12,831,384,149,188,0,-1,-1,-1,-1
238,12,842,388,153,192,0,-1,-1,-1,-1
324,40,674,186,38,46,0,-1,-1,-1,-1
325,40,669,187,39,47,0,-1,-1,-1,-1
326,40,664,188,40,49,0,-1,-1,-1,-1
327,40,661,187,41,50,0,-1,-1,-1,-1
328,40,659,193,41,49,0,-1,-1,-1,-1
329,40,654,196,42,50,0,-1,-1,-1,-1
330,40,653,197,42,51,0,-1,-1,-1,-1
331,40,651,199,43,52,0,-1,-1,-1,-1
332,40,649,199,44,53,0,-1,-1,-1,-1
333,40,649,199,44,54,0,-1,-1,-1,-1
334,40,649,199,44,54,0,-1,-1,-1,-1
335,40,648,199,44,54,0,-1,-1,-1,-1
336,40,648,199,44,54,0,-1,-1,-1,-1
337,40,646,198,45,55,0,-1,-1,-1,-1
338,40,644,198,46,55,0,-1,-1,-1,-1
339,40,644,198,46,55,0,-1,-1,-1,-1
340,40,643,199,46,56,0,-1,-1,-1,-1
341,40,642,202,46,57,0,-1,-1,-1,-1
342,40,642,203,46,57,0,-1,-1,-1,-1
343,40,641,206,46,56,0,-1,-1,-1,-1
344,40,640,210,47,56,0,-1,-1,-1,-1
345,40,640,211,46,56,0,-1,-1,-1,-1
346,40,638,216,47,56,0,-1,-1,-1,-1
347,40,633,220,50,61,0,-1,-1,-1,-1
348,40,632,222,51,63,0,-1,-1,-1,-1
349,40,630,226,51,62,0,-1,-1,-1,-1
350,40,626,224,53,66,0,-1,-1,-1,-1
351,40,624,224,55,67,0,-1,-1,-1,-1
352,40,622,223,57,69,0,-1,-1,-1,-1
353,40,620,221,58,70,0,-1,-1,-1,-1
354,40,620,221,58,71,0,-1,-1,-1,-1
355,40,620,221,59,73,0,-1,-1,-1,-1
362,40,634,261,65,80,0,-1,-1,-1,-1
363,40,636,264,66,81,0,-1,-1,-1,-1
364,40,643,268,66,82,0,-1,-1,-1,-1
365,40,650,268,69,86,0,-1,-1,-1,-1
365,46,774,139,28,40,0,-1,-1,-1,-1
366,46,774,138,28,41,0,-1,-1,-1,-1
367,40,661,271,72,88,0,-1,-1,-1,-1
367,46,772,140,29,40,0,-1,-1,-1,-1
368,40,669,272,74,90,0,-1,-1,-1,-1
368,46,771,140,29,40,0,-1,-1,-1,-1
369,40,673,273,74,90,0,-1,-1,-1,-1
369,46,771,140,29,40,0,-1,-1,-1,-1
370,40,682,276,75,92,0,-1,-1,-1,-1
370,46,770,140,29,40,0,-1,-1,-1,-1
371,46,769,140,29,40,0,-1,-1,-1,-1
372,46,768,140,29,40,0,-1,-1,-1,-1
373,46,766,138,30,41,0,-1,-1,-1,-1
374,46,763,138,31,41,0,-1,-1,-1,-1
375,46,762,138,31,41,0,-1,-1,-1,-1
376,46,759,138,31,42,0,-1,-1,-1,-1
377,46,755,139,31,41,0,-1,-1,-1,-1
378,46,754,140,31,40,0,-1,-1,-1,-1
379,46,749,140,32,41,0,-1,-1,-1,-1
380,46,744,141,33,42,0,-1,-1,-1,-1
381,46,742,142,34,42,0,-1,-1,-1,-1
382,46,737,144,34,42,0,-1,-1,-1,-1
383,46,732,146,34,42,0,-1,-1,-1,-1
384,46,730,147,34,42,0,-1,-1,-1,-1
385,46,725,149,34,41,0,-1,-1,-1,-1
386,46,719,150,34,41,0,-1,-1,-1,-1
387,46,716,150,35,41,0,-1,-1,-1,-1
388,46,712,150,35,41,0,-1,-1,-1,-1
389,46,706,148,36,42,0,-1,-1,-1,-1
390,46,704,148,37,42,0,-1,-1,-1,-1
391,46,700,147,37,43,0,-1,-1,-1,-1
392,46,696,148,37,41,0,-1,-1,-1,-1
393,46,695,148,36,41,0,-1,-1,-1,-1
394,46,692,150,37,41,0,-1,-1,-1,-1
395,46,688,152,38,42,0,-1,-1,-1,-1
396,46,687,153,38,43,0,-1,-1,-1,-1
397,46,685,157,38,42,0,-1,-1,-1,-1
398,46,682,161,39,43,0,-1,-1,-1,-1
399,46,682,163,39,43,0,-1,-1,-1,-1
400,46,680,165,40,44,0,-1,-1,-1,-1
401,46,679,166,40,44,0,-1,-1,-1,-1
402,46,677,165,41,45,0,-1,-1,-1,-1
403,46,676,164,42,46,0,-1,-1,-1,-1
404,46,675,163,42,46,0,-1,-1,-1,-1
405,46,674,162,43,47,0,-1,-1,-1,-1
406,46,672,160,44,48,0,-1,-1,-1,-1
407,46,670,160,44,47,0,-1,-1,-1,-1
408,46,670,160,43,47,0,-1,-1,-1,-1
409,46,668,160,44,48,0,-1,-1,-1,-1
410,46,665,161,45,49,0,-1,-1,-1,-1
411,46,663,160,46,50,0,-1,-1,-1,-1
412,46,662,163,46,51,0,-1,-1,-1,-1
416,46,651,177,50,55,0,-1,-1,-1,-1
417,46,650,179,50,55,0,-1,-1,-1,-1
418,46,647,182,51,55,0,-1,-1,-1,-1
419,46,645,182,50,56,0,-1,-1,-1,-1
420,46,644,183,51,56,0,-1,-1,-1,-1
421,46,642,182,52,57,0,-1,-1,-1,-1
422,46,640,178,53,60,0,-1,-1,-1,-1
423,46,639,177,54,60,0,-1,-1,-1,-1
424,46,639,177,55,60,0,-1,-1,-1,-1
425,46,640,178,54,61,0,-1,-1,-1,-1
426,46,640,179,55,61,0,-1,-1,-1,-1
427,46,641,183,55,61,0,-1,-1,-1,-1
429,46,642,191,58,64,0,-1,-1,-1,-1
430,46,645,198,57,63,0,-1,-1,-1,-1
431,46,649,205,58,64,0,-1,-1,-1,-1
432,46,649,206,59,65,0,-1,-1,-1,-1
433,46,653,209,59,65,0,-1,-1,-1,-1
434,46,658,210,61,67,0,-1,-1,-1,-1
435,46,660,210,62,68,0,-1,-1,-1,-1
436,46,665,210,62,68,0,-1,-1,-1,-1
437,46,669,209,63,68,0,-1,-1,-1,-1
438,46,671,209,63,68,0,-1,-1,-1,-1
439,46,672,205,65,70,0,-1,-1,-1,-1
440,46,675,204,68,73,0,-1,-1,-1,-1
441,46,675,202,69,75,0,-1,-1,-1,-1
442,46,677,206,70,75,0,-1,-1,-1,-1
443,46,681,212,71,78,0,-1,-1,-1,-1
444,46,682,215,72,78,0,-1,-1,-1,-1
445,46,683,221,74,80,0,-1,-1,-1,-1
446,46,687,231,75,82,0,-1,-1,-1,-1
447,46,688,235,75,83,0,-1,-1,-1,-1
448,46,690,244,77,83,0,-1,-1,-1,-1
449,46,692,250,78,85,0,-1,-1,-1,-1
450,46,693,253,78,85,0,-1,-1,-1,-1
451,46,696,256,80,87,0,-1,-1,-1,-1
452,46,699,255,83,91,0,-1,-1,-1,-1
453,46,700,255,85,92,0,-1,-1,-1,-1
454,46,706,256,86,94,0,-1,-1,-1,-1
455,46,712,257,89,96,0,-1,-1,-1,-1
456,46,715,257,90,97,0,-1,-1,-1,-1
457,46,720,259,93,101,0,-1,-1,-1,-1
458,46,727,264,98,107,0,-1,-1,-1,-1
459,46,730,267,99,108,0,-1,-1,-1,-1
461,46,746,289,106,116,0,-1,-1,-1,-1
462,46,751,295,106,117,0,-1,-1,-1,-1
463,46,761,305,109,120,0,-1,-1,-1,-1
464,46,779,319,109,119,0,-1,-1,-1,-1
465,46,785,324,109,118,0,-1,-1,-1,-1
466,46,800,329,111,121,0,-1,-1,-1,-1
467,46,814,329,119,128,0,-1,-1,-1,-1
468,46,819,328,122,131,0,-1,-1,-1,-1
469,46,832,327,126,137,0,-1,-1,-1,-1
470,46,848,328,132,144,0,-1,-1,-1,-1
471,46,854,328,134,147,0,-1,-1,-1,-1
472,46,867,331,138,152,0,-1,-1,-1,-1
530,69,765,151,31,53,0,-1,-1,-1,-1
531,69,763,151,32,53,0,-1,-1,-1,-1
532,69,758,152,32,52,0,-1,-1,-1,-1
533,69,752,154,31,51,0,-1,-1,-1,-1
534,69,750,154,32,51,0,-1,-1,-1,-1
535,69,745,155,33,52,0,-1,-1,-1,-1
536,69,739,159,33,52,0,-1,-1,-1,-1
537,69,737,160,34,52,0,-1,-1,-1,-1
538,69,732,161,36,54,0,-1,-1,-1,-1
539,69,727,162,37,56,0,-1,-1,-1,-1
540,69,725,163,38,56,0,-1,-1,-1,-1
541,69,722,163,39,58,0,-1,-1,-1,-1
542,69,720,165,38,57,0,-1,-1,-1,-1
543,69,719,166,39,56,0,-1,-1,-1,-1
544,69,716,166,40,57,0,-1,-1,-1,-1
545,69,713,166,41,57,0,-1,-1,-1,-1
546,69,712,166,41,57,0,-1,-1,-1,-1
547,69,710,167,41,57,0,-1,-1,-1,-1
548,69,708,169,41,57,0,-1,-1,-1,-1
549,69,707,170,42,57,0,-1,-1,-1,-1
550,69,704,171,45,59,0,-1,-1,-1,-1
551,69,701,175,45,60,0,-1,-1,-1,-1
552,69,700,177,45,60,0,-1,-1,-1,-1
553,69,699,184,45,59,0,-1,-1,-1,-1
554,69,695,188,45,60,0,-1,-1,-1,-1
555,69,694,190,45,60,0,-1,-1,-1,-1
556,69,690,190,48,64,0,-1,-1,-1,-1
557,69,685,190,50,66,0,-1,-1,-1,-1
558,69,683,190,51,66,0,-1,-1,-1,-1
559,69,683,194,49,64,0,-1,-1,-1,-1
560,69,680,193,49,65,0,-1,-1,-1,-1
561,69,679,193,50,66,0,-1,-1,-1,-1
562,69,677,192,52,68,0,-1,-1,-1,-1
563,69,677,193,53,69,0,-1,-1,-1,-1
564,69,677,194,53,69,0,-1,-1,-1,-1
565,69,676,195,54,70,0,-1,-1,-1,-1
566,69,678,200,55,72,0,-1,-1,-1,-1
567,69,678,202,56,72,0,-1,-1,-1,-1
568,69,679,204,57,75,0,-1,-1,-1,-1
569,69,681,207,61,78,0,-1,-1,-1,-1
570,69,682,207,61,80,0,-1,-1,-1,-1
571,69,687,213,60,79,0,-1,-1,-1,-1
572,69,692,216,61,79,0,-1,-1,-1,-1
573,69,694,217,61,79,0,-1,-1,-1,-1
574,69,698,215,63,82,0,-1,-1,-1,-1
575,69,703,211,67,87,0,-1,-1,-1,-1
576,69,705,210,68,89,0,-1,-1,-1,-1
577,69,711,211,69,89,0,-1,-1,-1,-1
578,69,717,212,70,91,0,-1,-1,-1,-1
579,69,720,212,70,93,0,-1,-1,-1,-1
580,69,727,220,69,90,0,-1,-1,-1,-1
581,69,734,228,71,92,0,-1,-1,-1,-1
582,69,737,231,71,93,0,-1,-1,-1,-1
583,69,743,238,72,96,0,-1,-1,-1,-1
584,69,751,250,74,98,0,-1,-1,-1,-1
585,69,754,255,74,98,0,-1,-1,-1,-1
586,69,755,254,81,107,0,-1,-1,-1,-1
587,69,755,249,88,119,0,-1,-1,-1,-1
588,69,755,246,91,124,0,-1,-1,-1,-1
589,69,759,245,93,128,0,-1,-1,-1,-1
590,69,768,248,94,128,0,-1,-1,-1,-1
591,69,771,249,94,129,0,-1,-1,-1,-1
592,69,779,247,96,133,0,-1,-1,-1,-1
593,69,792,251,97,135,0,-1,-1,-1,-1
594,69,797,253,98,136,0,-1,-1,-1,-1
595,69,810,261,99,138,0,-1,-1,-1,-1
596,69,827,279,100,137,0,-1,-1,-1,-1
597,69,834,285,99,137,0,-1,-1,-1,-1
598,69,846,294,105,143,0,-1,-1,-1,-1
600,69,872,316,109,147,0,-1,-1,-1,-1
601,69,896,335,107,144,0,-1,-1,-1,-1
652,79,757,124,26,40,0,-1,-1,-1,-1
653,79,756,123,26,41,0,-1,-1,-1,-1
654,79,756,123,26,41,0,-1,-1,-1,-1
655,79,755,123,27,41,0,-1,-1,-1,-1
656,79,754,123,27,41,0,-1,-1,-1,-1
657,79,753,123,28,41,0,-1,-1,-1,-1
658,79,752,123,28,41,0,-1,-1,-1,-1
659,79,751,123,29,41,0,-1,-1,-1,-1
660,79,751,123,29,41,0,-1,-1,-1,-1
661,79,750,123,29,41,0,-1,-1,-1,-1
662,79,748,122,30,42,0,-1,-1,-1,-1
663,79,748,122,30,42,0,-1,-1,-1,-1
664,79,746,122,30,42,0,-1,-1,-1,-1
665,79,744,122,31,42,0,-1,-1,-1,-1
666,79,743,122,32,42,0,-1,-1,-1,-1
667,79,742,123,31,42,0,-1,-1,-1,-1
668,79,740,124,32,42,0,-1,-1,-1,-1
669,79,739,124,32,42,0,-1,-1,-1,-1
670,79,738,125,33,42,0,-1,-1,-1,-1
671,79,737,126,32,42,0,-1,-1,-1,-1
672,79,736,126,33,42,0,-1,-1,-1,-1
673,79,735,127,33,43,0,-1,-1,-1,-1
674,79,732,128,34,44,0,-1,-1,-1,-1
675,79,732,128,34,44,0,-1,-1,-1,-1
676,79,728,128,35,45,0,-1,-1,-1,-1
677,79,725,129,35,45,0,-1,-1,-1,-1
678,79,724,129,35,46,0,-1,-1,-1,-1
679,79,721,130,35,46,0,-1,-1,-1,-1
680,79,717,131,36,47,0,-1,-1,-1,-1
681,79,715,131,36,47,0,-1,-1,-1,-1
682,79,712,131,36,48,0,-1,-1,-1,-1
683,79,707,130,37,49,0,-1,-1,-1,-1
684,79,706,130,37,49,0,-1,-1,-1,-1
685,79,703,129,37,49,0,-1,-1,-1,-1
686,79,699,127,37,50,0,-1,-1,-1,-1
687,79,697,127,38,50,0,-1,-1,-1,-1
688,79,696,129,37,49,0,-1,-1,-1,-1
689,79,693,130,37,49,0,-1,-1,-1,-1
690,79,690,129,38,50,0,-1,-1,-1,-1
691,79,690,133,37,49,0,-1,-1,-1,-1
692,79,688,136,38,49,0,-1,-1,-1,-1
693,79,687,138,38,49,0,-1,-1,-1,-1
694,79,687,140,37,49,0,-1,-1,-1,-1
695,79,685,141,38,50,0,-1,-1,-1,-1
696,79,685,142,38,50,0,-1,-1,-1,-1
697,79,685,142,39,50,0,-1,-1,-1,-1
698,79,685,142,39,51,0,-1,-1,-1,-1
699,79,685,142,39,51,0,-1,-1,-1,-1
700,79,684,141,41,52,0,-1,-1,-1,-1
701,79,683,140,42,53,0,-1,-1,-1,-1
702,79,683,140,42,53,0,-1,-1,-1,-1
703,79,682,140,42,54,0,-1,-1,-1,-1
704,79,682,141,42,54,0,-1,-1,-1,-1
705,79,680,140,43,55,0,-1,-1,-1,-1
706,79,680,141,43,56,0,-1,-1,-1,-1
707,79,679,145,44,56,0,-1,-1,-1,-1
708,79,679,146,44,57,0,-1,-1,-1,-1
709,79,678,149,45,58,0,-1,-1,-1,-1
710,79,677,153,45,58,0,-1,-1,-1,-1
711,79,676,154,46,59,0,-1,-1,-1,-1
712,79,674,156,46,59,0,-1,-1,-1,-1
713,79,670,155,46,61,0,-1,-1,-1,-1
714,79,668,156,47,61,0,-1,-1,-1,-1
715,79,666,156,47,61,0,-1,-1,-1,-1
716,79,663,157,48,61,0,-1,-1,-1,-1
717,79,662,157,48,61,0,-1,-1,-1,-1
718,79,660,156,49,63,0,-1,-1,-1,-1
719,79,658,156,50,64,0,-1,-1,-1,-1
720,79,658,156,49,64,0,-1,-1,-1,-1
721,79,655,156,51,65,0,-1,-1,-1,-1
722,79,654,158,52,67,0,-1,-1,-1,-1
723,79,654,159,52,68,0,-1,-1,-1,-1
724,79,653,163,54,69,0,-1,-1,-1,-1
725,79,652,167,55,70,0,-1,-1,-1,-1
726,79,653,169,54,70,0,-1,-1,-1,-1
727,79,654,173,55,71,0,-1,-1,-1,-1
728,79,657,175,56,73,0,-1,-1,-1,-1
729,79,658,176,56,74,0,-1,-1,-1,-1
730,79,660,177,57,74,0,-1,-1,-1,-1
731,79,662,178,57,74,0,-1,-1,-1,-1
732,79,663,178,57,74,0,-1,-1,-1,-1
733,79,664,178,58,74,0,-1,-1,-1,-1
734,79,664,177,59,76,0,-1,-1,-1,-1
735,79,664,177,60,76,0,-1,-1,-1,-1
736,79,664,178,61,78,0,-1,-1,-1,-1
737,79,663,180,63,81,0,-1,-1,-1,-1
738,79,663,181,64,82,0,-1,-1,-1,-1
739,79,663,186,64,83,0,-1,-1,-1,-1
740,79,661,190,65,85,0,-1,-1,-1,-1
741,79,660,192,66,85,0,-1,-1,-1,-1
742,79,658,196,67,86,0,-1,-1,-1,-1
743,79,655,198,69,89,0,-1,-1,-1,-1
744,79,654,199,70,89,0,-1,-1,-1,-1
745,79,652,200,70,91,0,-1,-1,-1,-1
746,79,650,201,73,94,0,-1,-1,-1,-1
747,79,649,200,73,95,0,-1,-1,-1,-1
748,79,648,200,76,97,0,-1,-1,-1,-1
749,79,649,198,77,100,0,-1,-1,-1,-1
750,79,649,198,78,101,0,-1,-1,-1,-1
751,79,652,199,79,103,0,-1,-1,-1,-1
752,79,655,202,82,106,0,-1,-1,-1,-1
753,79,657,203,82,107,0,-1,-1,-1,-1
754,79,662,210,84,109,0,-1,-1,-1,-1
755,79,668,218,86,112,0,-1,-1,-1,-1
756,79,671,221,87,114,0,-1,-1,-1,-1
757,79,678,229,89,117,0,-1,-1,-1,-1
758,79,690,239,91,119,0,-1,-1,-1,-1
759,79,694,242,92,120,0,-1,-1,-1,-1
760,79,708,247,93,122,0,-1,-1,-1,-1
761,79,726,252,95,124,0,-1,-1,-1,-1
762,79,733,254,95,124,0,-1,-1,-1,-1
763,79,748,256,97,127,0,-1,-1,-1,-1
976,110,730,147,28,43,0,-1,-1,-1,-1
977,110,725,147,29,44,0,-1,-1,-1,-1
979,110,719,147,30,44,0,-1,-1,-1,-1
980,110,713,147,32,45,0,-1,-1,-1,-1
981,110,712,147,32,45,0,-1,-1,-1,-1
982,110,709,148,33,45,0,-1,-1,-1,-1
983,110,706,150,34,45,0,-1,-1,-1,-1
984,110,705,151,35,45,0,-1,-1,-1,-1
985,110,704,152,35,47,0,-1,-1,-1,-1
986,110,703,155,35,46,0,-1,-1,-1,-1
987,110,702,156,36,46,0,-1,-1,-1,-1
988,110,702,157,37,47,0,-1,-1,-1,-1
989,110,702,159,37,47,0,-1,-1,-1,-1
990,110,702,160,37,47,0,-1,-1,-1,-1
991,110,702,160,38,48,0,-1,-1,-1,-1
992,110,703,161,39,48,0,-1,-1,-1,-1
993,110,703,161,39,48,0,-1,-1,-1,-1
994,110,704,161,39,48,0,-1,-1,-1,-1
995,110,704,161,40,48,0,-1,-1,-1,-1
996,110,704,161,41,48,0,-1,-1,-1,-1
997,110,705,161,41,49,0,-1,-1,-1,-1
998,110,705,162,42,49,0,-1,-1,-1,-1
999,110,704,161,43,50,0,-1,-1,-1,-1
1000,110,705,162,43,50,0,-1,-1,-1,-1
1001,110,705,163,44,51,0,-1,-1,-1,-1
1002,110,705,164,44,50,0,-1,-1,-1,-1
1003,110,706,165,44,51,0,-1,-1,-1,-1
1004,110,706,167,45,51,0,-1,-1,-1,-1
1005,110,707,167,45,52,0,-1,-1,-1,-1
1006,110,707,170,45,52,0,-1,-1,-1,-1
1007,110,707,172,46,53,0,-1,-1,-1,-1
1008,110,707,173,46,53,0,-1,-1,-1,-1
1009,110,707,175,46,54,0,-1,-1,-1,-1
1010,110,706,178,47,54,0,-1,-1,-1,-1
1011,110,706,179,47,54,0,-1,-1,-1,-1
1012,110,704,178,48,55,0,-1,-1,-1,-1
1013,110,704,178,48,56,0,-1,-1,-1,-1
1014,110,703,178,50,57,0,-1,-1,-1,-1
1015,110,703,177,51,58,0,-1,-1,-1,-1
1016,110,703,177,51,59,0,-1,-1,-1,-1
1017,110,703,178,51,58,0,-1,-1,-1,-1
1018,110,704,179,51,59,0,-1,-1,-1,-1
1019,110,706,181,51,59,0,-1,-1,-1,-1
1020,110,705,180,51,60,0,-1,-1,-1,-1
1021,110,706,183,52,60,0,-1,-1,-1,-1
1022,110,708,187,52,60,0,-1,-1,-1,-1
1023,110,708,188,52,60,0,-1,-1,-1,-1
1024,110,709,191,53,61,0,-1,-1,-1,-1
1025,110,712,195,53,63,0,-1,-1,-1,-1
1026,110,712,197,54,63,0,-1,-1,-1,-1
1027,110,715,200,55,64,0,-1,-1,-1,-1
1028,110,718,202,56,65,0,-1,-1,-1,-1
1029,110,719,203,57,65,0,-1,-1,-1,-1
1030,110,723,205,57,66,0,-1,-1,-1,-1
1031,110,728,205,59,67,0,-1,-1,-1,-1
1032,110,730,205,59,68,0,-1,-1,-1,-1
1033,110,734,205,60,69,0,-1,-1,-1,-1
1034,110,739,204,61,71,0,-1,-1,-1,-1
1035,110,741,204,61,72,0,-1,-1,-1,-1
1036,110,745,204,63,73,0,-1,-1,-1,-1
1037,110,751,206,64,74,0,-1,-1,-1,-1
1038,110,752,205,64,75,0,-1,-1,-1,-1
1039,110,755,207,66,76,0,-1,-1,-1,-1
1040,110,760,211,67,79,0,-1,-1,-1,-1
1042,110,763,217,69,80,0,-1,-1,-1,-1
1044,110,768,225,71,83,0,-1,-1,-1,-1
1046,110,772,235,75,88,0,-1,-1,-1,-1
1048,110,775,240,77,91,0,-1,-1,-1,-1
1049,110,779,244,78,93,0,-1,-1,-1,-1
1050,110,780,245,79,94,0,-1,-1,-1,-1
1051,110,782,246,81,96,0,-1,-1,-1,-1
1052,110,787,249,81,98,0,-1,-1,-1,-1
1053,110,788,251,82,97,0,-1,-1,-1,-1
1054,110,791,252,84,100,0,-1,-1,-1,-1
1156,130,759,141,21,39,0,-1,-1,-1,-1
1157,130,751,139,23,40,0,-1,-1,-1,-1
1158,130,748,139,24,40,0,-1,-1,-1,-1
1159,130,743,139,25,40,0,-1,-1,-1,-1
1160,130,738,139,26,41,0,-1,-1,-1,-1
1161,130,736,139,27,42,0,-1,-1,-1,-1
1162,130,732,140,28,41,0,-1,-1,-1,-1
1163,130,728,141,29,42,0,-1,-1,-1,-1
1164,130,727,142,29,42,0,-1,-1,-1,-1
1165,130,723,144,30,42,0,-1,-1,-1,-1
1166,130,720,146,30,43,0,-1,-1,-1,-1
1167,130,718,147,32,43,0,-1,-1,-1,-1
1168,130,716,149,32,43,0,-1,-1,-1,-1
1169,130,714,150,32,43,0,-1,-1,-1,-1
1170,130,713,151,33,43,0,-1,-1,-1,-1
1171,130,712,151,33,44,0,-1,-1,-1,-1
1172,130,710,151,34,44,0,-1,-1,-1,-1
1173,130,709,151,35,44,0,-1,-1,-1,-1
1174,130,707,151,36,44,0,-1,-1,-1,-1
1175,130,704,149,36,45,0,-1,-1,-1,-1
1176,130,703,149,37,45,0,-1,-1,-1,-1
1177,130,701,150,37,45,0,-1,-1,-1,-1
1178,130,698,151,38,46,0,-1,-1,-1,-1
1179,130,697,151,39,47,0,-1,-1,-1,-1
1180,130,694,153,40,48,0,-1,-1,-1,-1
1181,130,691,156,40,48,0,-1,-1,-1,-1
1182,130,690,157,40,49,0,-1,-1,-1,-1
1183,130,687,160,41,49,0,-1,-1,-1,-1
1184,130,682,162,41,50,0,-1,-1,-1,-1
1185,130,680,163,42,50,0,-1,-1,-1,-1
1186,130,676,165,42,50,0,-1,-1,-1,-1
1187,130,671,165,43,52,0,-1,-1,-1,-1
1188,130,670,165,43,52,0,-1,-1,-1,-1
1189,130,666,165,44,53,0,-1,-1,-1,-1
1190,130,662,165,44,53,0,-1,-1,-1,-1
1191,130,661,165,44,53,0,-1,-1,-1,-1
1192,130,658,166,46,53,0,-1,-1,-1,-1
1193,130,656,167,46,54,0,-1,-1,-1,-1
1194,130,654,166,47,55,0,-1,-1,-1,-1
1195,130,653,168,47,55,0,-1,-1,-1,-1
1196,130,652,171,48,56,0,-1,-1,-1,-1
1197,130,652,172,48,56,0,-1,-1,-1,-1
1198,130,652,176,48,57,0,-1,-1,-1,-1
1199,130,652,179,50,59,0,-1,-1,-1,-1
1200,130,652,180,51,59,0,-1,-1,-1,-1
1201,130,652,181,51,60,0,-1,-1,-1,-1
1202,130,654,182,52,62,0,-1,-1,-1,-1
1203,130,655,183,53,61,0,-1,-1,-1,-1
1204,130,656,183,54,63,0,-1,-1,-1,-1
1205,130,658,184,55,63,0,-1,-1,-1,-1
1206,130,659,184,55,64,0,-1,-1,-1,-1
1207,130,659,183,55,65,0,-1,-1,-1,-1
1208,130,659,185,57,66,0,-1,-1,-1,-1
1209,130,659,185,57,67,0,-1,-1,-1,-1
1210,130,659,188,58,68,0,-1,-1,-1,-1
1211,130,659,193,59,69,0,-1,-1,-1,-1
1212,130,657,193,60,70,0,-1,-1,-1,-1
1213,130,656,197,62,73,0,-1,-1,-1,-1
1214,130,655,204,63,73,0,-1,-1,-1,-1
1215,130,655,206,64,74,0,-1,-1,-1,-1
1216,130,653,210,64,75,0,-1,-1,-1,-1
1217,130,652,212,66,78,0,-1,-1,-1,-1
1218,130,652,213,66,78,0,-1,-1,-1,-1
1219,130,649,213,69,80,0,-1,-1,-1,-1
1220,130,650,214,70,83,0,-1,-1,-1,-1
1221,130,650,214,71,84,0,-1,-1,-1,-1
1222,130,650,214,73,85,0,-1,-1,-1,-1
1223,130,655,218,72,85,0,-1,-1,-1,-1
1224,130,657,220,72,85,0,-1,-1,-1,-1
1225,130,660,223,75,88,0,-1,-1,-1,-1
1226,130,665,227,78,91,0,-1,-1,-1,-1
1227,130,667,229,79,93,0,-1,-1,-1,-1
1228,130,672,234,82,95,0,-1,-1,-1,-1
1229,130,680,241,85,100,0,-1,-1,-1,-1
1230,130,683,244,87,102,0,-1,-1,-1,-1
1231,130,693,251,88,103,0,-1,-1,-1,-1
1232,130,708,256,89,105,0,-1,-1,-1,-1
1233,130,714,258,90,106,0,-1,-1,-1,-1
1234,130,726,259,92,109,0,-1,-1,-1,-1
1235,130,742,261,96,112,0,-1,-1,-1,-1
1236,130,749,261,96,114,0,-1,-1,-1,-1
1237,130,761,262,99,117,0,-1,-1,-1,-1
1238,130,777,264,103,121,0,-1,-1,-1,-1
1239,130,784,265,103,123,0,-1,-1,-1,-1
1240,130,796,269,107,126,0,-1,-1,-1,-1
1241,130,811,275,111,132,0,-1,-1,-1,-1
1242,130,817,278,113,134,0,-1,-1,-1,-1
1243,130,830,286,116,139,0,-1,-1,-1,-1
1244,130,848,300,119,144,0,-1,-1,-1,-1
1246,130,871,321,122,147,0,-1,-1,-1,-1
1390,140,754,134,35,51,0,-1,-1,-1,-1
1391,140,748,133,35,52,0,-1,-1,-1,-1
1392,140,745,133,36,52,0,-1,-1,-1,-1
1393,140,740,133,36,52,0,-1,-1,-1,-1
1394,140,735,134,36,51,0,-1,-1,-1,-1
1395,140,733,134,36,51,0,-1,-1,-1,-1
1396,140,728,136,36,50,0,-1,-1,-1,-1
1397,140,723,139,36,49,0,-1,-1,-1,-1
1398,140,721,140,36,49,0,-1,-1,-1,-1
1399,140,715,141,38,50,0,-1,-1,-1,-1
1400,140,711,145,37,50,0,-1,-1,-1,-1
1401,140,709,146,38,51,0,-1,-1,-1,-1
1402,140,705,147,39,52,0,-1,-1,-1,-1
1403,140,701,148,40,52,0,-1,-1,-1,-1
1404,140,699,148,40,53,0,-1,-1,-1,-1
1405,140,697,148,40,53,0,-1,-1,-1,-1
1406,140,693,148,40,54,0,-1,-1,-1,-1
1407,140,691,148,41,54,0,-1,-1,-1,-1
1408,140,687,148,42,54,0,-1,-1,-1,-1
1409,140,683,149,41,54,0,-1,-1,-1,-1
1410,140,681,149,42,54,0,-1,-1,-1,-1
1411,140,676,149,42,55,0,-1,-1,-1,-1
1412,140,670,151,43,56,0,-1,-1,-1,-1
1413,140,668,152,43,56,0,-1,-1,-1,-1
1414,140,663,155,45,57,0,-1,-1,-1,-1
1415,140,656,158,46,59,0,-1,-1,-1,-1
1416,140,653,160,46,58,0,-1,-1,-1,-1
1417,140,647,162,47,59,0,-1,-1,-1,-1
1418,140,638,161,48,61,0,-1,-1,-1,-1
1419,140,635,161,48,62,0,-1,-1,-1,-1
1420,140,628,161,50,63,0,-1,-1,-1,-1
1421,140,622,160,50,64,0,-1,-1,-1,-1
1422,140,618,159,51,65,0,-1,-1,-1,-1
1423,140,614,159,51,66,0,-1,-1,-1,-1
1424,140,609,158,53,68,0,-1,-1,-1,-1
1425,140,608,158,53,69,0,-1,-1,-1,-1
1426,140,603,159,54,70,0,-1,-1,-1,-1
1427,140,600,164,55,71,0,-1,-1,-1,-1
1428,140,599,167,55,70,0,-1,-1,-1,-1
1429,140,597,172,55,71,0,-1,-1,-1,-1
1430,140,596,177,57,73,0,-1,-1,-1,-1
1431,140,596,179,57,74,0,-1,-1,-1,-1
1432,140,596,180,58,76,0,-1,-1,-1,-1
1433,140,598,180,60,79,0,-1,-1,-1,-1
1434,140,598,179,61,81,0,-1,-1,-1,-1
1435,140,600,180,62,81,0,-1,-1,-1,-1
1436,140,603,180,62,83,0,-1,-1,-1,-1
1437,140,604,180,63,83,0,-1,-1,-1,-1
1438,140,605,178,64,85,0,-1,-1,-1,-1
1439,140,607,179,65,87,0,-1,-1,-1,-1
1440,140,607,180,66,87,0,-1,-1,-1,-1
1441,140,609,184,66,88,0,-1,-1,-1,-1
1442,140,611,190,68,90,0,-1,-1,-1,-1
1443,140,612,192,68,91,0,-1,-1,-1,-1
1444,140,614,199,70,94,0,-1,-1,-1,-1
1445,140,614,207,72,96,0,-1,-1,-1,-1
1446,140,615,211,72,97,0,-1,-1,-1,-1
1447,140,615,216,73,99,0,-1,-1,-1,-1
1448,140,614,219,76,102,0,-1,-1,-1,-1
1449,140,614,221,77,102,0,-1,-1,-1,-1
1450,140,615,220,78,105,0,-1,-1,-1,-1
1451,140,619,220,80,108,0,-1,-1,-1,-1
1452,140,620,220,81,109,0,-1,-1,-1,-1
1453,140,624,218,84,114,0,-1,-1,-1,-1
1454,140,632,223,85,115,0,-1,-1,-1,-1
1455,140,635,225,86,116,0,-1,-1,-1,-1
1456,140,644,235,89,119,0,-1,-1,-1,-1
1457,140,655,249,91,120,0,-1,-1,-1,-1
1458,140,660,255,91,120,0,-1,-1,-1,-1
1466,140,802,293,117,159,0,-1,-1,-1,-1
1467,140,812,293,118,161,0,-1,-1,-1,-1
1468,140,834,297,121,165,0,-1,-1,-1,-1
1495,145,625,178,52,62,0,-1,-1,-1,-1
1496,145,621,179,52,61,0,-1,-1,-1,-1
1497,145,620,179,52,61,0,-1,-1,-1,-1
1498,145,618,180,51,61,0,-1,-1,-1,-1
1499,145,616,181,51,61,0,-1,-1,-1,-1
1500,145,618,184,48,58,0,-1,-1,-1,-1
1501,145,618,186,47,57,0,-1,-1,-1,-1
1502,145,621,190,44,54,0,-1,-1,-1,-1
1503,145,621,191,44,52,0,-1,-1,-1,-1
1505,145,620,197,47,56,0,-1,-1,-1,-1
1506,145,620,198,48,58,0,-1,-1,-1,-1
1507,145,619,199,51,62,0,-1,-1,-1,-1
1508,145,623,203,50,59,0,-1,-1,-1,-1
1509,145,625,204,48,58,0,-1,-1,-1,-1
1510,145,622,203,54,65,0,-1,-1,-1,-1
1511,145,623,204,56,68,0,-1,-1,-1,-1
1512,145,622,203,57,70,0,-1,-1,-1,-1
1513,145,623,204,58,70,0,-1,-1,-1,-1
1514,145,625,205,59,71,0,-1,-1,-1,-1
1515,145,626,205,58,72,0,-1,-1,-1,-1
1516,145,625,202,60,75,0,-1,-1,-1,-1
1523,145,626,235,63,77,0,-1,-1,-1,-1
1524,145,626,236,64,79,0,-1,-1,-1,-1
1525,145,626,242,61,75,0,-1,-1,-1,-1
1526,145,622,242,67,82,0,-1,-1,-1,-1
1527,145,621,243,68,84,0,-1,-1,-1,-1
1528,145,620,243,70,86,0,-1,-1,-1,-1
1529,145,619,240,73,90,0,-1,-1,-1,-1
1530,145,619,239,75,91,0,-1,-1,-1,-1
1531,145,621,241,75,92,0,-1,-1,-1,-1
1538,145,645,274,94,116,0,-1,-1,-1,-1
1540,145,653,278,98,120,0,-1,-1,-1,-1
1541,145,658,280,102,125,0,-1,-1,-1,-1
1542,145,661,281,102,126,0,-1,-1,-1,-1
1543,145,664,283,105,127,0,-1,-1,-1,-1
1544,145,667,283,109,132,0,-1,-1,-1,-1
1545,145,669,283,109,134,0,-1,-1,-1,-1
1546,145,672,287,111,135,0,-1,-1,-1,-1
1553,145,695,358,123,149,0,-1,-1,-1,-1
1554,145,695,360,125,152,0,-1,-1,-1,-1
1555,145,699,360,129,158,0,-1,-1,-1,-1
1556,145,705,351,139,169,0,-1,-1,-1,-1
1557,145,707,348,143,173,0,-1,-1,-1,-1
1558,145,719,348,145,177,0,-1,-1,-1,-1
