238,14,542,145,33,52,0,-1,-1,-1,-1
239,14,543,145,33,52,0,-1,-1,-1,-1
240,14,543,144,35,53,0,-1,-1,-1,-1
241,14,544,144,34,53,0,-1,-1,-1,-1
242,14,544,145,35,53,0,-1,-1,-1,-1
243,14,545,145,34,53,0,-1,-1,-1,-1
244,14,545,145,34,53,0,-1,-1,-1,-1
245,14,545,147,35,53,0,-1,-1,-1,-1
246,14,546,147,35,54,0,-1,-1,-1,-1
247,14,547,148,35,53,0,-1,-1,-1,-1
248,14,547,148,36,54,0,-1,-1,-1,-1
249,14,548,148,35,54,0,-1,-1,-1,-1
250,14,548,149,35,53,0,-1,-1,-1,-1
251,14,548,149,36,53,0,-1,-1,-1,-1
252,14,549,150,36,54,0,-1,-1,-1,-1
253,14,549,150,36,54,0,-1,-1,-1,-1
254,14,549,151,38,55,0,-1,-1,-1,-1
255,14,550,152,38,55,0,-1,-1,-1,-1
256,14,550,153,39,55,0,-1,-1,-1,-1
257,14,551,153,38,55,0,-1,-1,-1,-1
258,14,551,154,40,57,0,-1,-1,-1,-1
259,14,551,154,41,57,0,-1,-1,-1,-1
260,14,552,154,41,57,0,-1,-1,-1,-1
261,14,553,154,41,57,0,-1,-1,-1,-1
262,14,553,154,41,57,0,-1,-1,-1,-1
263,14,554,153,41,57,0,-1,-1,-1,-1
264,14,555,153,42,57,0,-1,-1,-1,-1
265,14,556,152,42,58,0,-1,-1,-1,-1
266,14,557,152,42,57,0,-1,-1,-1,-1
267,14,559,153,42,57,0,-1,-1,-1,-1
268,14,559,153,43,58,0,-1,-1,-1,-1
269,14,562,153,43,58,0,-1,-1,-1,-1
270,14,566,154,43,58,0,-1,-1,-1,-1
271,14,567,155,43,58,0,-1,-1,-1,-1
272,14,570,156,45,58,0,-1,-1,-1,-1
273,14,577,158,44,58,0,-1,-1,-1,-1
274,14,579,158,45,59,0,-1,-1,-1,-1
275,14,584,160,45,59,0,-1,-1,-1,-1
276,14,589,159,46,60,0,-1,-1,-1,-1
277,14,591,158,47,61,0,-1,-1,-1,-1
278,14,596,157,48,62,0,-1,-1,-1,-1
279,14,602,155,49,63,0,-1,-1,-1,-1
280,14,605,154,48,63,0,-1,-1,-1,-1
281,14,609,153,49,63,0,-1,-1,-1,-1
282,14,614,151,50,65,0,-1,-1,-1,-1
283,14,616,151,50,65,0,-1,-1,-1,-1
284,14,621,151,50,65,0,-1,-1,-1,-1
285,14,625,151,51,66,0,-1,-1,-1,-1
286,14,626,151,51,66,0,-1,-1,-1,-1
287,14,630,150,51,68,0,-1,-1,-1,-1
288,14,636,151,51,67,0,-1,-1,-1,-1
289,14,638,151,51,68,0,-1,-1,-1,-1
290,14,641,152,53,69,0,-1,-1,-1,-1
291,14,645,156,53,68,0,-1,-1,-1,-1
292,14,647,157,52,68,0,-1,-1,-1,-1
293,14,650,159,53,69,0,-1,-1,-1,-1
294,14,653,163,54,69,0,-1,-1,-1,-1
295,14,655,164,53,69,0,-1,-1,-1,-1
296,14,657,167,54,69,0,-1,-1,-1,-1
297,14,660,169,54,69,0,-1,-1,-1,-1
298,14,660,168,54,70,0,-1,-1,-1,-1
299,14,662,168,54,70,0,-1,-1,-1,-1
300,14,665,169,55,70,0,-1,-1,-1,-1
301,14,666,169,55,71,0,-1,-1,-1,-1
302,14,669,170,55,71,0,-1,-1,-1,-1
303,14,672,171,56,71,0,-1,-1,-1,-1
304,14,673,171,56,72,0,-1,-1,-1,-1
305,14,676,171,57,73,0,-1,-1,-1,-1
306,14,679,172,58,74,0,-1,-1,-1,-1
307,14,680,173,59,74,0,-1,-1,-1,-1
308,14,683,174,60,76,0,-1,-1,-1,-1
309,14,687,178,62,77,0,-1,-1,-1,-1
310,14,689,179,62,78,0,-1,-1,-1,-1
311,14,691,180,64,80,0,-1,-1,-1,-1
312,14,697,184,64,81,0,-1,-1,-1,-1
313,14,699,186,64,81,0,-1,-1,-1,-1
314,14,702,186,66,84,0,-1,-1,-1,-1
315,14,708,187,67,84,0,-1,-1,-1,-1
316,14,710,187,67,84,0,-1,-1,-1,-1
317,14,714,187,68,85,0,-1,-1,-1,-1
318,14,718,186,68,87,0,-1,-1,-1,-1
319,14,719,186,69,87,0,-1,-1,-1,-1
320,14,722,185,70,88,0,-1,-1,-1,-1
321,14,725,184,71,89,0,-1,-1,-1,-1
322,14,725,184,72,89,0,-1,-1,-1,-1
323,14,726,182,73,92,0,-1,-1,-1,-1
324,14,728,184,74,93,0,-1,-1,-1,-1
325,14,729,184,74,94,0,-1,-1,-1,-1
326,14,730,187,75,95,0,-1,-1,-1,-1
327,14,732,192,76,96,0,-1,-1,-1,-1
328,14,733,194,76,96,0,-1,-1,-1,-1
329,14,734,200,77,97,0,-1,-1,-1,-1
330,14,733,203,79,101,0,-1,-1,-1,-1
331,14,733,205,80,102,0,-1,-1,-1,-1
332,14,733,206,82,104,0,-1,-1,-1,-1
333,14,733,208,83,105,0,-1,-1,-1,-1
334,14,733,208,83,106,0,-1,-1,-1,-1
335,14,734,209,84,108,0,-1,-1,-1,-1
336,14,734,209,86,111,0,-1,-1,-1,-1
337,14,734,210,87,111,0,-1,-1,-1,-1
338,14,736,210,89,113,0,-1,-1,-1,-1
339,14,738,209,91,116,0,-1,-1,-1,-1
340,14,739,209,91,116,0,-1,-1,-1,-1
341,14,741,209,93,118,0,-1,-1,-1,-1
342,14,745,213,93,118,0,-1,-1,-1,-1
343,14,746,214,93,119,0,-1,-1,-1,-1
344,14,748,218,94,120,0,-1,-1,-1,-1
345,14,752,224,97,123,0,-1,-1,-1,-1
346,14,754,226,97,124,0,-1,-1,-1,-1
347,14,757,230,101,129,0,-1,-1,-1,-1
348,14,763,233,103,133,0,-1,-1,-1,-1
349,14,765,235,104,134,0,-1,-1,-1,-1
350,14,772,239,104,134,0,-1,-1,-1,-1
351,14,779,243,105,135,0,-1,-1,-1,-1
352,14,782,244,105,135,0,-1,-1,-1,-1
353,14,787,247,107,137,0,-1,-1,-1,-1
354,14,791,249,110,140,0,-1,-1,-1,-1
355,14,793,250,111,141,0,-1,-1,-1,-1
356,14,798,251,113,145,0,-1,-1,-1,-1
357,14,803,254,116,147,0,-1,-1,-1,-1
358,14,805,255,117,148,0,-1,-1,-1,-1
359,14,809,257,119,150,0,-1,-1,-1,-1
360,14,814,262,122,154,0,-1,-1,-1,-1
361,14,816,264,123,155,0,-1,-1,-1,-1
362,14,820,269,125,159,0,-1,-1,-1,-1
363,14,824,276,128,161,0,-1,-1,-1,-1
364,14,826,279,129,162,0,-1,-1,-1,-1
365,14,829,284,131,165,0,-1,-1,-1,-1
366,14,832,289,133,168,0,-1,-1,-1,-1
367,14,833,291,134,169,0,-1,-1,-1,-1
368,14,834,291,136,172,0,-1,-1,-1,-1
369,14,837,293,138,175,0,-1,-1,-1,-1
370,14,838,294,139,176,0,-1,-1,-1,-1
371,14,841,296,142,180,0,-1,-1,-1,-1
372,14,847,300,144,183,0,-1,-1,-1,-1
373,14,849,302,145,184,0,-1,-1,-1,-1
374,14,858,305,147,188,0,-1,-1,-1,-1
375,14,868,309,151,191,0,-1,-1,-1,-1
376,14,872,310,153,194,0,-1,-1,-1,-1
377,14,882,316,154,195,0,-1,-1,-1,-1
453,26,712,154,34,49,0,-1,-1,-1,-1
454,26,712,154,34,49,0,-1,-1,-1,-1
455,26,711,155,34,48,0,-1,-1,-1,-1
456,26,709,156,34,49,0,-1,-1,-1,-1
457,26,709,156,34,49,0,-1,-1,-1,-1
458,26,707,158,34,48,0,-1,-1,-1,-1
459,26,705,159,34,48,0,-1,-1,-1,-1
460,26,704,159,34,48,0,-1,-1,-1,-1
461,26,703,160,34,48,0,-1,-1,-1,-1
462,26,701,161,35,48,0,-1,-1,-1,-1
463,26,700,161,35,48,0,-1,-1,-1,-1
464,26,698,162,36,49,0,-1,-1,-1,-1
465,26,697,163,36,49,0,-1,-1,-1,-1
466,26,696,163,37,49,0,-1,-1,-1,-1
467,26,695,164,37,49,0,-1,-1,-1,-1
468,26,694,166,37,49,0,-1,-1,-1,-1
469,26,693,165,37,50,0,-1,-1,-1,-1
470,26,693,167,37,50,0,-1,-1,-1,-1
471,26,693,169,38,50,0,-1,-1,-1,-1
472,26,693,170,38,50,0,-1,-1,-1,-1
473,26,693,172,39,50,0,-1,-1,-1,-1
474,26,695,174,39,51,0,-1,-1,-1,-1
475,26,695,175,40,51,0,-1,-1,-1,-1
476,26,697,176,40,51,0,-1,-1,-1,-1
477,26,700,175,41,52,0,-1,-1,-1,-1
478,26,702,175,40,52,0,-1,-1,-1,-1
479,26,704,174,41,53,0,-1,-1,-1,-1
480,26,708,175,41,52,0,-1,-1,-1,-1
481,26,709,175,41,52,0,-1,-1,-1,-1
482,26,712,175,41,52,0,-1,-1,-1,-1
483,26,714,176,42,52,0,-1,-1,-1,-1
484,26,715,176,42,52,0,-1,-1,-1,-1
485,26,717,177,41,52,0,-1,-1,-1,-1
486,26,717,177,43,53,0,-1,-1,-1,-1
487,26,718,177,43,54,0,-1,-1,-1,-1
488,26,718,177,43,55,0,-1,-1,-1,-1
489,26,718,179,43,55,0,-1,-1,-1,-1
490,26,718,179,43,56,0,-1,-1,-1,-1
491,26,717,181,44,56,0,-1,-1,-1,-1
492,26,715,183,46,58,0,-1,-1,-1,-1
493,26,715,184,46,58,0,-1,-1,-1,-1
494,26,712,185,47,60,0,-1,-1,-1,-1
495,26,709,187,48,61,0,-1,-1,-1,-1
496,26,708,188,48,61,0,-1,-1,-1,-1
497,26,705,190,49,61,0,-1,-1,-1,-1
498,26,702,190,49,62,0,-1,-1,-1,-1
499,26,701,190,49,63,0,-1,-1,-1,-1
500,26,699,190,49,62,0,-1,-1,-1,-1
501,26,697,189,50,63,0,-1,-1,-1,-1
502,26,697,189,49,62,0,-1,-1,-1,-1
503,26,696,188,51,64,0,-1,-1,-1,-1
504,26,697,188,51,64,0,-1,-1,-1,-1
505,26,697,188,52,65,0,-1,-1,-1,-1
506,26,699,189,51,65,0,-1,-1,-1,-1
507,26,700,191,53,66,0,-1,-1,-1,-1
508,26,701,192,53,66,0,-1,-1,-1,-1
509,26,703,194,53,68,0,-1,-1,-1,-1
510,26,703,197,56,70,0,-1,-1,-1,-1
511,26,704,198,56,71,0,-1,-1,-1,-1
512,26,707,202,57,73,0,-1,-1,-1,-1
513,26,711,207,58,74,0,-1,-1,-1,-1
514,26,713,209,58,74,0,-1,-1,-1,-1
515,26,718,213,58,73,0,-1,-1,-1,-1
516,26,725,215,58,72,0,-1,-1,-1,-1
517,26,728,215,57,72,0,-1,-1,-1,-1
517,29,692,193,35,53,0,-1,-1,-1,-1
518,26,732,214,59,73,0,-1,-1,-1,-1
518,29,692,194,36,55,0,-1,-1,-1,-1
519,26,737,213,60,74,0,-1,-1,-1,-1
519,29,692,196,37,56,0,-1,-1,-1,-1
520,26,739,212,61,76,0,-1,-1,-1,-1
520,29,692,196,37,57,0,-1,-1,-1,-1
521,26,742,212,62,77,0,-1,-1,-1,-1
521,29,692,198,38,58,0,-1,-1,-1,-1
522,26,744,212,63,78,0,-1,-1,-1,-1
522,29,692,198,39,59,0,-1,-1,-1,-1
523,26,745,212,64,79,0,-1,-1,-1,-1
523,29,692,199,39,59,0,-1,-1,-1,-1
524,26,745,212,65,80,0,-1,-1,-1,-1
524,29,692,199,39,59,0,-1,-1,-1,-1
525,26,746,214,66,82,0,-1,-1,-1,-1
525,29,690,198,40,60,0,-1,-1,-1,-1
526,26,746,214,67,84,0,-1,-1,-1,-1
526,29,690,198,40,61,0,-1,-1,-1,-1
527,26,747,218,67,84,0,-1,-1,-1,-1
527,29,689,198,40,61,0,-1,-1,-1,-1
528,26,747,224,69,87,0,-1,-1,-1,-1
528,29,686,198,40,61,0,-1,-1,-1,-1
529,26,747,227,70,87,0,-1,-1,-1,-1
529,29,685,198,41,61,0,-1,-1,-1,-1
530,26,747,233,71,89,0,-1,-1,-1,-1
530,29,683,198,41,61,0,-1,-1,-1,-1
531,26,746,239,71,91,0,-1,-1,-1,-1
531,29,680,199,42,61,0,-1,-1,-1,-1
532,26,745,242,72,91,0,-1,-1,-1,-1
532,29,679,199,42,62,0,-1,-1,-1,-1
533,26,744,248,73,93,0,-1,-1,-1,-1
533,29,677,200,42,63,0,-1,-1,-1,-1
534,26,741,254,75,95,0,-1,-1,-1,-1
534,29,675,204,42,63,0,-1,-1,-1,-1
535,26,740,256,76,96,0,-1,-1,-1,-1
535,29,674,206,42,62,0,-1,-1,-1,-1
536,26,738,257,77,97,0,-1,-1,-1,-1
536,29,671,209,42,63,0,-1,-1,-1,-1
537,26,737,257,77,99,0,-1,-1,-1,-1
537,29,666,212,44,65,0,-1,-1,-1,-1
538,26,735,255,78,100,0,-1,-1,-1,-1
538,29,664,213,45,65,0,-1,-1,-1,-1
539,26,734,255,80,103,0,-1,-1,-1,-1
539,29,660,216,45,65,0,-1,-1,-1,-1
540,26,734,256,82,106,0,-1,-1,-1,-1
540,29,655,218,45,67,0,-1,-1,-1,-1
541,26,734,256,82,107,0,-1,-1,-1,-1
541,29,653,219,46,67,0,-1,-1,-1,-1
542,26,735,259,83,107,0,-1,-1,-1,-1
542,29,648,220,47,68,0,-1,-1,-1,-1
543,26,736,262,84,110,0,-1,-1,-1,-1
543,29,644,220,48,69,0,-1,-1,-1,-1
543,32,781,157,28,47,0,-1,-1,-1,-1
544,26,736,264,86,110,0,-1,-1,-1,-1
544,29,643,221,48,68,0,-1,-1,-1,-1
544,32,781,158,28,46,0,-1,-1,-1,-1
545,26,739,267,87,113,0,-1,-1,-1,-1
545,29,640,219,48,70,0,-1,-1,-1,-1
545,32,781,159,28,46,0,-1,-1,-1,-1
546,26,742,274,88,113,0,-1,-1,-1,-1
546,29,639,219,49,71,0,-1,-1,-1,-1
546,32,780,159,29,47,0,-1,-1,-1,-1
547,26,743,276,89,114,0,-1,-1,-1,-1
547,29,639,219,49,71,0,-1,-1,-1,-1
547,32,780,160,29,46,0,-1,-1,-1,-1
548,26,747,282,91,117,0,-1,-1,-1,-1
548,29,639,220,50,72,0,-1,-1,-1,-1
548,32,780,161,28,46,0,-1,-1,-1,-1
549,26,753,291,92,120,0,-1,-1,-1,-1
549,29,640,221,50,73,0,-1,-1,-1,-1
549,32,779,163,28,46,0,-1,-1,-1,-1
550,26,755,295,93,121,0,-1,-1,-1,-1
550,29,640,222,51,73,0,-1,-1,-1,-1
550,32,778,164,29,45,0,-1,-1,-1,-1
551,26,762,303,95,124,0,-1,-1,-1,-1
551,29,641,224,51,75,0,-1,-1,-1,-1
551,32,777,165,29,45,0,-1,-1,-1,-1
552,26,774,314,97,126,0,-1,-1,-1,-1
552,29,643,227,52,76,0,-1,-1,-1,-1
552,32,774,165,30,46,0,-1,-1,-1,-1
553,26,779,318,98,127,0,-1,-1,-1,-1
553,29,643,228,53,77,0,-1,-1,-1,-1
553,32,773,165,30,47,0,-1,-1,-1,-1
554,26,790,324,100,130,0,-1,-1,-1,-1
554,29,645,231,54,79,0,-1,-1,-1,-1
554,32,770,165,32,48,0,-1,-1,-1,-1
555,26,807,331,102,131,0,-1,-1,-1,-1
555,29,648,235,55,80,0,-1,-1,-1,-1
555,32,766,166,32,49,0,-1,-1,-1,-1
556,26,814,333,102,131,0,-1,-1,-1,-1
556,29,650,236,54,81,0,-1,-1,-1,-1
556,32,764,166,33,49,0,-1,-1,-1,-1
557,26,829,335,104,134,0,-1,-1,-1,-1
557,29,654,239,56,81,0,-1,-1,-1,-1
557,32,760,168,33,49,0,-1,-1,-1,-1
558,26,849,339,106,136,0,-1,-1,-1,-1
558,29,661,241,55,81,0,-1,-1,-1,-1
558,32,754,170,34,49,0,-1,-1,-1,-1
559,26,856,340,107,138,0,-1,-1,-1,-1
559,29,663,242,56,81,0,-1,-1,-1,-1
559,32,752,170,34,49,0,-1,-1,-1,-1
560,26,871,343,111,142,0,-1,-1,-1,-1
560,29,667,241,57,84,0,-1,-1,-1,-1
560,32,746,170,35,50,0,-1,-1,-1,-1
561,26,895,353,115,147,0,-1,-1,-1,-1
561,29,671,241,57,84,0,-1,-1,-1,-1
561,32,739,170,37,51,0,-1,-1,-1,-1
562,26,902,355,117,150,0,-1,-1,-1,-1
562,29,673,241,56,83,0,-1,-1,-1,-1
562,32,737,170,37,52,0,-1,-1,-1,-1
563,29,674,241,57,84,0,-1,-1,-1,-1
563,32,732,170,38,53,0,-1,-1,-1,-1
564,29,674,241,59,87,0,-1,-1,-1,-1
564,32,726,170,38,53,0,-1,-1,-1,-1
565,29,674,241,60,88,0,-1,-1,-1,-1
565,32,724,171,39,52,0,-1,-1,-1,-1
566,29,674,244,61,89,0,-1,-1,-1,-1
566,32,720,171,39,52,0,-1,-1,-1,-1
567,29,674,248,61,91,0,-1,-1,-1,-1
567,32,716,171,39,53,0,-1,-1,-1,-1
568,29,674,250,62,92,0,-1,-1,-1,-1
568,32,714,171,40,53,0,-1,-1,-1,-1
569,29,674,254,63,95,0,-1,-1,-1,-1
569,32,711,171,40,54,0,-1,-1,-1,-1
570,29,674,262,64,95,0,-1,-1,-1,-1
570,32,709,173,40,53,0,-1,-1,-1,-1
571,29,674,265,64,96,0,-1,-1,-1,-1
571,32,708,173,40,54,0,-1,-1,-1,-1
572,29,674,271,64,97,0,-1,-1,-1,-1
572,32,706,174,40,54,0,-1,-1,-1,-1
573,29,673,277,65,98,0,-1,-1,-1,-1
573,32,704,177,41,54,0,-1,-1,-1,-1
574,29,672,279,66,99,0,-1,-1,-1,-1
574,32,704,177,41,56,0,-1,-1,-1,-1
575,29,670,279,68,102,0,-1,-1,-1,-1
575,32,703,179,42,57,0,-1,-1,-1,-1
576,29,672,281,69,106,0,-1,-1,-1,-1
576,32,703,183,42,56,0,-1,-1,-1,-1
577,29,673,282,70,106,0,-1,-1,-1,-1
577,32,703,184,42,57,0,-1,-1,-1,-1
578,29,676,284,71,108,0,-1,-1,-1,-1
578,32,704,187,42,56,0,-1,-1,-1,-1
579,29,682,286,72,110,0,-1,-1,-1,-1
579,32,705,189,42,56,0,-1,-1,-1,-1
580,29,685,288,72,110,0,-1,-1,-1,-1
580,32,705,190,43,56,0,-1,-1,-1,-1
581,29,693,294,71,110,0,-1,-1,-1,-1
581,32,706,190,43,57,0,-1,-1,-1,-1
582,29,702,302,73,112,0,-1,-1,-1,-1
582,32,707,190,44,57,0,-1,-1,-1,-1
583,29,706,305,73,113,0,-1,-1,-1,-1
583,32,708,190,44,57,0,-1,-1,-1,-1
584,29,714,314,74,114,0,-1,-1,-1,-1
584,32,708,189,45,59,0,-1,-1,-1,-1
585,29,731,332,70,108,0,-1,-1,-1,-1
585,32,709,190,45,58,0,-1,-1,-1,-1
586,29,736,338,69,107,0,-1,-1,-1,-1
586,32,709,190,45,58,0,-1,-1,-1,-1
587,29,747,350,71,107,0,-1,-1,-1,-1
587,32,709,191,45,58,0,-1,-1,-1,-1
588,32,709,191,46,59,0,-1,-1,-1,-1
589,32,708,190,47,60,0,-1,-1,-1,-1
590,32,711,193,46,59,0,-1,-1,-1,-1
591,32,712,196,46,59,0,-1,-1,-1,-1
592,32,711,196,47,60,0,-1,-1,-1,-1
593,32,712,198,48,61,0,-1,-1,-1,-1
594,32,712,201,49,63,0,-1,-1,-1,-1
595,32,713,202,49,63,0,-1,-1,-1,-1
596,32,713,203,50,65,0,-1,-1,-1,-1
597,32,714,204,51,66,0,-1,-1,-1,-1
598,32,714,205,51,66,0,-1,-1,-1,-1
599,32,715,204,52,68,0,-1,-1,-1,-1
600,32,716,204,52,69,0,-1,-1,-1,-1
601,32,716,205,53,68,0,-1,-1,-1,-1
602,32,717,204,53,70,0,-1,-1,-1,-1
603,32,718,205,54,70,0,-1,-1,-1,-1
604,32,719,205,54,71,0,-1,-1,-1,-1
604,37,771,134,33,50,0,-1,-1,-1,-1
605,32,722,207,53,70,0,-1,-1,-1,-1
605,37,770,134,34,50,0,-1,-1,-1,-1
606,32,724,208,55,72,0,-1,-1,-1,-1
606,37,768,133,34,51,0,-1,-1,-1,-1
607,32,725,209,55,72,0,-1,-1,-1,-1
607,37,767,133,34,52,0,-1,-1,-1,-1
608,32,727,211,56,73,0,-1,-1,-1,-1
608,37,766,134,33,50,0,-1,-1,-1,-1
609,32,730,215,56,74,0,-1,-1,-1,-1
609,37,763,134,34,50,0,-1,-1,-1,-1
610,32,731,217,57,74,0,-1,-1,-1,-1
610,37,763,134,33,50,0,-1,-1,-1,-1
611,32,734,222,56,74,0,-1,-1,-1,-1
611,37,763,136,33,49,0,-1,-1,-1,-1
612,32,739,228,56,74,0,-1,-1,-1,-1
612,37,762,138,32,48,0,-1,-1,-1,-1
613,32,740,231,56,74,0,-1,-1,-1,-1
613,37,761,138,33,48,0,-1,-1,-1,-1
614,32,744,236,56,74,0,-1,-1,-1,-1
614,37,760,139,33,48,0,-1,-1,-1,-1
615,32,750,240,57,75,0,-1,-1,-1,-1
615,37,760,140,33,48,0,-1,-1,-1,-1
616,32,752,241,57,75,0,-1,-1,-1,-1
616,37,760,140,33,48,0,-1,-1,-1,-1
617,32,756,242,58,76,0,-1,-1,-1,-1
617,37,759,140,34,48,0,-1,-1,-1,-1
618,32,762,242,60,79,0,-1,-1,-1,-1
618,37,759,140,34,48,0,-1,-1,-1,-1
619,32,765,243,60,79,0,-1,-1,-1,-1
619,37,759,140,34,48,0,-1,-1,-1,-1
620,32,769,243,61,80,0,-1,-1,-1,-1
620,37,759,140,34,48,0,-1,-1,-1,-1
621,32,774,243,64,83,0,-1,-1,-1,-1
621,37,758,140,35,48,0,-1,-1,-1,-1
622,32,776,243,64,84,0,-1,-1,-1,-1
622,37,757,138,35,50,0,-1,-1,-1,-1
623,32,780,244,66,86,0,-1,-1,-1,-1
623,37,756,138,36,50,0,-1,-1,-1,-1
624,32,784,247,68,88,0,-1,-1,-1,-1
624,37,756,137,36,51,0,-1,-1,-1,-1
625,32,786,248,69,89,0,-1,-1,-1,-1
625,37,755,137,37,51,0,-1,-1,-1,-1
626,32,789,252,69,90,0,-1,-1,-1,-1
626,37,755,137,36,51,0,-1,-1,-1,-1
627,32,793,258,70,92,0,-1,-1,-1,-1
627,37,754,137,37,51,0,-1,-1,-1,-1
628,32,794,260,71,93,0,-1,-1,-1,-1
628,37,754,137,37,51,0,-1,-1,-1,-1
629,32,797,267,72,94,0,-1,-1,-1,-1
629,37,753,138,37,51,0,-1,-1,-1,-1
630,32,799,277,73,95,0,-1,-1,-1,-1
630,37,752,138,38,52,0,-1,-1,-1,-1
631,32,800,281,73,95,0,-1,-1,-1,-1
631,37,752,138,38,53,0,-1,-1,-1,-1
632,32,802,288,73,97,0,-1,-1,-1,-1
632,37,752,139,37,53,0,-1,-1,-1,-1
633,32,803,294,75,99,0,-1,-1,-1,-1
633,37,750,140,38,53,0,-1,-1,-1,-1
634,32,802,295,76,100,0,-1,-1,-1,-1
634,37,750,140,38,53,0,-1,-1,-1,-1
635,32,803,296,78,103,0,-1,-1,-1,-1
635,37,749,141,38,53,0,-1,-1,-1,-1
636,32,807,299,79,105,0,-1,-1,-1,-1
636,37,748,141,38,53,0,-1,-1,-1,-1
637,32,808,300,80,106,0,-1,-1,-1,-1
637,37,748,141,38,54,0,-1,-1,-1,-1
638,32,812,303,81,107,0,-1,-1,-1,-1
638,37,746,141,38,54,0,-1,-1,-1,-1
639,32,816,305,82,110,0,-1,-1,-1,-1
639,37,744,142,38,54,0,-1,-1,-1,-1
640,32,818,306,83,111,0,-1,-1,-1,-1
640,37,744,142,38,54,0,-1,-1,-1,-1
641,32,823,311,84,113,0,-1,-1,-1,-1
641,37,741,143,38,54,0,-1,-1,-1,-1
642,32,829,320,86,116,0,-1,-1,-1,-1
642,37,738,144,39,54,0,-1,-1,-1,-1
643,32,832,324,86,116,0,-1,-1,-1,-1
643,37,737,144,39,54,0,-1,-1,-1,-1
644,32,838,331,88,120,0,-1,-1,-1,-1
644,37,734,146,39,53,0,-1,-1,-1,-1
645,32,845,343,92,125,0,-1,-1,-1,-1
645,37,729,147,39,54,0,-1,-1,-1,-1
646,32,847,348,94,127,0,-1,-1,-1,-1
646,37,728,147,39,55,0,-1,-1,-1,-1
647,32,855,357,97,132,0,-1,-1,-1,-1
647,37,723,149,39,54,0,-1,-1,-1,-1
648,32,869,370,100,136,0,-1,-1,-1,-1
648,37,716,149,40,55,0,-1,-1,-1,-1
649,32,875,375,101,138,0,-1,-1,-1,-1
649,37,714,149,40,56,0,-1,-1,-1,-1
650,32,889,384,101,138,0,-1,-1,-1,-1
650,37,708,149,41,56,0,-1,-1,-1,-1
651,32,907,391,105,142,0,-1,-1,-1,-1
651,37,700,147,42,58,0,-1,-1,-1,-1
652,32,914,393,107,144,0,-1,-1,-1,-1
652,37,697,147,43,58,0,-1,-1,-1,-1
653,32,929,399,109,146,0,-1,-1,-1,-1
653,37,692,146,43,58,0,-1,-1,-1,-1
654,37,686,145,43,59,0,-1,-1,-1,-1
655,37,683,145,44,58,0,-1,-1,-1,-1
656,37,679,143,45,60,0,-1,-1,-1,-1
657,37,674,144,46,60,0,-1,-1,-1,-1
658,37,672,144,46,60,0,-1,-1,-1,-1
659,37,669,146,46,59,0,-1,-1,-1,-1
660,37,664,148,46,59,0,-1,-1,-1,-1
661,37,663,148,45,59,0,-1,-1,-1,-1
662,37,660,150,46,59,0,-1,-1,-1,-1
663,37,657,151,46,60,0,-1,-1,-1,-1
664,37,657,152,46,60,0,-1,-1,-1,-1
665,37,656,154,47,61,0,-1,-1,-1,-1
666,37,656,157,47,62,0,-1,-1,-1,-1
667,37,656,158,48,62,0,-1,-1,-1,-1
668,37,657,160,48,63,0,-1,-1,-1,-1
669,37,659,161,48,64,0,-1,-1,-1,-1
670,37,659,161,49,65,0,-1,-1,-1,-1
671,37,661,161,49,65,0,-1,-1,-1,-1
672,37,663,160,49,66,0,-1,-1,-1,-1
673,37,663,160,49,66,0,-1,-1,-1,-1
674,37,664,159,49,67,0,-1,-1,-1,-1
675,37,664,159,50,66,0,-1,-1,-1,-1
676,37,664,158,50,67,0,-1,-1,-1,-1
677,37,664,159,50,67,0,-1,-1,-1,-1
678,37,665,160,50,68,0,-1,-1,-1,-1
679,37,665,161,50,67,0,-1,-1,-1,-1
680,37,663,161,52,70,0,-1,-1,-1,-1
681,37,663,165,52,71,0,-1,-1,-1,-1
682,37,662,167,53,71,0,-1,-1,-1,-1
683,37,661,170,54,72,0,-1,-1,-1,-1
684,37,658,174,55,73,0,-1,-1,-1,-1
685,37,657,175,55,74,0,-1,-1,-1,-1
686,37,654,177,55,74,0,-1,-1,-1,-1
687,37,648,178,57,75,0,-1,-1,-1,-1
688,37,646,178,57,76,0,-1,-1,-1,-1
689,37,642,178,58,77,0,-1,-1,-1,-1
690,37,638,176,60,80,0,-1,-1,-1,-1
691,37,637,176,60,80,0,-1,-1,-1,-1
692,37,636,175,62,81,0,-1,-1,-1,-1
693,37,637,174,61,83,0,-1,-1,-1,-1
694,37,637,174,62,83,0,-1,-1,-1,-1
695,37,638,175,62,83,0,-1,-1,-1,-1
696,37,637,178,64,84,0,-1,-1,-1,-1
697,37,637,179,64,85,0,-1,-1,-1,-1
698,37,638,182,65,87,0,-1,-1,-1,-1
699,37,639,187,67,89,0,-1,-1,-1,-1
700,37,639,187,68,91,0,-1,-1,-1,-1
701,37,643,192,67,90,0,-1,-1,-1,-1
702,37,647,195,69,93,0,-1,-1,-1,-1
703,37,649,196,70,94,0,-1,-1,-1,-1
704,37,652,198,71,95,0,-1,-1,-1,-1
705,37,656,198,72,96,0,-1,-1,-1,-1
706,37,658,198,72,97,0,-1,-1,-1,-1
707,37,661,198,73,98,0,-1,-1,-1,-1
708,37,662,198,75,101,0,-1,-1,-1,-1
709,37,663,198,76,102,0,-1,-1,-1,-1
710,37,664,198,78,105,0,-1,-1,-1,-1
711,37,665,200,80,108,0,-1,-1,-1,-1
712,37,665,199,80,110,0,-1,-1,-1,-1
713,37,666,202,82,113,0,-1,-1,-1,-1
714,37,668,209,84,114,0,-1,-1,-1,-1
715,37,668,211,85,115,0,-1,-1,-1,-1
716,37,669,217,86,118,0,-1,-1,-1,-1
717,37,668,224,88,121,0,-1,-1,-1,-1
718,37,668,227,89,122,0,-1,-1,-1,-1
719,37,667,232,90,124,0,-1,-1,-1,-1
720,37,664,237,92,126,0,-1,-1,-1,-1
721,37,664,239,91,126,0,-1,-1,-1,-1
722,37,661,242,94,129,0,-1,-1,-1,-1
723,37,660,244,96,133,0,-1,-1,-1,-1
724,37,660,246,97,133,0,-1,-1,-1,-1
725,37,663,248,100,138,0,-1,-1,-1,-1
726,37,671,251,101,138,0,-1,-1,-1,-1
727,37,674,252,101,138,0,-1,-1,-1,-1
728,37,680,255,104,143,0,-1,-1,-1,-1
729,37,692,262,109,148,0,-1,-1,-1,-1
730,37,695,264,111,150,0,-1,-1,-1,-1
738,44,560,170,39,51,0,-1,-1,-1,-1
739,44,560,170,39,51,0,-1,-1,-1,-1
740,44,561,169,40,54,0,-1,-1,-1,-1
741,44,563,170,41,54,0,-1,-1,-1,-1
742,44,564,171,41,54,0,-1,-1,-1,-1
743,44,565,172,41,54,0,-1,-1,-1,-1
744,44,566,173,42,54,0,-1,-1,-1,-1
745,44,567,174,41,53,0,-1,-1,-1,-1
746,44,569,174,42,54,0,-1,-1,-1,-1
747,44,570,173,44,57,0,-1,-1,-1,-1
748,44,570,172,45,58,0,-1,-1,-1,-1
749,44,572,173,46,58,0,-1,-1,-1,-1
750,44,575,175,45,58,0,-1,-1,-1,-1
751,44,575,176,46,57,0,-1,-1,-1,-1
752,44,577,176,46,57,0,-1,-1,-1,-1
753,44,580,177,45,57,0,-1,-1,-1,-1
754,44,581,177,45,57,0,-1,-1,-1,-1
755,44,583,178,45,56,0,-1,-1,-1,-1
756,44,584,177,46,58,0,-1,-1,-1,-1
757,44,585,177,46,58,0,-1,-1,-1,-1
758,44,586,177,46,58,0,-1,-1,-1,-1
759,44,586,177,47,58,0,-1,-1,-1,-1
760,44,585,175,47,60,0,-1,-1,-1,-1
761,44,586,177,47,59,0,-1,-1,-1,-1
762,44,586,177,47,59,0,-1,-1,-1,-1
763,44,586,177,47,59,0,-1,-1,-1,-1
764,44,585,177,48,59,0,-1,-1,-1,-1
765,44,583,177,48,60,0,-1,-1,-1,-1
766,44,583,177,47,60,0,-1,-1,-1,-1
767,44,583,180,47,59,0,-1,-1,-1,-1
768,44,578,179,49,61,0,-1,-1,-1,-1
769,44,577,179,49,62,0,-1,-1,-1,-1
770,44,574,180,50,63,0,-1,-1,-1,-1
771,44,570,181,51,64,0,-1,-1,-1,-1
772,44,569,182,50,63,0,-1,-1,-1,-1
773,44,565,184,51,63,0,-1,-1,-1,-1
774,44,562,184,50,64,0,-1,-1,-1,-1
775,44,560,184,51,65,0,-1,-1,-1,-1
776,44,559,186,50,63,0,-1,-1,-1,-1
777,44,557,187,50,63,0,-1,-1,-1,-1
778,44,557,188,50,62,0,-1,-1,-1,-1
779,44,556,189,50,62,0,-1,-1,-1,-1
780,44,555,190,50,62,0,-1,-1,-1,-1
781,44,555,190,50,62,0,-1,-1,-1,-1
782,44,555,190,51,63,0,-1,-1,-1,-1
783,44,555,191,52,64,0,-1,-1,-1,-1
784,44,555,191,52,64,0,-1,-1,-1,-1
785,44,556,193,52,64,0,-1,-1,-1,-1
786,44,558,194,53,66,0,-1,-1,-1,-1
787,44,558,195,54,67,0,-1,-1,-1,-1
788,44,560,197,55,68,0,-1,-1,-1,-1
789,44,563,200,55,68,0,-1,-1,-1,-1
790,44,565,201,55,68,0,-1,-1,-1,-1
791,44,569,203,54,68,0,-1,-1,-1,-1
792,44,574,204,55,68,0,-1,-1,-1,-1
793,44,576,204,55,68,0,-1,-1,-1,-1
794,44,581,204,55,68,0,-1,-1,-1,-1
795,44,587,204,56,68,0,-1,-1,-1,-1
796,44,589,203,56,69,0,-1,-1,-1,-1
797,44,595,203,56,68,0,-1,-1,-1,-1
798,44,601,203,56,69,0,-1,-1,-1,-1
799,44,603,203,57,69,0,-1,-1,-1,-1
800,44,606,202,57,70,0,-1,-1,-1,-1
801,44,610,202,59,70,0,-1,-1,-1,-1
802,44,612,202,58,71,0,-1,-1,-1,-1
803,44,615,203,59,70,0,-1,-1,-1,-1
804,44,619,204,60,71,0,-1,-1,-1,-1
805,44,620,204,60,72,0,-1,-1,-1,-1
806,44,622,205,62,74,0,-1,-1,-1,-1
807,44,625,207,62,75,0,-1,-1,-1,-1
808,44,626,207,63,76,0,-1,-1,-1,-1
809,44,627,209,64,76,0,-1,-1,-1,-1
810,44,628,210,66,79,0,-1,-1,-1,-1
811,44,628,210,66,80,0,-1,-1,-1,-1
812,44,628,210,67,82,0,-1,-1,-1,-1
813,44,628,211,68,82,0,-1,-1,-1,-1
814,44,629,212,67,82,0,-1,-1,-1,-1
815,44,629,212,68,83,0,-1,-1,-1,-1
816,44,631,213,67,82,0,-1,-1,-1,-1
817,44,631,213,67,83,0,-1,-1,-1,-1
818,44,633,214,67,82,0,-1,-1,-1,-1
819,44,635,215,67,82,0,-1,-1,-1,-1
820,44,635,215,67,82,0,-1,-1,-1,-1
821,44,636,215,68,83,0,-1,-1,-1,-1
822,44,637,216,69,83,0,-1,-1,-1,-1
823,44,637,216,69,84,0,-1,-1,-1,-1
824,44,638,217,69,84,0,-1,-1,-1,-1
825,44,639,218,69,85,0,-1,-1,-1,-1
826,44,639,219,69,84,0,-1,-1,-1,-1
827,44,640,219,69,85,0,-1,-1,-1,-1
828,44,640,220,70,84,0,-1,-1,-1,-1
829,44,640,220,70,84,0,-1,-1,-1,-1
830,44,640,220,70,85,0,-1,-1,-1,-1
831,44,640,220,70,85,0,-1,-1,-1,-1
832,44,640,220,70,85,0,-1,-1,-1,-1
833,44,640,220,71,85,0,-1,-1,-1,-1
834,44,639,219,72,86,0,-1,-1,-1,-1
835,44,639,219,71,86,0,-1,-1,-1,-1
836,44,638,218,72,87,0,-1,-1,-1,-1
837,44,637,218,73,88,0,-1,-1,-1,-1
838,44,637,218,73,88,0,-1,-1,-1,-1
839,44,636,219,73,88,0,-1,-1,-1,-1
840,44,636,221,72,88,0,-1,-1,-1,-1
841,44,636,223,71,87,0,-1,-1,-1,-1
842,44,635,225,71,86,0,-1,-1,-1,-1
843,44,634,227,71,85,0,-1,-1,-1,-1
844,44,634,228,70,85,0,-1,-1,-1,-1
845,44,634,228,70,85,0,-1,-1,-1,-1
846,44,633,228,71,86,0,-1,-1,-1,-1
847,44,633,227,71,87,0,-1,-1,-1,-1
848,44,632,228,72,86,0,-1,-1,-1,-1
849,44,632,229,72,87,0,-1,-1,-1,-1
850,44,632,229,72,88,0,-1,-1,-1,-1
851,44,632,231,73,89,0,-1,-1,-1,-1
852,44,632,235,74,90,0,-1,-1,-1,-1
853,44,632,237,75,90,0,-1,-1,-1,-1
854,44,634,241,76,91,0,-1,-1,-1,-1
855,44,638,247,76,92,0,-1,-1,-1,-1
856,44,639,249,77,93,0,-1,-1,-1,-1
857,44,643,254,78,95,0,-1,-1,-1,-1
858,44,651,260,78,95,0,-1,-1,-1,-1
859,44,654,262,79,95,0,-1,-1,-1,-1
860,44,662,265,80,97,0,-1,-1,-1,-1
861,44,673,268,82,98,0,-1,-1,-1,-1
862,44,678,269,82,98,0,-1,-1,-1,-1
863,44,686,269,84,100,0,-1,-1,-1,-1
864,44,696,270,86,102,0,-1,-1,-1,-1
865,44,700,270,87,103,0,-1,-1,-1,-1
866,44,707,271,88,105,0,-1,-1,-1,-1
867,44,715,273,90,106,0,-1,-1,-1,-1
868,44,719,274,90,106,0,-1,-1,-1,-1
869,44,727,276,93,109,0,-1,-1,-1,-1
870,44,736,279,95,112,0,-1,-1,-1,-1
871,44,739,280,97,114,0,-1,-1,-1,-1
872,44,749,286,100,117,0,-1,-1,-1,-1
873,44,760,295,102,120,0,-1,-1,-1,-1
874,44,765,299,103,121,0,-1,-1,-1,-1
875,44,772,307,105,124,0,-1,-1,-1,-1
876,44,780,319,107,127,0,-1,-1,-1,-1
877,44,783,324,108,128,0,-1,-1,-1,-1
878,44,786,332,111,132,0,-1,-1,-1,-1
879,44,792,342,113,135,0,-1,-1,-1,-1
880,44,795,345,113,137,0,-1,-1,-1,-1
881,44,800,350,117,140,0,-1,-1,-1,-1
882,44,811,358,120,145,0,-1,-1,-1,-1
883,44,815,361,121,147,0,-1,-1,-1,-1
884,44,823,365,127,154,0,-1,-1,-1,-1
885,44,842,372,127,154,0,-1,-1,-1,-1
886,44,849,374,127,155,0,-1,-1,-1,-1
887,44,865,379,130,160,0,-1,-1,-1,-1
888,44,886,389,135,167,0,-1,-1,-1,-1
889,44,892,391,138,170,0,-1,-1,-1,-1
1447,55,745,170,35,43,0,-1,-1,-1,-1
1448,55,745,169,34,44,0,-1,-1,-1,-1
1449,55,744,169,35,44,0,-1,-1,-1,-1
1450,55,743,169,36,44,0,-1,-1,-1,-1
1451,55,743,169,36,44,0,-1,-1,-1,-1
1452,55,743,168,36,45,0,-1,-1,-1,-1
1453,55,742,168,36,45,0,-1,-1,-1,-1
1469,55,737,177,42,52,0,-1,-1,-1,-1
1470,55,732,181,43,54,0,-1,-1,-1,-1
1471,55,729,183,44,54,0,-1,-1,-1,-1
1472,55,725,184,43,54,0,-1,-1,-1,-1
1473,55,721,188,41,50,0,-1,-1,-1,-1
1474,55,721,190,39,49,0,-1,-1,-1,-1
1475,55,715,189,40,50,0,-1,-1,-1,-1
1476,55,711,190,40,50,0,-1,-1,-1,-1
1477,55,709,190,40,50,0,-1,-1,-1,-1
1478,55,705,190,40,51,0,-1,-1,-1,-1
1479,55,701,192,40,50,0,-1,-1,-1,-1
1480,55,700,194,40,49,0,-1,-1,-1,-1
1481,55,696,193,40,50,0,-1,-1,-1,-1
1482,55,690,194,42,51,0,-1,-1,-1,-1
1483,55,688,194,42,52,0,-1,-1,-1,-1
1484,55,685,193,43,53,0,-1,-1,-1,-1
1485,55,680,192,43,54,0,-1,-1,-1,-1
1486,55,679,192,43,54,0,-1,-1,-1,-1
1487,55,675,192,44,55,0,-1,-1,-1,-1
1488,55,672,193,44,55,0,-1,-1,-1,-1
1489,55,670,193,45,55,0,-1,-1,-1,-1
1490,55,668,195,44,55,0,-1,-1,-1,-1
1491,55,664,195,45,56,0,-1,-1,-1,-1
1492,55,663,196,45,55,0,-1,-1,-1,-1
1493,55,659,195,46,57,0,-1,-1,-1,-1
1494,55,655,197,46,57,0,-1,-1,-1,-1
1495,55,654,197,46,57,0,-1,-1,-1,-1
1496,55,652,199,45,56,0,-1,-1,-1,-1
1497,55,648,202,44,56,0,-1,-1,-1,-1
1498,55,646,203,45,55,0,-1,-1,-1,-1
1499,55,642,204,46,57,0,-1,-1,-1,-1
1500,55,637,206,47,58,0,-1,-1,-1,-1
1501,55,635,206,47,59,0,-1,-1,-1,-1
1502,55,632,209,46,59,0,-1,-1,-1,-1
1503,55,626,208,47,60,0,-1,-1,-1,-1
1504,55,624,209,48,60,0,-1,-1,-1,-1
1505,55,622,212,47,59,0,-1,-1,-1,-1
1506,55,619,213,47,59,0,-1,-1,-1,-1
1507,55,618,214,47,59,0,-1,-1,-1,-1
1508,55,615,215,48,59,0,-1,-1,-1,-1
1509,55,612,214,49,61,0,-1,-1,-1,-1
1510,55,611,215,49,61,0,-1,-1,-1,-1
1511,55,609,215,52,64,0,-1,-1,-1,-1
1512,55,611,219,51,63,0,-1,-1,-1,-1
1513,55,612,220,50,63,0,-1,-1,-1,-1
1514,55,614,224,50,63,0,-1,-1,-1,-1
1515,55,616,227,52,65,0,-1,-1,-1,-1
1516,55,618,229,51,65,0,-1,-1,-1,-1
1517,55,621,233,51,64,0,-1,-1,-1,-1
1518,55,625,234,50,64,0,-1,-1,-1,-1
1519,55,627,235,50,63,0,-1,-1,-1,-1
1520,55,629,233,52,66,0,-1,-1,-1,-1
1521,55,632,233,53,68,0,-1,-1,-1,-1
1522,55,633,233,54,69,0,-1,-1,-1,-1
1523,55,636,236,54,68,0,-1,-1,-1,-1
1524,55,639,238,55,69,0,-1,-1,-1,-1
1525,55,640,237,55,70,0,-1,-1,-1,-1
1526,55,641,237,57,73,0,-1,-1,-1,-1
1527,55,646,242,58,74,0,-1,-1,-1,-1
1528,55,648,244,57,74,0,-1,-1,-1,-1
1529,55,651,250,58,74,0,-1,-1,-1,-1
1530,55,657,259,57,73,0,-1,-1,-1,-1
1531,55,659,262,56,73,0,-1,-1,-1,-1
1532,55,662,267,58,74,0,-1,-1,-1,-1
1533,55,666,270,59,76,0,-1,-1,-1,-1
1534,55,668,272,59,76,0,-1,-1,-1,-1
1535,55,671,273,61,79,0,-1,-1,-1,-1
1536,55,674,275,62,80,0,-1,-1,-1,-1
1537,55,676,276,62,80,0,-1,-1,-1,-1
1538,55,681,277,63,81,0,-1,-1,-1,-1
1539,55,687,277,65,84,0,-1,-1,-1,-1
1540,55,689,277,66,85,0,-1,-1,-1,-1
1541,55,694,278,68,88,0,-1,-1,-1,-1
1542,55,702,285,68,89,0,-1,-1,-1,-1
1543,55,704,286,69,90,0,-1,-1,-1,-1
1544,55,711,295,69,90,0,-1,-1,-1,-1
1545,55,722,309,68,89,0,-1,-1,-1,-1
1546,55,726,313,67,89,0,-1,-1,-1,-1
1547,55,734,320,68,90,0,-1,-1,-1,-1
1548,55,738,313,79,104,0,-1,-1,-1,-1
1549,55,740,311,83,109,0,-1,-1,-1,-1
1551,55,754,301,96,128,0,-1,-1,-1,-1
1552,55,756,298,99,132,0,-1,-1,-1,-1
1553,55,774,312,93,124,0,-1,-1,-1,-1
1639,66,742,207,40,47,0,-1,-1,-1,-1
1640,66,736,205,40,47,0,-1,-1,-1,-1
1641,66,728,202,42,49,0,-1,-1,-1,-1
1642,66,725,200,42,50,0,-1,-1,-1,-1
1643,66,719,197,44,53,0,-1,-1,-1,-1
1644,66,713,198,45,52,0,-1,-1,-1,-1
1645,66,712,198,44,52,0,-1,-1,-1,-1
1646,66,709,199,44,53,0,-1,-1,-1,-1
1647,66,706,202,44,53,0,-1,-1,-1,-1
1648,66,705,202,44,54,0,-1,-1,-1,-1
1649,66,703,205,44,53,0,-1,-1,-1,-1
1650,66,702,207,44,53,0,-1,-1,-1,-1
1651,66,701,208,44,53,0,-1,-1,-1,-1
1652,66,700,208,45,55,0,-1,-1,-1,-1
1653,66,699,209,44,55,0,-1,-1,-1,-1
1654,66,698,209,45,55,0,-1,-1,-1,-1
1655,66,696,209,46,56,0,-1,-1,-1,-1
1656,66,693,209,46,57,0,-1,-1,-1,-1
1657,66,693,209,46,57,0,-1,-1,-1,-1
1658,66,690,210,47,59,0,-1,-1,-1,-1
1659,66,687,212,47,59,0,-1,-1,-1,-1
1660,66,685,212,48,59,0,-1,-1,-1,-1
1661,66,681,214,47,60,0,-1,-1,-1,-1
1662,66,676,219,48,60,0,-1,-1,-1,-1
1663,66,674,220,48,61,0,-1,-1,-1,-1
1664,66,669,225,49,62,0,-1,-1,-1,-1
1665,66,664,229,50,63,0,-1,-1,-1,-1
1666,66,663,231,49,62,0,-1,-1,-1,-1
1667,66,659,232,50,63,0,-1,-1,-1,-1
1668,66,655,232,51,65,0,-1,-1,-1,-1
1669,66,653,232,51,66,0,-1,-1,-1,-1
1670,66,650,232,52,66,0,-1,-1,-1,-1
1671,66,647,232,53,67,0,-1,-1,-1,-1
1672,66,646,232,54,67,0,-1,-1,-1,-1
1673,66,645,234,54,68,0,-1,-1,-1,-1
1674,66,643,237,56,70,0,-1,-1,-1,-1
1675,66,643,239,56,70,0,-1,-1,-1,-1
1676,66,642,243,58,73,0,-1,-1,-1,-1
1677,66,645,250,58,74,0,-1,-1,-1,-1
1678,66,646,253,58,74,0,-1,-1,-1,-1
1679,66,648,258,59,76,0,-1,-1,-1,-1
1680,66,653,263,60,76,0,-1,-1,-1,-1
1681,66,654,265,61,76,0,-1,-1,-1,-1
1682,66,659,267,61,77,0,-1,-1,-1,-1
1683,66,663,267,63,80,0,-1,-1,-1,-1
1684,66,665,267,63,81,0,-1,-1,-1,-1
1685,66,668,267,65,83,0,-1,-1,-1,-1
1686,66,673,269,67,85,0,-1,-1,-1,-1
1687,66,674,269,68,87,0,-1,-1,-1,-1
1688,66,677,273,70,89,0,-1,-1,-1,-1
1689,66,681,279,71,92,0,-1,-1,-1,-1
1690,66,682,282,72,92,0,-1,-1,-1,-1
1691,66,685,290,73,94,0,-1,-1,-1,-1
1692,66,688,301,74,96,0,-1,-1,-1,-1
1693,66,689,305,74,96,0,-1,-1,-1,-1
1694,66,690,312,77,99,0,-1,-1,-1,-1
1695,66,692,316,78,102,0,-1,-1,-1,-1
1696,66,693,318,78,103,0,-1,-1,-1,-1
1697,66,697,322,80,104,0,-1,-1,-1,-1
1698,66,704,325,82,106,0,-1,-1,-1,-1
1699,66,707,327,82,106,0,-1,-1,-1,-1
1700,66,714,329,83,108,0,-1,-1,-1,-1
1701,66,723,332,86,112,0,-1,-1,-1,-1
1702,66,726,334,88,113,0,-1,-1,-1,-1
1703,66,733,338,93,120,0,-1,-1,-1,-1
1735,69,751,198,35,48,0,-1,-1,-1,-1
1736,69,749,197,36,50,0,-1,-1,-1,-1
1737,69,746,197,37,50,0,-1,-1,-1,-1
1738,69,746,197,36,50,0,-1,-1,-1,-1
1739,69,743,197,37,51,0,-1,-1,-1,-1
1740,69,740,197,37,51,0,-1,-1,-1,-1
1741,69,739,196,37,52,0,-1,-1,-1,-1
1742,69,736,195,38,53,0,-1,-1,-1,-1
1743,69,730,194,39,54,0,-1,-1,-1,-1
1744,69,728,194,39,54,0,-1,-1,-1,-1
1745,69,724,193,38,54,0,-1,-1,-1,-1
1746,69,718,191,38,55,0,-1,-1,-1,-1
1747,69,715,191,39,55,0,-1,-1,-1,-1
1748,69,711,190,40,55,0,-1,-1,-1,-1
1749,69,707,189,40,56,0,-1,-1,-1,-1
1750,69,705,189,40,56,0,-1,-1,-1,-1
1751,69,702,189,40,57,0,-1,-1,-1,-1
1752,69,699,191,40,57,0,-1,-1,-1,-1
1753,69,698,191,40,58,0,-1,-1,-1,-1
1754,69,694,191,42,60,0,-1,-1,-1,-1
1755,69,692,194,42,60,0,-1,-1,-1,-1
1756,69,691,194,42,62,0,-1,-1,-1,-1
1757,69,689,197,43,62,0,-1,-1,-1,-1
1758,69,688,200,42,63,0,-1,-1,-1,-1
1759,69,687,202,43,62,0,-1,-1,-1,-1
1760,69,686,204,43,63,0,-1,-1,-1,-1
1761,69,686,206,43,63,0,-1,-1,-1,-1
1762,69,686,207,43,63,0,-1,-1,-1,-1
1763,69,686,207,44,64,0,-1,-1,-1,-1
1764,69,686,206,44,65,0,-1,-1,-1,-1
1765,69,686,205,44,66,0,-1,-1,-1,-1
1766,69,685,205,45,66,0,-1,-1,-1,-1
1767,69,684,205,46,67,0,-1,-1,-1,-1
1768,69,684,205,46,67,0,-1,-1,-1,-1
1769,69,681,205,47,69,0,-1,-1,-1,-1
1770,69,677,206,47,70,0,-1,-1,-1,-1
1771,69,676,207,47,71,0,-1,-1,-1,-1
1772,69,674,210,47,72,0,-1,-1,-1,-1
1773,69,672,215,47,72,0,-1,-1,-1,-1
1774,69,671,217,48,72,0,-1,-1,-1,-1
1775,69,668,221,49,73,0,-1,-1,-1,-1
1776,69,665,226,49,74,0,-1,-1,-1,-1
1777,69,664,228,49,74,0,-1,-1,-1,-1
1778,69,661,232,50,76,0,-1,-1,-1,-1
1779,69,657,234,52,78,0,-1,-1,-1,-1
1780,69,655,235,53,79,0,-1,-1,-1,-1
1781,69,653,236,53,79,0,-1,-1,-1,-1
1782,69,651,234,53,82,0,-1,-1,-1,-1
1783,69,650,234,53,82,0,-1,-1,-1,-1
1784,69,650,234,54,82,0,-1,-1,-1,-1
1785,69,651,233,55,85,0,-1,-1,-1,-1
1786,69,651,233,56,86,0,-1,-1,-1,-1
1787,69,653,235,56,87,0,-1,-1,-1,-1
1788,69,658,240,56,87,0,-1,-1,-1,-1
1789,69,659,242,57,87,0,-1,-1,-1,-1
1790,69,663,247,58,89,0,-1,-1,-1,-1
1791,69,668,255,58,90,0,-1,-1,-1,-1
1792,69,671,260,58,89,0,-1,-1,-1,-1
1793,69,676,265,58,90,0,-1,-1,-1,-1
1794,69,685,272,59,92,0,-1,-1,-1,-1
1795,69,688,274,60,93,0,-1,-1,-1,-1
1796,69,696,281,60,93,0,-1,-1,-1,-1
1797,69,706,287,63,95,0,-1,-1,-1,-1
1798,69,710,289,63,96,0,-1,-1,-1,-1
1799,69,718,291,65,98,0,-1,-1,-1,-1
1800,69,727,292,65,99,0,-1,-1,-1,-1
1801,69,730,293,66,98,0,-1,-1,-1,-1
1802,69,734,290,67,101,0,-1,-1,-1,-1
1803,69,740,290,69,104,0,-1,-1,-1,-1
1804,69,742,290,70,105,0,-1,-1,-1,-1
1805,69,746,291,72,108,0,-1,-1,-1,-1
1806,69,751,294,75,111,0,-1,-1,-1,-1
1807,69,753,295,76,113,0,-1,-1,-1,-1
1808,69,757,299,79,118,0,-1,-1,-1,-1
1809,69,764,307,81,122,0,-1,-1,-1,-1
1810,69,766,311,82,123,0,-1,-1,-1,-1
1811,69,771,320,83,126,0,-1,-1,-1,-1
1812,69,776,333,84,127,0,-1,-1,-1,-1
1813,69,778,338,84,128,0,-1,-1,-1,-1
1814,69,781,344,87,132,0,-1,-1,-1,-1
1815,69,790,352,88,134,0,-1,-1,-1,-1
1816,69,793,355,89,135,0,-1,-1,-1,-1
1817,69,801,361,91,137,0,-1,-1,-1,-1
1818,69,813,366,93,140,0,-1,-1,-1,-1
1819,69,818,368,94,141,0,-1,-1,-1,-1
1820,69,831,371,97,144,0,-1,-1,-1,-1
1821,69,849,375,101,151,0,-1,-1,-1,-1
1822,69,856,378,103,153,0,-1,-1,-1,-1
1823,69,875,388,106,156,0,-1,-1,-1,-1
1824,70,749,189,44,49,0,-1,-1,-1,-1
1825,70,748,189,44,49,0,-1,-1,-1,-1
1826,70,742,188,44,49,0,-1,-1,-1,-1
1827,70,734,186,45,50,0,-1,-1,-1,-1
1828,70,732,185,45,51,0,-1,-1,-1,-1
1829,70,726,184,45,51,0,-1,-1,-1,-1
1830,70,720,184,46,51,0,-1,-1,-1,-1
1831,70,718,183,46,52,0,-1,-1,-1,-1
1832,70,714,183,46,53,0,-1,-1,-1,-1
1833,70,710,185,46,52,0,-1,-1,-1,-1
1834,70,709,186,46,52,0,-1,-1,-1,-1
1835,70,706,189,45,51,0,-1,-1,-1,-1
1836,70,703,192,45,52,0,-1,-1,-1,-1
1837,70,702,193,45,52,0,-1,-1,-1,-1
1838,70,700,196,45,52,0,-1,-1,-1,-1
1839,70,698,199,46,53,0,-1,-1,-1,-1
1840,70,697,201,46,52,0,-1,-1,-1,-1
1841,70,697,203,45,53,0,-1,-1,-1,-1
1842,70,696,204,46,53,0,-1,-1,-1,-1
1843,70,696,205,47,53,0,-1,-1,-1,-1
1844,70,696,205,47,54,0,-1,-1,-1,-1
1845,70,695,205,47,54,0,-1,-1,-1,-1
1846,70,694,204,48,55,0,-1,-1,-1,-1
1847,70,693,205,48,55,0,-1,-1,-1,-1
1848,70,691,205,49,56,0,-1,-1,-1,-1
1849,70,691,206,48,55,0,-1,-1,-1,-1
1850,70,688,206,49,56,0,-1,-1,-1,-1
1851,70,685,207,50,57,0,-1,-1,-1,-1
1852,70,684,208,50,57,0,-1,-1,-1,-1
1853,70,681,210,51,57,0,-1,-1,-1,-1
1854,70,677,213,52,58,0,-1,-1,-1,-1
1855,70,676,214,52,59,0,-1,-1,-1,-1
1856,70,671,215,54,61,0,-1,-1,-1,-1
1857,70,667,219,54,62,0,-1,-1,-1,-1
1858,70,665,220,55,63,0,-1,-1,-1,-1
1859,70,661,224,55,63,0,-1,-1,-1,-1
1860,70,654,226,57,64,0,-1,-1,-1,-1
1861,70,652,227,57,65,0,-1,-1,-1,-1
1862,70,647,228,57,65,0,-1,-1,-1,-1
1863,70,642,229,58,66,0,-1,-1,-1,-1
1864,70,641,229,57,66,0,-1,-1,-1,-1
1865,70,638,228,59,67,0,-1,-1,-1,-1
1866,70,636,227,60,69,0,-1,-1,-1,-1
1867,70,634,225,61,70,0,-1,-1,-1,-1
1868,70,633,225,62,71,0,-1,-1,-1,-1
1869,70,633,228,63,72,0,-1,-1,-1,-1
1870,70,633,229,63,72,0,-1,-1,-1,-1
1871,70,633,232,64,74,0,-1,-1,-1,-1
1872,70,635,239,65,75,0,-1,-1,-1,-1
1873,70,636,242,65,75,0,-1,-1,-1,-1
1874,70,638,248,67,77,0,-1,-1,-1,-1
1875,70,644,257,66,77,0,-1,-1,-1,-1
1876,70,646,261,66,77,0,-1,-1,-1,-1
1877,70,651,266,67,77,0,-1,-1,-1,-1
1878,70,658,270,69,79,0,-1,-1,-1,-1
1879,70,661,272,69,79,0,-1,-1,-1,-1
1880,70,666,272,69,80,0,-1,-1,-1,-1
1881,70,672,273,70,81,0,-1,-1,-1,-1
1882,70,674,273,71,82,0,-1,-1,-1,-1
1883,70,678,273,73,83,0,-1,-1,-1,-1
1884,70,682,273,76,87,0,-1,-1,-1,-1
1885,70,684,273,77,88,0,-1,-1,-1,-1
1886,70,687,275,79,90,0,-1,-1,-1,-1
1887,70,693,282,80,92,0,-1,-1,-1,-1
1888,70,695,285,81,92,0,-1,-1,-1,-1
1889,70,699,292,84,96,0,-1,-1,-1,-1
1890,70,704,303,87,99,0,-1,-1,-1,-1
1891,70,705,306,88,101,0,-1,-1,-1,-1
1892,70,710,317,89,102,0,-1,-1,-1,-1
1893,70,717,328,90,104,0,-1,-1,-1,-1
1894,70,720,333,91,104,0,-1,-1,-1,-1
1895,70,726,340,92,105,0,-1,-1,-1,-1
1896,70,734,345,94,108,0,-1,-1,-1,-1
1897,70,737,347,95,109,0,-1,-1,-1,-1
1898,70,745,348,97,111,0,-1,-1,-1,-1
1899,70,757,349,101,114,0,-1,-1,-1,-1
1900,70,761,349,103,115,0,-1,-1,-1,-1
1901,70,772,348,107,120,0,-1,-1,-1,-1
1902,70,788,354,110,125,0,-1,-1,-1,-1
1903,70,794,357,112,125,0,-1,-1,-1,-1
1904,70,807,365,117,132,0,-1,-1,-1,-1
