433,1,400,390,58,44,0.2657153904438019,-1,-1,-1,-1
434,1,400,390,58,44,0.2685665786266327,-1,-1,-1,-1
469,1,400,390,58,44,0.2514636516571045,-1,-1,-1,-1
1816,2,692,143,30,52,0.7116285562515259,-1,-1,-1,-1
1817,2,691,141,31,53,0.711555004119873,-1,-1,-1,-1
1818,2,688,140,30,52,0.7195580005645752,-1,-1,-1,-1
1819,2,682,136,34,52,0.7649816274642944,-1,-1,-1,-1
1820,2,679,131,37,55,0.7812382578849792,-1,-1,-1,-1
1821,2,679,126,40,56,0.7878891229629517,-1,-1,-1,-1
1822,2,678,125,42,56,0.7880486249923706,-1,-1,-1,-1
1823,2,679,122,44,58,0.7979723811149597,-1,-1,-1,-1
1824,2,681,118,46,60,0.7992958426475525,-1,-1,-1,-1
1825,2,683,116,47,60,0.803952693939209,-1,-1,-1,-1
1826,2,690,112,47,62,0.8169207572937012,-1,-1,-1,-1
1827,2,692,111,48,62,0.8160688281059265,-1,-1,-1,-1
1828,2,696,109,48,63,0.8096839785575867,-1,-1,-1,-1
1829,2,704,107,46,63,0.8116894364356995,-1,-1,-1,-1
1830,2,709,105,47,61,0.8187300562858582,-1,-1,-1,-1
1831,2,717,96,46,64,0.811467707157135,-1,-1,-1,-1
1832,2,720,92,46,65,0.8106349110603333,-1,-1,-1,-1
1833,2,724,88,44,66,0.8211612701416016,-1,-1,-1,-1
1834,2,728,85,44,64,0.8240708708763123,-1,-1,-1,-1
1835,2,730,82,44,64,0.8254424333572388,-1,-1,-1,-1
1836,2,733,81,43,62,0.8238426446914673,-1,-1,-1,-1
1837,2,733,81,44,61,0.8231658339500427,-1,-1,-1,-1
1838,2,734,81,43,60,0.8166261315345764,-1,-1,-1,-1
1839,2,735,81,43,58,0.809022068977356,-1,-1,-1,-1
1840,2,736,81,42,56,0.8133068084716797,-1,-1,-1,-1
1841,2,737,80,42,56,0.8189905881881714,-1,-1,-1,-1
1842,2,737,80,42,55,0.818423867225647,-1,-1,-1,-1
1843,2,737,80,42,55,0.8304764628410339,-1,-1,-1,-1
1844,2,738,78,43,57,0.8023802638053894,-1,-1,-1,-1
1845,2,739,78,43,57,0.812688410282135,-1,-1,-1,-1
1846,2,742,79,42,56,0.8062452077865601,-1,-1,-1,-1
1847,2,743,79,42,57,0.8070945143699646,-1,-1,-1,-1
1848,2,745,82,41,54,0.8155491352081299,-1,-1,-1,-1
1849,2,747,81,42,56,0.8315641283988953,-1,-1,-1,-1
1850,2,749,81,42,57,0.8032240271568298,-1,-1,-1,-1
1851,2,750,81,43,57,0.7798741459846497,-1,-1,-1,-1
1852,2,750,81,44,57,0.7745605707168579,-1,-1,-1,-1
1853,2,751,80,44,58,0.7941563129425049,-1,-1,-1,-1
1854,2,751,82,44,56,0.808479368686676,-1,-1,-1,-1
1855,2,752,84,42,53,0.8150590658187866,-1,-1,-1,-1
1856,2,752,86,42,51,0.8126307129859924,-1,-1,-1,-1
1857,2,752,87,41,50,0.8127596974372864,-1,-1,-1,-1
1858,2,751,88,42,50,0.8152491450309753,-1,-1,-1,-1
1859,2,751,87,41,51,0.8196448683738708,-1,-1,-1,-1
1860,2,750,86,41,52,0.8202850222587585,-1,-1,-1,-1
1861,2,748,83,43,54,0.815372109413147,-1,-1,-1,-1
1862,2,748,82,42,55,0.8146612048149109,-1,-1,-1,-1
1863,2,747,82,42,54,0.8144987225532532,-1,-1,-1,-1
1864,2,746,82,41,53,0.8158958554267883,-1,-1,-1,-1
1865,2,744,82,41,51,0.8197329044342041,-1,-1,-1,-1
1866,2,742,81,41,50,0.8088403940200806,-1,-1,-1,-1
1867,2,741,80,41,50,0.8091416954994202,-1,-1,-1,-1
1868,2,740,80,41,50,0.7989681363105774,-1,-1,-1,-1
1869,2,739,77,41,52,0.8111740350723267,-1,-1,-1,-1
1870,2,738,76,42,53,0.8245898485183716,-1,-1,-1,-1
1871,2,737,74,42,55,0.8222455978393555,-1,-1,-1,-1
1872,2,737,74,41,56,0.8220846056938171,-1,-1,-1,-1
1873,2,737,74,41,56,0.8226058483123779,-1,-1,-1,-1
1874,2,736,76,42,54,0.823563814163208,-1,-1,-1,-1
1875,2,736,78,42,53,0.8223138451576233,-1,-1,-1,-1
1876,2,736,79,41,52,0.823041558265686,-1,-1,-1,-1
1877,2,736,80,41,51,0.8232302665710449,-1,-1,-1,-1
1878,2,736,80,41,51,0.8259916305541992,-1,-1,-1,-1
1879,2,736,80,41,51,0.8237284421920776,-1,-1,-1,-1
1880,2,736,80,42,51,0.8180798292160034,-1,-1,-1,-1
1881,2,737,80,42,51,0.8063311576843262,-1,-1,-1,-1
1882,2,737,80,42,51,0.8058762550354004,-1,-1,-1,-1
1883,2,737,80,42,52,0.8087536692619324,-1,-1,-1,-1
1884,2,738,79,41,53,0.7939676642417908,-1,-1,-1,-1
1885,2,738,79,42,54,0.8083111047744751,-1,-1,-1,-1
1886,2,738,78,43,54,0.8080903887748718,-1,-1,-1,-1
1887,2,739,78,42,54,0.8085173964500427,-1,-1,-1,-1
1888,2,739,77,42,55,0.8006492257118225,-1,-1,-1,-1
1889,2,739,77,42,55,0.7998782396316528,-1,-1,-1,-1
1890,2,738,77,43,55,0.8120223879814148,-1,-1,-1,-1
1891,2,739,77,42,55,0.8046783804893494,-1,-1,-1,-1
1892,2,739,77,42,55,0.8044838309288025,-1,-1,-1,-1
1893,2,739,77,42,55,0.8015930652618408,-1,-1,-1,-1
1894,2,739,78,42,54,0.8046764731407166,-1,-1,-1,-1
1895,2,739,78,42,53,0.8025882840156555,-1,-1,-1,-1
1896,2,739,77,42,54,0.7858063578605652,-1,-1,-1,-1
1897,2,739,77,42,54,0.7856429815292358,-1,-1,-1,-1
1898,2,739,77,42,54,0.788009762763977,-1,-1,-1,-1
1899,2,739,78,42,53,0.8158727884292603,-1,-1,-1,-1
1900,2,740,79,42,53,0.7854413390159607,-1,-1,-1,-1
1901,2,742,81,40,52,0.7895876169204712,-1,-1,-1,-1
1902,2,742,82,41,51,0.7902226448059082,-1,-1,-1,-1
1903,2,743,85,40,45,0.40264278650283813,-1,-1,-1,-1
1904,2,745,85,42,48,0.7902666926383972,-1,-1,-1,-1
1905,2,746,85,43,50,0.8173078298568726,-1,-1,-1,-1
1906,2,748,85,42,50,0.8039830327033997,-1,-1,-1,-1
1907,2,748,85,43,50,0.8056249618530273,-1,-1,-1,-1
1908,2,749,85,42,50,0.8082159757614136,-1,-1,-1,-1
1909,2,748,82,43,52,0.8207070231437683,-1,-1,-1,-1
1910,2,748,80,42,53,0.8253755569458008,-1,-1,-1,-1
1911,2,747,79,42,53,0.8235390186309814,-1,-1,-1,-1
1912,2,746,78,43,54,0.8234697580337524,-1,-1,-1,-1
1913,2,746,80,42,52,0.8187087178230286,-1,-1,-1,-1
1914,2,744,80,43,51,0.8214864730834961,-1,-1,-1,-1
1915,2,743,79,43,52,0.8231679797172546,-1,-1,-1,-1
1916,2,742,77,43,54,0.8168625235557556,-1,-1,-1,-1
1917,2,741,76,44,55,0.816895604133606,-1,-1,-1,-1
1918,2,741,76,43,55,0.8146210312843323,-1,-1,-1,-1
1919,2,739,76,43,54,0.8174440264701843,-1,-1,-1,-1
1920,2,738,76,43,53,0.8214122653007507,-1,-1,-1,-1
1921,2,737,75,43,54,0.8329223394393921,-1,-1,-1,-1
1922,2,737,75,43,54,0.8331921100616455,-1,-1,-1,-1
1923,2,736,75,43,54,0.8316301107406616,-1,-1,-1,-1
1924,2,736,74,43,55,0.8281538486480713,-1,-1,-1,-1
1925,2,735,74,43,55,0.8266375064849854,-1,-1,-1,-1
1926,2,734,74,43,55,0.8347299695014954,-1,-1,-1,-1
1927,2,734,75,43,54,0.8401839137077332,-1,-1,-1,-1
1928,2,734,75,43,54,0.8277005553245544,-1,-1,-1,-1
1929,2,733,75,43,54,0.8356127738952637,-1,-1,-1,-1
1930,2,732,75,44,53,0.8369413614273071,-1,-1,-1,-1
1931,2,732,75,43,53,0.839585542678833,-1,-1,-1,-1
1932,2,732,75,43,53,0.8386581540107727,-1,-1,-1,-1
1932,3,623,219,30,71,0.5573364496231079,-1,-1,-1,-1
1933,2,732,75,43,53,0.8398712277412415,-1,-1,-1,-1
1933,3,622,225,32,65,0.6428120732307434,-1,-1,-1,-1
1934,2,732,76,42,52,0.8389751315116882,-1,-1,-1,-1
1934,3,624,221,36,73,0.7041054368019104,-1,-1,-1,-1
1935,2,732,76,42,52,0.8377844095230103,-1,-1,-1,-1
1935,3,624,219,39,77,0.7300589680671692,-1,-1,-1,-1
1936,2,732,76,42,52,0.8388124108314514,-1,-1,-1,-1
1936,3,626,222,43,78,0.7734297513961792,-1,-1,-1,-1
1937,2,732,76,42,52,0.8385074734687805,-1,-1,-1,-1
1937,3,626,223,45,78,0.7730244994163513,-1,-1,-1,-1
1938,2,732,76,42,52,0.8374302983283997,-1,-1,-1,-1
1938,3,626,224,49,80,0.7897299528121948,-1,-1,-1,-1
1939,2,732,75,42,53,0.8389729857444763,-1,-1,-1,-1
1939,3,626,225,56,85,0.8090731501579285,-1,-1,-1,-1
1940,2,731,75,43,53,0.8364633917808533,-1,-1,-1,-1
1940,3,627,227,60,87,0.8199591040611267,-1,-1,-1,-1
1941,2,731,75,43,53,0.8373902440071106,-1,-1,-1,-1
1941,3,629,231,63,89,0.8267607688903809,-1,-1,-1,-1
1942,2,731,75,43,53,0.8394672274589539,-1,-1,-1,-1
1942,3,629,232,65,90,0.8264216780662537,-1,-1,-1,-1
1943,2,731,75,43,53,0.8406540155410767,-1,-1,-1,-1
1943,3,630,236,66,89,0.8186239004135132,-1,-1,-1,-1
1944,2,731,75,43,53,0.8416973352432251,-1,-1,-1,-1
1944,3,630,239,68,93,0.8281725645065308,-1,-1,-1,-1
1945,2,731,75,43,53,0.840399980545044,-1,-1,-1,-1
1945,3,631,243,69,94,0.8268612027168274,-1,-1,-1,-1
1946,2,732,76,42,52,0.8339995741844177,-1,-1,-1,-1
1946,3,630,250,73,93,0.831527054309845,-1,-1,-1,-1
1947,2,732,76,42,52,0.8341303467750549,-1,-1,-1,-1
1947,3,630,253,74,93,0.8314740061759949,-1,-1,-1,-1
1948,2,731,76,43,52,0.8338825106620789,-1,-1,-1,-1
1948,3,630,255,76,94,0.8292760848999023,-1,-1,-1,-1
1949,2,732,76,42,52,0.8316441178321838,-1,-1,-1,-1
1949,3,631,259,77,95,0.8615908622741699,-1,-1,-1,-1
1950,2,732,77,42,51,0.830279529094696,-1,-1,-1,-1
1950,3,631,260,78,97,0.8459218740463257,-1,-1,-1,-1
1951,2,732,77,42,51,0.8284478783607483,-1,-1,-1,-1
1951,3,633,265,78,97,0.8357726335525513,-1,-1,-1,-1
1952,2,732,77,42,51,0.8284586668014526,-1,-1,-1,-1
1952,3,634,267,78,96,0.835808277130127,-1,-1,-1,-1
1953,2,732,77,42,51,0.8277559280395508,-1,-1,-1,-1
1953,3,635,269,77,96,0.8443964719772339,-1,-1,-1,-1
1954,2,732,77,43,52,0.8206336498260498,-1,-1,-1,-1
1954,3,635,272,78,95,0.862786591053009,-1,-1,-1,-1
1955,2,732,77,43,52,0.8169450163841248,-1,-1,-1,-1
1955,3,635,272,79,96,0.8598317503929138,-1,-1,-1,-1
1956,2,732,77,43,52,0.8226889371871948,-1,-1,-1,-1
1956,3,635,273,80,96,0.8603132367134094,-1,-1,-1,-1
1957,2,733,77,42,52,0.8219316601753235,-1,-1,-1,-1
1957,3,635,273,81,96,0.8600673079490662,-1,-1,-1,-1
1958,2,733,78,43,51,0.8198372721672058,-1,-1,-1,-1
1958,3,635,273,81,96,0.8602871298789978,-1,-1,-1,-1
1959,2,733,78,43,51,0.8339166045188904,-1,-1,-1,-1
1959,3,636,274,81,96,0.858534038066864,-1,-1,-1,-1
1960,2,734,78,42,51,0.8258955478668213,-1,-1,-1,-1
1960,3,637,275,81,95,0.8594046831130981,-1,-1,-1,-1
1961,2,734,78,43,52,0.8278913497924805,-1,-1,-1,-1
1961,3,638,276,81,94,0.8585103154182434,-1,-1,-1,-1
1962,2,734,78,43,52,0.8276190161705017,-1,-1,-1,-1
1962,3,638,277,81,92,0.858612596988678,-1,-1,-1,-1
1963,2,735,78,42,52,0.8230074644088745,-1,-1,-1,-1
1963,3,639,277,81,92,0.8580312728881836,-1,-1,-1,-1
1964,2,735,78,43,52,0.820527195930481,-1,-1,-1,-1
1964,3,641,277,80,92,0.8652647733688354,-1,-1,-1,-1
1965,2,735,78,43,52,0.8221915364265442,-1,-1,-1,-1
1965,3,642,277,81,92,0.8644424080848694,-1,-1,-1,-1
1966,2,736,78,43,52,0.822354793548584,-1,-1,-1,-1
1966,3,642,277,83,93,0.8744441866874695,-1,-1,-1,-1
1967,2,736,78,43,52,0.8208433985710144,-1,-1,-1,-1
1967,3,643,276,82,95,0.872195839881897,-1,-1,-1,-1
1968,2,736,78,43,52,0.8210068345069885,-1,-1,-1,-1
1968,3,642,278,83,94,0.8556368350982666,-1,-1,-1,-1
1969,2,736,78,43,52,0.8206654787063599,-1,-1,-1,-1
1969,3,640,283,83,93,0.8612574338912964,-1,-1,-1,-1
1970,2,737,78,43,52,0.8199499845504761,-1,-1,-1,-1
1970,3,636,286,84,94,0.8685478568077087,-1,-1,-1,-1
1971,2,737,78,43,52,0.8189961910247803,-1,-1,-1,-1
1971,3,632,291,84,96,0.8722614645957947,-1,-1,-1,-1
1972,2,738,78,42,52,0.8183259963989258,-1,-1,-1,-1
1972,3,630,293,85,96,0.872366189956665,-1,-1,-1,-1
1973,2,738,77,43,54,0.8233621716499329,-1,-1,-1,-1
1973,3,626,296,85,101,0.8644580841064453,-1,-1,-1,-1
1974,2,738,77,43,54,0.823467493057251,-1,-1,-1,-1
1974,3,624,297,86,103,0.8646206259727478,-1,-1,-1,-1
1975,2,739,77,42,54,0.8234007954597473,-1,-1,-1,-1
1975,3,622,301,86,104,0.8609499335289001,-1,-1,-1,-1
1976,2,739,77,43,54,0.8222758173942566,-1,-1,-1,-1
1976,3,616,312,89,104,0.8605525493621826,-1,-1,-1,-1
1977,2,740,77,42,54,0.8230541944503784,-1,-1,-1,-1
1977,3,614,316,90,104,0.8604981899261475,-1,-1,-1,-1
1978,2,740,78,42,53,0.8200314044952393,-1,-1,-1,-1
1978,3,611,321,91,105,0.8623072504997253,-1,-1,-1,-1
1979,2,741,78,42,53,0.8172063827514648,-1,-1,-1,-1
1979,3,605,333,92,105,0.8642799854278564,-1,-1,-1,-1
1980,2,741,78,43,53,0.8170749545097351,-1,-1,-1,-1
1980,3,601,342,93,105,0.8657316565513611,-1,-1,-1,-1
1981,2,742,77,43,54,0.8129021525382996,-1,-1,-1,-1
1981,3,595,354,96,109,0.8620635867118835,-1,-1,-1,-1
1982,2,742,77,43,54,0.8129805326461792,-1,-1,-1,-1
1982,3,593,358,96,110,0.862066924571991,-1,-1,-1,-1
1983,2,743,77,43,54,0.8148691058158875,-1,-1,-1,-1
1983,3,591,365,97,110,0.8832554221153259,-1,-1,-1,-1
1984,2,743,78,43,53,0.816955029964447,-1,-1,-1,-1
1984,3,586,378,101,111,0.8638781905174255,-1,-1,-1,-1
1985,2,744,78,43,53,0.819116473197937,-1,-1,-1,-1
1985,3,584,388,101,112,0.8656077980995178,-1,-1,-1,-1
1986,2,745,78,42,54,0.8307100534439087,-1,-1,-1,-1
1986,3,579,401,105,116,0.8539966344833374,-1,-1,-1,-1
1987,2,745,78,43,54,0.8303018808364868,-1,-1,-1,-1
1987,3,578,406,105,118,0.8539974093437195,-1,-1,-1,-1
1988,2,745,78,43,54,0.8269292116165161,-1,-1,-1,-1
1988,3,576,413,107,120,0.8606874942779541,-1,-1,-1,-1
1989,2,746,77,43,55,0.8266252875328064,-1,-1,-1,-1
1989,3,573,430,111,122,0.8553116917610168,-1,-1,-1,-1
1990,2,747,76,43,56,0.825123131275177,-1,-1,-1,-1
1990,3,571,444,113,124,0.8583614826202393,-1,-1,-1,-1
1991,2,748,77,43,54,0.8237115144729614,-1,-1,-1,-1
1991,3,569,469,117,123,0.8516007661819458,-1,-1,-1,-1
1992,2,748,77,43,54,0.8237131237983704,-1,-1,-1,-1
1992,3,568,478,119,123,0.8516409397125244,-1,-1,-1,-1
1993,2,749,77,43,54,0.8212401866912842,-1,-1,-1,-1
1993,3,568,493,120,120,0.8524001240730286,-1,-1,-1,-1
1994,2,750,78,43,53,0.8167704939842224,-1,-1,-1,-1
1994,3,569,519,122,120,0.8405011296272278,-1,-1,-1,-1
1995,2,751,78,42,54,0.8058802485466003,-1,-1,-1,-1
1995,3,569,540,124,119,0.8422175645828247,-1,-1,-1,-1
1996,2,752,78,42,55,0.8011967539787292,-1,-1,-1,-1
1996,3,569,571,128,117,0.8445351719856262,-1,-1,-1,-1
1997,2,752,78,43,55,0.8012672662734985,-1,-1,-1,-1
1997,3,569,582,130,117,0.8444671034812927,-1,-1,-1,-1
1998,2,752,78,43,55,0.7974254488945007,-1,-1,-1,-1
1998,3,568,598,132,116,0.8410515785217285,-1,-1,-1,-1
1999,2,753,78,43,56,0.8068027496337891,-1,-1,-1,-1
1999,3,564,628,137,92,0.8345370888710022,-1,-1,-1,-1
2000,2,754,79,43,55,0.8254539966583252,-1,-1,-1,-1
2000,3,560,652,140,68,0.7995907664299011,-1,-1,-1,-1
2001,2,756,79,42,55,0.8235308527946472,-1,-1,-1,-1
2002,2,757,79,42,55,0.8234879374504089,-1,-1,-1,-1
2003,2,757,78,42,56,0.8184769749641418,-1,-1,-1,-1
2004,2,758,79,43,55,0.8293234705924988,-1,-1,-1,-1
2005,2,760,79,42,55,0.8240606784820557,-1,-1,-1,-1
2006,2,761,80,42,54,0.82878577709198,-1,-1,-1,-1
2007,2,762,80,42,54,0.8292801380157471,-1,-1,-1,-1
2008,2,763,80,42,54,0.8273194432258606,-1,-1,-1,-1
2009,2,764,81,42,53,0.8265137672424316,-1,-1,-1,-1
2010,2,764,82,42,53,0.8246363401412964,-1,-1,-1,-1
2011,2,765,83,42,52,0.825518012046814,-1,-1,-1,-1
2012,2,765,83,42,52,0.825447142124176,-1,-1,-1,-1
2013,2,765,83,42,52,0.8254769444465637,-1,-1,-1,-1
2014,2,765,83,42,52,0.8226993680000305,-1,-1,-1,-1
2015,2,765,84,42,51,0.825374186038971,-1,-1,-1,-1
2016,2,765,84,41,51,0.8242007493972778,-1,-1,-1,-1
2017,2,765,84,41,51,0.823708176612854,-1,-1,-1,-1
2018,2,765,84,41,52,0.8270197510719299,-1,-1,-1,-1
2019,2,766,84,41,53,0.8316612839698792,-1,-1,-1,-1
2020,2,766,84,41,53,0.8300414681434631,-1,-1,-1,-1
2021,2,767,84,41,53,0.826033353805542,-1,-1,-1,-1
2021,6,1151,413,27,25,0.3383702039718628,-1,-1,-1,-1
2022,2,767,84,41,53,0.8257362246513367,-1,-1,-1,-1
2022,6,1151,413,27,25,0.38443899154663086,-1,-1,-1,-1
2023,2,767,84,41,54,0.8253188729286194,-1,-1,-1,-1
2023,6,1151,413,27,25,0.3697896897792816,-1,-1,-1,-1
2024,2,768,85,41,53,0.8174324631690979,-1,-1,-1,-1
2025,2,768,85,41,54,0.8139858245849609,-1,-1,-1,-1
2025,6,1152,413,26,25,0.28238746523857117,-1,-1,-1,-1
2026,2,769,85,41,54,0.8187287449836731,-1,-1,-1,-1
2027,2,769,85,41,54,0.8179674744606018,-1,-1,-1,-1
2027,6,1152,413,26,25,0.2830042541027069,-1,-1,-1,-1
2028,2,770,86,41,54,0.8161181211471558,-1,-1,-1,-1
2028,6,1152,414,26,24,0.29234594106674194,-1,-1,-1,-1
2029,2,770,87,42,54,0.8324030041694641,-1,-1,-1,-1
2029,6,1152,414,27,24,0.2987031638622284,-1,-1,-1,-1
2030,2,771,88,43,54,0.829790472984314,-1,-1,-1,-1
2030,6,1152,414,27,24,0.2796991467475891,-1,-1,-1,-1
2031,2,772,89,43,55,0.8351484537124634,-1,-1,-1,-1
2031,6,1152,415,26,23,0.35424715280532837,-1,-1,-1,-1
2032,2,773,90,43,54,0.8344091176986694,-1,-1,-1,-1
2032,6,1152,415,26,23,0.3161073923110962,-1,-1,-1,-1
2033,2,774,91,43,54,0.8266562223434448,-1,-1,-1,-1
2033,6,1152,415,26,23,0.31428661942481995,-1,-1,-1,-1
2034,2,776,94,44,53,0.8309721946716309,-1,-1,-1,-1
2034,6,1152,415,26,23,0.32594722509384155,-1,-1,-1,-1
2035,2,778,95,43,54,0.8300686478614807,-1,-1,-1,-1
2035,6,1152,415,26,23,0.33740222454071045,-1,-1,-1,-1
2036,2,781,96,44,56,0.8376504778862,-1,-1,-1,-1
2036,6,1152,415,26,23,0.3223817050457001,-1,-1,-1,-1
2037,2,782,97,44,56,0.8376289010047913,-1,-1,-1,-1
2037,6,1152,415,26,23,0.32219642400741577,-1,-1,-1,-1
2038,2,783,97,45,58,0.8400549292564392,-1,-1,-1,-1
2038,6,1152,415,26,23,0.3070032298564911,-1,-1,-1,-1
2039,2,785,99,45,59,0.8353801965713501,-1,-1,-1,-1
2039,6,1151,415,27,23,0.31233999133110046,-1,-1,-1,-1
2040,2,786,101,46,60,0.8367292881011963,-1,-1,-1,-1
2040,6,1151,415,27,23,0.31982818245887756,-1,-1,-1,-1
2041,2,789,105,46,60,0.8381862044334412,-1,-1,-1,-1
2041,6,1151,415,27,23,0.30242919921875,-1,-1,-1,-1
2042,2,790,106,46,61,0.838218629360199,-1,-1,-1,-1
2042,6,1151,415,27,23,0.30230316519737244,-1,-1,-1,-1
2043,2,791,108,47,61,0.8295295834541321,-1,-1,-1,-1
2043,6,1151,415,27,23,0.2949509918689728,-1,-1,-1,-1
2044,2,793,110,47,63,0.8302470445632935,-1,-1,-1,-1
2044,6,1151,415,27,23,0.2943492829799652,-1,-1,-1,-1
2045,2,795,112,48,63,0.8326819539070129,-1,-1,-1,-1
2045,6,1151,415,27,23,0.3035043478012085,-1,-1,-1,-1
2046,2,798,114,48,63,0.839388370513916,-1,-1,-1,-1
2046,6,1151,415,27,23,0.3023134171962738,-1,-1,-1,-1
2047,2,799,115,48,63,0.8392176628112793,-1,-1,-1,-1
2047,6,1151,415,27,23,0.2999733090400696,-1,-1,-1,-1
2048,2,800,116,49,63,0.8331672549247742,-1,-1,-1,-1
2048,6,1151,415,27,23,0.29428666830062866,-1,-1,-1,-1
2049,2,803,118,49,64,0.8327999114990234,-1,-1,-1,-1
2049,6,1152,415,26,23,0.28596559166908264,-1,-1,-1,-1
2050,2,806,120,48,63,0.8337600231170654,-1,-1,-1,-1
2050,6,1152,415,26,23,0.29367008805274963,-1,-1,-1,-1
2051,2,809,122,48,63,0.8445928692817688,-1,-1,-1,-1
2051,6,1152,415,26,23,0.2950012683868408,-1,-1,-1,-1
2052,2,810,123,48,63,0.8426640033721924,-1,-1,-1,-1
2052,6,1152,415,26,23,0.3049129247665405,-1,-1,-1,-1
2053,2,811,125,49,61,0.8620098829269409,-1,-1,-1,-1
2053,6,1152,416,26,22,0.290508896112442,-1,-1,-1,-1
2054,2,814,125,49,63,0.8366942405700684,-1,-1,-1,-1
2054,6,1152,416,26,22,0.27621209621429443,-1,-1,-1,-1
2055,2,815,126,50,63,0.8420236110687256,-1,-1,-1,-1
2055,6,1151,416,26,22,0.26545479893684387,-1,-1,-1,-1
2056,2,818,127,49,63,0.8478406071662903,-1,-1,-1,-1
2056,6,1151,416,26,22,0.25702860951423645,-1,-1,-1,-1
2057,2,818,127,50,63,0.8477689027786255,-1,-1,-1,-1
2057,6,1151,416,26,22,0.25382956862449646,-1,-1,-1,-1
2058,2,819,128,50,63,0.842764139175415,-1,-1,-1,-1
2059,2,820,130,50,62,0.8362378478050232,-1,-1,-1,-1
2060,2,821,131,49,62,0.8351506590843201,-1,-1,-1,-1
2061,2,820,132,50,61,0.8371443152427673,-1,-1,-1,-1
2062,2,820,132,50,62,0.8368997573852539,-1,-1,-1,-1
2063,2,819,132,51,62,0.8396942615509033,-1,-1,-1,-1
2064,2,817,132,51,62,0.8425122499465942,-1,-1,-1,-1
2065,2,815,133,51,61,0.8426145911216736,-1,-1,-1,-1
2066,2,811,134,51,61,0.83430415391922,-1,-1,-1,-1
2067,2,810,135,50,60,0.8341963291168213,-1,-1,-1,-1
2068,2,807,134,51,62,0.8448019623756409,-1,-1,-1,-1
2069,2,801,135,52,62,0.8416922688484192,-1,-1,-1,-1
2070,2,796,134,52,64,0.8379496932029724,-1,-1,-1,-1
2071,2,788,135,53,64,0.8469491004943848,-1,-1,-1,-1
2072,2,785,135,53,64,0.8470542430877686,-1,-1,-1,-1
2073,2,780,135,53,65,0.8394489288330078,-1,-1,-1,-1
2074,2,771,132,54,67,0.8371121287345886,-1,-1,-1,-1
2075,2,764,131,55,68,0.8556358218193054,-1,-1,-1,-1
2076,2,755,130,55,69,0.8564666509628296,-1,-1,-1,-1
2077,2,751,130,55,69,0.8566131591796875,-1,-1,-1,-1
2078,2,746,130,56,70,0.8429242968559265,-1,-1,-1,-1
2079,2,738,130,57,72,0.8469119668006897,-1,-1,-1,-1
2080,2,733,130,58,73,0.8437963128089905,-1,-1,-1,-1
2081,2,727,132,58,74,0.8386240005493164,-1,-1,-1,-1
2082,2,725,132,59,74,0.8386653065681458,-1,-1,-1,-1
2083,2,722,133,60,76,0.8434098958969116,-1,-1,-1,-1
2084,2,719,135,60,78,0.8529036641120911,-1,-1,-1,-1
2085,2,716,137,62,79,0.8476487398147583,-1,-1,-1,-1
2086,2,714,142,62,80,0.8549225926399231,-1,-1,-1,-1
2087,2,714,144,61,80,0.8550154566764832,-1,-1,-1,-1
2088,2,713,147,61,82,0.8464063405990601,-1,-1,-1,-1
2089,2,712,155,63,82,0.8501148819923401,-1,-1,-1,-1
2090,2,713,161,63,83,0.8523304462432861,-1,-1,-1,-1
2091,2,714,170,65,85,0.8534263372421265,-1,-1,-1,-1
2092,2,715,174,65,85,0.8533389568328857,-1,-1,-1,-1
2093,2,716,178,67,86,0.8472529053688049,-1,-1,-1,-1
2094,2,719,185,69,89,0.8351700305938721,-1,-1,-1,-1
2095,2,723,189,70,92,0.8481347560882568,-1,-1,-1,-1
2096,2,727,197,73,93,0.8369866013526917,-1,-1,-1,-1
2097,2,729,199,73,95,0.8369542360305786,-1,-1,-1,-1
2098,2,731,203,75,96,0.84549880027771,-1,-1,-1,-1
2099,2,733,213,77,95,0.8399049639701843,-1,-1,-1,-1
2100,2,735,219,77,96,0.8409968614578247,-1,-1,-1,-1
2101,2,733,227,81,97,0.8563135862350464,-1,-1,-1,-1
2102,2,733,230,82,98,0.856626033782959,-1,-1,-1,-1
2103,2,732,234,82,98,0.8643689155578613,-1,-1,-1,-1
2104,2,727,241,85,100,0.8485984802246094,-1,-1,-1,-1
2105,2,722,247,86,102,0.845565140247345,-1,-1,-1,-1
2106,2,713,260,89,103,0.8372938632965088,-1,-1,-1,-1
2107,2,710,265,89,104,0.8373764753341675,-1,-1,-1,-1
2108,2,705,274,91,101,0.8431242108345032,-1,-1,-1,-1
2109,2,693,291,93,103,0.835112452507019,-1,-1,-1,-1
2110,2,683,306,95,103,0.8277448415756226,-1,-1,-1,-1
2111,2,665,328,97,101,0.8261430859565735,-1,-1,-1,-1
2112,2,659,337,97,99,0.8271684646606445,-1,-1,-1,-1
2113,2,647,350,98,96,0.8134204149246216,-1,-1,-1,-1
2114,2,626,365,103,99,0.8168679475784302,-1,-1,-1,-1
2115,2,610,374,107,101,0.7991012930870056,-1,-1,-1,-1
2116,2,587,383,113,110,0.8315657377243042,-1,-1,-1,-1
2117,2,579,387,114,113,0.8314921259880066,-1,-1,-1,-1
2118,2,568,393,117,116,0.8333240151405334,-1,-1,-1,-1
2119,2,551,407,123,122,0.8199277520179749,-1,-1,-1,-1
2120,2,542,423,124,121,0.8312880396842957,-1,-1,-1,-1
2121,2,529,447,129,119,0.820992648601532,-1,-1,-1,-1
2122,2,525,456,130,118,0.8217559456825256,-1,-1,-1,-1
2123,2,520,469,132,117,0.8146263360977173,-1,-1,-1,-1
2124,2,510,496,139,115,0.8248085975646973,-1,-1,-1,-1
2125,2,505,518,140,115,0.8277587294578552,-1,-1,-1,-1
2126,2,498,555,142,110,0.7612676620483398,-1,-1,-1,-1
2127,2,495,569,144,108,0.7611419558525085,-1,-1,-1,-1
2128,2,492,590,145,104,0.6513950228691101,-1,-1,-1,-1
2447,7,759,550,70,54,0.3855678141117096,-1,-1,-1,-1
2451,8,780,473,70,51,0.7086267471313477,-1,-1,-1,-1
2452,8,780,472,71,50,0.7088839411735535,-1,-1,-1,-1
2453,8,791,450,72,57,0.6941028833389282,-1,-1,-1,-1
2454,8,797,439,76,58,0.7192316055297852,-1,-1,-1,-1
2455,8,811,428,76,59,0.7018336057662964,-1,-1,-1,-1
2456,8,821,425,77,59,0.7019742727279663,-1,-1,-1,-1
2457,8,824,425,78,59,0.6977928280830383,-1,-1,-1,-1
2458,8,837,427,79,58,0.6794823408126831,-1,-1,-1,-1
2459,8,852,431,82,52,0.6218261122703552,-1,-1,-1,-1
2460,8,874,439,79,50,0.704099178314209,-1,-1,-1,-1
2461,8,889,449,76,49,0.6885520815849304,-1,-1,-1,-1
2462,8,894,452,75,49,0.6887556910514832,-1,-1,-1,-1
2477,15,1047,535,53,43,0.3623035252094269,-1,-1,-1,-1
2537,18,926,373,41,48,0.3144736886024475,-1,-1,-1,-1
2597,20,863,203,24,45,0.41917210817337036,-1,-1,-1,-1
2598,20,859,198,24,45,0.50218665599823,-1,-1,-1,-1
2599,20,856,195,24,45,0.5708599090576172,-1,-1,-1,-1
2600,20,853,191,25,45,0.5506601929664612,-1,-1,-1,-1
2601,20,851,188,25,45,0.5850578546524048,-1,-1,-1,-1
2602,20,851,188,25,45,0.5832734704017639,-1,-1,-1,-1
2603,20,850,186,25,46,0.6167156100273132,-1,-1,-1,-1
2604,20,849,185,26,46,0.6171206831932068,-1,-1,-1,-1
2605,20,849,182,26,47,0.6063580513000488,-1,-1,-1,-1
2606,20,849,180,26,49,0.6524972915649414,-1,-1,-1,-1
2607,20,849,180,27,49,0.6523270606994629,-1,-1,-1,-1
2608,20,848,175,27,48,0.6718719601631165,-1,-1,-1,-1
2609,20,848,173,27,47,0.6811361312866211,-1,-1,-1,-1
2610,20,847,170,27,46,0.6690754294395447,-1,-1,-1,-1
2611,20,846,168,27,46,0.6944857835769653,-1,-1,-1,-1
2612,20,846,168,27,45,0.6946724653244019,-1,-1,-1,-1
2613,20,841,164,27,45,0.6406555771827698,-1,-1,-1,-1
2614,20,837,160,27,48,0.66881263256073,-1,-1,-1,-1
2615,20,830,159,27,45,0.65318763256073,-1,-1,-1,-1
2616,20,827,159,25,44,0.6472134590148926,-1,-1,-1,-1
2617,20,825,159,26,43,0.646880030632019,-1,-1,-1,-1
2618,20,820,156,25,42,0.6251844763755798,-1,-1,-1,-1
2619,20,816,153,24,43,0.6465585231781006,-1,-1,-1,-1
2620,20,810,150,25,43,0.616115927696228,-1,-1,-1,-1
2621,20,806,148,25,43,0.6447399258613586,-1,-1,-1,-1
2622,20,805,147,25,43,0.643507182598114,-1,-1,-1,-1
2622,21,1151,414,27,24,0.4845876693725586,-1,-1,-1,-1
2623,20,802,146,24,43,0.6172127723693848,-1,-1,-1,-1
2623,21,1151,414,27,24,0.48004060983657837,-1,-1,-1,-1
2624,20,800,143,24,42,0.6181344985961914,-1,-1,-1,-1
2624,21,1151,414,27,24,0.4720659554004669,-1,-1,-1,-1
2625,20,796,138,24,43,0.634227454662323,-1,-1,-1,-1
2625,21,1151,414,27,24,0.4573925733566284,-1,-1,-1,-1
2626,20,793,135,25,44,0.6704357862472534,-1,-1,-1,-1
2626,21,1151,414,26,24,0.46593111753463745,-1,-1,-1,-1
2627,20,792,134,25,44,0.6707233786582947,-1,-1,-1,-1
2627,21,1151,414,26,24,0.4672374725341797,-1,-1,-1,-1
2628,20,790,131,26,44,0.7194781303405762,-1,-1,-1,-1
2628,21,1151,414,26,24,0.46467775106430054,-1,-1,-1,-1
2629,20,788,128,28,45,0.745468258857727,-1,-1,-1,-1
2629,21,1151,414,27,24,0.45511749386787415,-1,-1,-1,-1
2630,20,785,125,33,47,0.7730089426040649,-1,-1,-1,-1
2630,21,1151,414,27,24,0.4300501048564911,-1,-1,-1,-1
2631,20,784,123,36,48,0.7960264682769775,-1,-1,-1,-1
2631,21,1151,414,26,24,0.4224551022052765,-1,-1,-1,-1
2632,20,784,122,37,48,0.7963384985923767,-1,-1,-1,-1
2632,21,1151,414,26,24,0.4214019775390625,-1,-1,-1,-1
2633,20,784,120,39,49,0.8137491345405579,-1,-1,-1,-1
2633,21,1151,414,27,24,0.4072467088699341,-1,-1,-1,-1
2634,20,785,118,38,50,0.8102672696113586,-1,-1,-1,-1
2634,21,1151,414,26,24,0.39795270562171936,-1,-1,-1,-1
2634,22,691,72,18,42,0.37726059556007385,-1,-1,-1,-1
2635,20,783,116,40,50,0.8117375373840332,-1,-1,-1,-1
2635,21,1151,414,26,24,0.39755094051361084,-1,-1,-1,-1
2635,22,690,72,18,41,0.41393864154815674,-1,-1,-1,-1
2636,20,782,115,40,49,0.8140305280685425,-1,-1,-1,-1
2636,21,1150,414,27,24,0.3939402103424072,-1,-1,-1,-1
2636,22,688,70,20,43,0.5168814659118652,-1,-1,-1,-1
2637,20,782,114,40,49,0.8140772581100464,-1,-1,-1,-1
2637,21,1150,414,27,24,0.3748546242713928,-1,-1,-1,-1
2637,22,687,70,21,43,0.5163844227790833,-1,-1,-1,-1
2638,20,780,112,41,49,0.8190158605575562,-1,-1,-1,-1
2638,21,1150,414,27,24,0.31842097640037537,-1,-1,-1,-1
2638,22,683,71,21,41,0.4704361855983734,-1,-1,-1,-1
2639,20,779,111,40,49,0.8167386054992676,-1,-1,-1,-1
2639,21,1150,414,27,24,0.3263840079307556,-1,-1,-1,-1
2639,22,680,72,21,40,0.5773115158081055,-1,-1,-1,-1
2640,20,776,109,39,50,0.8175534009933472,-1,-1,-1,-1
2640,21,1150,414,27,24,0.3335360586643219,-1,-1,-1,-1
2640,22,676,71,21,40,0.6253670454025269,-1,-1,-1,-1
2641,20,772,109,40,50,0.8171895742416382,-1,-1,-1,-1
2641,21,1150,414,27,24,0.34116995334625244,-1,-1,-1,-1
2641,22,672,71,20,39,0.5857097506523132,-1,-1,-1,-1
2642,20,771,109,40,50,0.8171523213386536,-1,-1,-1,-1
2642,21,1150,414,27,24,0.33797216415405273,-1,-1,-1,-1
2642,22,670,71,21,39,0.5854648947715759,-1,-1,-1,-1
2643,20,767,109,38,50,0.8155431151390076,-1,-1,-1,-1
2643,21,1150,414,27,24,0.34586089849472046,-1,-1,-1,-1
2643,22,664,68,21,40,0.6231579780578613,-1,-1,-1,-1
2644,20,763,110,34,48,0.8163631558418274,-1,-1,-1,-1
2644,21,1150,414,27,24,0.3432632386684418,-1,-1,-1,-1
2644,22,660,69,20,37,0.6740737557411194,-1,-1,-1,-1
2645,20,754,109,29,47,0.7668960690498352,-1,-1,-1,-1
2645,21,1150,414,27,24,0.3352368175983429,-1,-1,-1,-1
2645,22,654,65,20,38,0.6009548306465149,-1,-1,-1,-1
2646,20,750,111,24,44,0.6746639013290405,-1,-1,-1,-1
2646,21,1150,414,27,24,0.3449753522872925,-1,-1,-1,-1
2646,22,651,65,19,36,0.5782631635665894,-1,-1,-1,-1
2647,20,749,111,22,44,0.6744065284729004,-1,-1,-1,-1
2647,21,1151,415,26,23,0.3209468126296997,-1,-1,-1,-1
2647,22,650,65,19,35,0.5787342190742493,-1,-1,-1,-1
2648,20,744,114,19,40,0.5600691437721252,-1,-1,-1,-1
2648,21,1151,414,26,24,0.33525681495666504,-1,-1,-1,-1
2648,22,648,63,17,33,0.5137925744056702,-1,-1,-1,-1
2649,20,739,113,18,40,0.5267386436462402,-1,-1,-1,-1
2649,21,1150,414,27,24,0.32782167196273804,-1,-1,-1,-1
2649,22,645,61,17,33,0.5224456191062927,-1,-1,-1,-1
2650,20,734,113,16,39,0.3822421133518219,-1,-1,-1,-1
2650,21,1150,414,27,24,0.3344331979751587,-1,-1,-1,-1
2650,22,642,59,15,32,0.2820916771888733,-1,-1,-1,-1
2651,20,729,112,17,40,0.35416120290756226,-1,-1,-1,-1
2651,21,1150,414,27,24,0.3359346091747284,-1,-1,-1,-1
2652,21,1150,414,27,24,0.3456433415412903,-1,-1,-1,-1
2653,21,1150,414,27,24,0.3331993818283081,-1,-1,-1,-1
2654,21,1150,414,27,24,0.3350814878940582,-1,-1,-1,-1
2655,21,1150,414,27,23,0.29699790477752686,-1,-1,-1,-1
2656,21,1150,415,27,22,0.3011387288570404,-1,-1,-1,-1
2657,21,1151,415,26,22,0.28379204869270325,-1,-1,-1,-1
2661,26,709,103,18,35,0.502058744430542,-1,-1,-1,-1
2661,21,1151,415,26,23,0.26786547899246216,-1,-1,-1,-1
2662,26,708,102,19,36,0.5024511814117432,-1,-1,-1,-1
2662,21,1151,415,26,23,0.27645209431648254,-1,-1,-1,-1
2663,26,707,97,19,36,0.5056310892105103,-1,-1,-1,-1
2663,21,1151,415,26,23,0.2667885422706604,-1,-1,-1,-1
2664,26,706,93,20,36,0.5470232367515564,-1,-1,-1,-1
2665,26,704,88,19,37,0.557972252368927,-1,-1,-1,-1
2666,26,702,85,19,37,0.5517674088478088,-1,-1,-1,-1
2667,26,702,84,18,37,0.5524638891220093,-1,-1,-1,-1
2667,27,794,106,27,38,0.33999183773994446,-1,-1,-1,-1
2668,26,699,81,17,35,0.4344717264175415,-1,-1,-1,-1
2669,26,697,81,16,33,0.35674402117729187,-1,-1,-1,-1
2672,29,773,492,83,102,0.4799380600452423,-1,-1,-1,-1
2673,29,781,474,84,98,0.44512420892715454,-1,-1,-1,-1
2673,21,1151,415,26,22,0.2887815535068512,-1,-1,-1,-1
2674,29,787,460,83,93,0.5848696231842041,-1,-1,-1,-1
2674,21,1151,415,26,22,0.2602783739566803,-1,-1,-1,-1
2675,21,1151,415,26,22,0.28970038890838623,-1,-1,-1,-1
2676,21,1151,415,26,22,0.31937092542648315,-1,-1,-1,-1
2677,21,1151,415,26,22,0.32890263199806213,-1,-1,-1,-1
2678,21,1151,415,26,22,0.2628314793109894,-1,-1,-1,-1
2679,21,1151,415,26,22,0.2625328004360199,-1,-1,-1,-1
2680,21,1151,415,26,22,0.2957070767879486,-1,-1,-1,-1
2681,21,1151,415,26,22,0.3320884704589844,-1,-1,-1,-1
2682,21,1151,415,26,22,0.33583739399909973,-1,-1,-1,-1
2694,30,812,243,62,72,0.6262063384056091,-1,-1,-1,-1
2701,31,793,183,66,59,0.7390550971031189,-1,-1,-1,-1
2702,31,792,183,67,59,0.7392188310623169,-1,-1,-1,-1
2704,31,790,172,54,56,0.6406028866767883,-1,-1,-1,-1
2711,33,760,143,53,58,0.6591326594352722,-1,-1,-1,-1
2712,33,760,143,52,58,0.6563716530799866,-1,-1,-1,-1
2713,33,758,141,49,55,0.43367999792099,-1,-1,-1,-1
2786,36,654,71,22,40,0.6478239893913269,-1,-1,-1,-1
2787,36,653,71,23,40,0.6481731534004211,-1,-1,-1,-1
2788,36,647,70,24,43,0.714923620223999,-1,-1,-1,-1
2789,36,642,69,27,45,0.7666769623756409,-1,-1,-1,-1
2790,36,639,68,27,43,0.771718442440033,-1,-1,-1,-1
2791,36,638,67,26,42,0.7374337315559387,-1,-1,-1,-1
2792,36,638,66,25,43,0.7369638085365295,-1,-1,-1,-1
2793,36,637,66,23,42,0.644325852394104,-1,-1,-1,-1
2794,36,633,66,23,41,0.5019112825393677,-1,-1,-1,-1
2842,37,694,100,19,40,0.5521286725997925,-1,-1,-1,-1
2843,37,693,99,20,41,0.6239008903503418,-1,-1,-1,-1
2844,37,688,94,23,42,0.7038213014602661,-1,-1,-1,-1
2845,37,684,90,26,43,0.7448564171791077,-1,-1,-1,-1
2846,37,679,87,29,43,0.796843409538269,-1,-1,-1,-1
2847,37,677,86,31,43,0.7969865202903748,-1,-1,-1,-1
2848,37,675,84,32,44,0.8062195777893066,-1,-1,-1,-1
2849,37,671,83,34,44,0.7951294779777527,-1,-1,-1,-1
2850,37,668,82,35,44,0.8065807819366455,-1,-1,-1,-1
2851,37,664,82,33,42,0.7970566749572754,-1,-1,-1,-1
2852,37,663,81,32,43,0.7968865036964417,-1,-1,-1,-1
2853,37,660,81,32,43,0.8021687269210815,-1,-1,-1,-1
2854,37,653,80,31,42,0.782508134841919,-1,-1,-1,-1
2855,37,648,80,29,41,0.7729979157447815,-1,-1,-1,-1
2856,37,641,77,27,40,0.745907187461853,-1,-1,-1,-1
2857,37,639,76,25,40,0.7458890676498413,-1,-1,-1,-1
2858,37,638,77,23,38,0.7077326774597168,-1,-1,-1,-1
2897,42,785,174,25,58,0.4007212817668915,-1,-1,-1,-1
2912,43,635,40,20,28,0.4060288965702057,-1,-1,-1,-1
2913,43,635,40,22,29,0.4021068215370178,-1,-1,-1,-1
2914,43,638,40,23,32,0.7574950456619263,-1,-1,-1,-1
2915,43,640,41,23,32,0.7717908024787903,-1,-1,-1,-1
2915,44,732,103,17,41,0.4762638211250305,-1,-1,-1,-1
2916,43,641,41,26,32,0.7979912757873535,-1,-1,-1,-1
2916,44,728,98,19,45,0.4802992045879364,-1,-1,-1,-1
2917,43,642,41,26,33,0.7979873418807983,-1,-1,-1,-1
2917,44,726,97,21,46,0.47889137268066406,-1,-1,-1,-1
2918,43,643,41,26,33,0.7913188934326172,-1,-1,-1,-1
2918,44,724,96,21,45,0.4134882390499115,-1,-1,-1,-1
2919,43,645,41,26,32,0.8036605715751648,-1,-1,-1,-1
2919,44,721,97,21,42,0.5609649419784546,-1,-1,-1,-1
2920,43,646,40,27,34,0.772066593170166,-1,-1,-1,-1
2920,44,718,96,20,43,0.5962265133857727,-1,-1,-1,-1
2921,43,647,41,27,32,0.7303086519241333,-1,-1,-1,-1
2921,44,712,96,20,41,0.4463009834289551,-1,-1,-1,-1
2922,43,648,41,27,32,0.7224461436271667,-1,-1,-1,-1
2922,44,710,96,19,40,0.4450383484363556,-1,-1,-1,-1
2923,43,649,41,26,32,0.726325511932373,-1,-1,-1,-1
2923,44,706,96,20,40,0.371847540140152,-1,-1,-1,-1
2924,43,649,41,27,32,0.7675830125808716,-1,-1,-1,-1
2924,44,699,96,19,39,0.4790329337120056,-1,-1,-1,-1
2925,43,649,41,27,32,0.7852475047111511,-1,-1,-1,-1
2925,44,693,96,19,37,0.45813173055648804,-1,-1,-1,-1
2926,43,649,40,26,33,0.7913208603858948,-1,-1,-1,-1
2927,43,649,40,26,33,0.7914204001426697,-1,-1,-1,-1
2928,43,649,40,26,33,0.782926619052887,-1,-1,-1,-1
2929,43,648,40,26,33,0.7384195923805237,-1,-1,-1,-1
2930,43,647,40,27,32,0.7665765881538391,-1,-1,-1,-1
2931,43,646,40,26,32,0.7755588889122009,-1,-1,-1,-1
2932,43,646,40,26,31,0.7725713849067688,-1,-1,-1,-1
2932,47,650,88,20,35,0.5024697780609131,-1,-1,-1,-1
2933,43,646,40,26,31,0.7622365951538086,-1,-1,-1,-1
2933,47,648,87,19,35,0.36276009678840637,-1,-1,-1,-1
2934,43,645,40,26,30,0.7165173292160034,-1,-1,-1,-1
2935,43,645,40,25,29,0.6824049949645996,-1,-1,-1,-1
2936,43,645,39,25,30,0.6712662577629089,-1,-1,-1,-1
2937,43,645,39,25,29,0.6636493802070618,-1,-1,-1,-1
2938,43,644,39,25,31,0.6814728379249573,-1,-1,-1,-1
2939,43,644,39,25,31,0.6236838102340698,-1,-1,-1,-1
2940,43,644,39,24,31,0.6782050132751465,-1,-1,-1,-1
2941,43,643,39,24,30,0.7542014718055725,-1,-1,-1,-1
2942,43,643,39,24,29,0.7542271018028259,-1,-1,-1,-1
2943,43,643,39,24,30,0.7167027592658997,-1,-1,-1,-1
2944,43,643,39,23,31,0.6468959450721741,-1,-1,-1,-1
2945,43,642,39,24,31,0.6483150720596313,-1,-1,-1,-1
2946,43,643,40,23,30,0.41136395931243896,-1,-1,-1,-1
2947,43,643,40,22,30,0.38211655616760254,-1,-1,-1,-1
2948,43,642,40,23,30,0.5804507732391357,-1,-1,-1,-1
2949,43,642,39,23,31,0.7483708262443542,-1,-1,-1,-1
2950,43,641,39,24,32,0.7568557858467102,-1,-1,-1,-1
2951,43,641,39,23,32,0.7555614113807678,-1,-1,-1,-1
2952,43,641,39,23,32,0.7561627626419067,-1,-1,-1,-1
2953,43,641,39,23,32,0.7598012089729309,-1,-1,-1,-1
2954,43,641,39,23,32,0.7238170504570007,-1,-1,-1,-1
2955,43,641,39,23,32,0.7220426797866821,-1,-1,-1,-1
2956,43,641,39,23,32,0.7130674123764038,-1,-1,-1,-1
2957,43,641,39,23,32,0.704298734664917,-1,-1,-1,-1
2958,43,641,40,23,32,0.7122547626495361,-1,-1,-1,-1
2959,43,641,40,23,31,0.6808388233184814,-1,-1,-1,-1
2960,43,641,40,23,32,0.7121469378471375,-1,-1,-1,-1
2961,43,641,40,23,32,0.701246976852417,-1,-1,-1,-1
2962,43,641,40,23,32,0.7016934156417847,-1,-1,-1,-1
2963,43,641,40,23,32,0.6921041011810303,-1,-1,-1,-1
2964,43,641,40,23,32,0.6843437552452087,-1,-1,-1,-1
2965,43,642,40,22,31,0.6773229241371155,-1,-1,-1,-1
2966,43,642,40,22,31,0.7034016847610474,-1,-1,-1,-1
2967,43,642,40,22,31,0.7096514701843262,-1,-1,-1,-1
2968,43,642,40,22,31,0.7105463743209839,-1,-1,-1,-1
2969,43,642,40,22,31,0.7107461094856262,-1,-1,-1,-1
2970,43,642,40,23,32,0.7281849980354309,-1,-1,-1,-1
2971,43,642,40,23,32,0.7489423155784607,-1,-1,-1,-1
2972,43,642,40,23,32,0.7493311166763306,-1,-1,-1,-1
2973,43,643,40,22,31,0.7647845149040222,-1,-1,-1,-1
2974,43,643,40,22,31,0.7605804204940796,-1,-1,-1,-1
2975,43,643,40,22,31,0.7493492960929871,-1,-1,-1,-1
2976,43,643,40,22,31,0.7671331763267517,-1,-1,-1,-1
2977,43,643,40,22,31,0.7668758630752563,-1,-1,-1,-1
2977,54,651,93,22,42,0.6003682613372803,-1,-1,-1,-1
2978,43,643,40,22,31,0.7707973718643188,-1,-1,-1,-1
2978,54,650,96,20,38,0.5880452394485474,-1,-1,-1,-1
2979,43,643,40,22,32,0.7512285709381104,-1,-1,-1,-1
2979,54,642,91,22,41,0.6185391545295715,-1,-1,-1,-1
2980,43,643,40,22,33,0.7239809632301331,-1,-1,-1,-1
2980,54,639,89,20,40,0.49884557723999023,-1,-1,-1,-1
2981,43,644,40,21,33,0.5846186876296997,-1,-1,-1,-1
2981,54,638,89,18,37,0.43225088715553284,-1,-1,-1,-1
2982,43,644,41,21,32,0.591515064239502,-1,-1,-1,-1
2982,54,638,90,17,35,0.4326294958591461,-1,-1,-1,-1
2983,43,644,41,21,31,0.6169583797454834,-1,-1,-1,-1
2984,43,644,41,21,31,0.6354886889457703,-1,-1,-1,-1
2985,43,644,41,21,31,0.5873913764953613,-1,-1,-1,-1
2986,43,644,40,23,35,0.4390806555747986,-1,-1,-1,-1
2987,43,644,40,23,35,0.44621965289115906,-1,-1,-1,-1
2988,43,644,40,24,36,0.6054801940917969,-1,-1,-1,-1
2989,43,645,41,25,34,0.6903180480003357,-1,-1,-1,-1
2990,43,647,42,25,34,0.6603783369064331,-1,-1,-1,-1
2991,43,649,42,25,33,0.6257232427597046,-1,-1,-1,-1
2992,43,650,42,25,33,0.6255924701690674,-1,-1,-1,-1
2993,43,651,43,25,32,0.6213505864143372,-1,-1,-1,-1
2994,43,654,43,25,32,0.6749817728996277,-1,-1,-1,-1
2995,43,658,43,23,34,0.6435379981994629,-1,-1,-1,-1
2996,43,661,44,23,32,0.5796843767166138,-1,-1,-1,-1
2997,43,663,44,22,32,0.5861233472824097,-1,-1,-1,-1
2998,43,665,44,21,32,0.5530627965927124,-1,-1,-1,-1
3054,43,666,42,22,34,0.47101765871047974,-1,-1,-1,-1
3055,43,666,42,20,32,0.5743513107299805,-1,-1,-1,-1
3056,43,665,42,22,31,0.5262125134468079,-1,-1,-1,-1
3056,56,640,77,27,37,0.7921645045280457,-1,-1,-1,-1
3057,43,665,42,22,31,0.5332111716270447,-1,-1,-1,-1
3057,56,641,77,27,37,0.7935742139816284,-1,-1,-1,-1
3058,43,664,42,22,30,0.5735445022583008,-1,-1,-1,-1
3058,56,641,77,31,38,0.7902385592460632,-1,-1,-1,-1
3059,43,663,42,23,29,0.5089421272277832,-1,-1,-1,-1
3059,56,645,76,34,38,0.8013563752174377,-1,-1,-1,-1
3060,43,662,41,24,29,0.2811272144317627,-1,-1,-1,-1
3060,56,649,75,35,40,0.7923344373703003,-1,-1,-1,-1
3061,56,654,74,36,41,0.7841988205909729,-1,-1,-1,-1
3062,56,656,74,37,41,0.7846261858940125,-1,-1,-1,-1
3063,56,659,74,37,41,0.7806606888771057,-1,-1,-1,-1
3064,56,665,75,37,41,0.822902262210846,-1,-1,-1,-1
3064,43,660,41,24,29,0.6957699656486511,-1,-1,-1,-1
3065,56,669,76,37,41,0.8158699870109558,-1,-1,-1,-1
3065,43,660,41,24,31,0.6894609928131104,-1,-1,-1,-1
3066,56,676,77,37,41,0.8194120526313782,-1,-1,-1,-1
3066,43,660,40,25,33,0.7082710266113281,-1,-1,-1,-1
3067,56,678,77,37,42,0.8192086219787598,-1,-1,-1,-1
3067,43,660,40,25,33,0.708427369594574,-1,-1,-1,-1
3068,56,680,78,37,41,0.8274662494659424,-1,-1,-1,-1
3068,43,660,40,24,32,0.6974736452102661,-1,-1,-1,-1
3069,56,684,80,38,42,0.8346960544586182,-1,-1,-1,-1
3069,43,660,40,25,31,0.7100195288658142,-1,-1,-1,-1
3070,56,687,81,38,42,0.8359994888305664,-1,-1,-1,-1
3070,43,660,41,25,30,0.7313080430030823,-1,-1,-1,-1
3071,56,691,82,38,44,0.8345496654510498,-1,-1,-1,-1
3071,43,660,41,24,30,0.7812297940254211,-1,-1,-1,-1
3072,56,692,83,38,44,0.8344794511795044,-1,-1,-1,-1
3072,43,660,41,24,30,0.7810839414596558,-1,-1,-1,-1
3073,56,694,84,37,44,0.8302721381187439,-1,-1,-1,-1
3073,43,660,41,24,30,0.7710786461830139,-1,-1,-1,-1
3074,56,696,85,38,46,0.839065432548523,-1,-1,-1,-1
3074,43,660,41,24,30,0.751183032989502,-1,-1,-1,-1
3075,56,698,85,38,47,0.8396586179733276,-1,-1,-1,-1
3075,43,660,40,25,31,0.7524212002754211,-1,-1,-1,-1
3076,56,700,86,39,47,0.8429248929023743,-1,-1,-1,-1
3076,43,661,40,25,32,0.7415353059768677,-1,-1,-1,-1
3077,56,701,86,39,48,0.8428357243537903,-1,-1,-1,-1
3077,43,661,40,25,32,0.7431787848472595,-1,-1,-1,-1
3078,56,702,86,40,48,0.8437608480453491,-1,-1,-1,-1
3078,43,661,40,25,31,0.7532628774642944,-1,-1,-1,-1
3079,56,704,86,41,49,0.8371213674545288,-1,-1,-1,-1
3079,43,661,40,26,31,0.7463252544403076,-1,-1,-1,-1
3080,56,705,86,42,50,0.83447265625,-1,-1,-1,-1
3080,43,662,40,25,31,0.7476800084114075,-1,-1,-1,-1
3081,56,707,87,43,52,0.8417871594429016,-1,-1,-1,-1
3081,43,662,40,26,32,0.7547455430030823,-1,-1,-1,-1
3082,56,708,87,43,53,0.8418067693710327,-1,-1,-1,-1
3082,43,662,40,26,32,0.7549338936805725,-1,-1,-1,-1
3083,56,709,88,44,54,0.8478423357009888,-1,-1,-1,-1
3083,43,663,40,25,32,0.7422971725463867,-1,-1,-1,-1
3084,56,712,91,44,53,0.8429660201072693,-1,-1,-1,-1
3084,43,663,40,26,32,0.7699534893035889,-1,-1,-1,-1
3085,56,714,94,44,53,0.8434343934059143,-1,-1,-1,-1
3085,43,664,40,25,32,0.7658506631851196,-1,-1,-1,-1
3086,56,718,98,45,53,0.8518661260604858,-1,-1,-1,-1
3086,43,664,40,26,32,0.7897684574127197,-1,-1,-1,-1
3087,56,719,99,45,54,0.8518463373184204,-1,-1,-1,-1
3087,43,664,40,26,32,0.7890343070030212,-1,-1,-1,-1
3088,56,721,101,46,54,0.8518601655960083,-1,-1,-1,-1
3088,43,664,40,27,32,0.7834543585777283,-1,-1,-1,-1
3089,56,726,105,46,54,0.850288450717926,-1,-1,-1,-1
3089,43,665,40,26,32,0.7840353846549988,-1,-1,-1,-1
3090,56,730,107,47,55,0.8544178009033203,-1,-1,-1,-1
3090,43,665,40,26,32,0.7992953062057495,-1,-1,-1,-1
3091,56,737,109,47,56,0.8512817621231079,-1,-1,-1,-1
3091,43,666,40,26,32,0.8073577284812927,-1,-1,-1,-1
3092,56,740,110,47,56,0.8513796329498291,-1,-1,-1,-1
3092,43,666,40,26,32,0.8076048493385315,-1,-1,-1,-1
3093,56,743,110,47,57,0.8466947674751282,-1,-1,-1,-1
3093,43,667,40,25,32,0.7887954711914062,-1,-1,-1,-1
3094,56,749,111,48,59,0.8513071537017822,-1,-1,-1,-1
3094,43,667,41,26,31,0.7818433046340942,-1,-1,-1,-1
3095,56,752,112,49,59,0.8519814014434814,-1,-1,-1,-1
3095,43,668,41,25,31,0.7642724514007568,-1,-1,-1,-1
3096,56,756,113,49,59,0.846204400062561,-1,-1,-1,-1
3096,43,669,40,25,32,0.7769485712051392,-1,-1,-1,-1
3097,56,758,113,48,60,0.8466211557388306,-1,-1,-1,-1
3097,43,669,40,25,32,0.7778549790382385,-1,-1,-1,-1
3098,56,759,114,48,60,0.8428938984870911,-1,-1,-1,-1
3098,43,669,41,25,31,0.773293673992157,-1,-1,-1,-1
3099,56,760,116,49,61,0.844822883605957,-1,-1,-1,-1
3099,43,670,41,25,32,0.7380392551422119,-1,-1,-1,-1
3100,56,760,118,50,62,0.845127522945404,-1,-1,-1,-1
3100,43,670,41,25,32,0.7204939126968384,-1,-1,-1,-1
3101,56,760,122,50,63,0.8489217162132263,-1,-1,-1,-1
3101,43,671,41,25,32,0.6815431714057922,-1,-1,-1,-1
3102,56,759,123,51,64,0.8488278388977051,-1,-1,-1,-1
3102,43,671,41,25,32,0.6797468662261963,-1,-1,-1,-1
3103,56,758,126,51,64,0.8492889404296875,-1,-1,-1,-1
3103,43,671,41,25,32,0.6983774304389954,-1,-1,-1,-1
3104,56,755,131,52,65,0.8571640849113464,-1,-1,-1,-1
3104,43,672,41,25,32,0.6851399540901184,-1,-1,-1,-1
3105,56,753,136,52,64,0.8604021668434143,-1,-1,-1,-1
3105,43,672,41,25,32,0.6977565884590149,-1,-1,-1,-1
3106,56,748,140,54,65,0.8535955548286438,-1,-1,-1,-1
3106,43,673,41,25,32,0.5931406617164612,-1,-1,-1,-1
3107,56,747,141,54,66,0.8533633947372437,-1,-1,-1,-1
3107,43,673,41,25,32,0.5866818428039551,-1,-1,-1,-1
3108,56,745,142,55,67,0.8557819128036499,-1,-1,-1,-1
3108,43,673,41,25,32,0.4837348759174347,-1,-1,-1,-1
3109,56,742,144,56,69,0.8653208613395691,-1,-1,-1,-1
3109,43,673,41,25,32,0.5855988264083862,-1,-1,-1,-1
3110,56,741,146,56,70,0.8621326088905334,-1,-1,-1,-1
3110,43,673,41,25,32,0.45402875542640686,-1,-1,-1,-1
3111,56,740,149,58,71,0.8609758019447327,-1,-1,-1,-1
3111,43,674,41,25,32,0.3130705952644348,-1,-1,-1,-1
3112,56,740,150,59,71,0.8609749674797058,-1,-1,-1,-1
3112,43,674,41,25,32,0.296181857585907,-1,-1,-1,-1
3113,56,740,151,60,71,0.8584840893745422,-1,-1,-1,-1
3113,43,674,41,25,33,0.31334057450294495,-1,-1,-1,-1
3114,56,741,153,61,73,0.8597379922866821,-1,-1,-1,-1
3114,43,674,41,25,33,0.48122718930244446,-1,-1,-1,-1
3115,56,742,156,62,74,0.8605980277061462,-1,-1,-1,-1
3115,43,674,41,25,33,0.5500158071517944,-1,-1,-1,-1
3115,57,634,79,24,42,0.6452834010124207,-1,-1,-1,-1
3116,56,744,163,63,75,0.8562532067298889,-1,-1,-1,-1
3116,43,674,41,26,33,0.7319818139076233,-1,-1,-1,-1
3116,57,636,79,28,43,0.7716431021690369,-1,-1,-1,-1
3117,56,745,165,63,76,0.8563317060470581,-1,-1,-1,-1
3117,43,674,41,26,33,0.7381958365440369,-1,-1,-1,-1
3117,57,637,79,29,43,0.7715186476707458,-1,-1,-1,-1
3118,56,746,168,64,78,0.8582301735877991,-1,-1,-1,-1
3118,43,674,41,26,33,0.7040178775787354,-1,-1,-1,-1
3118,57,638,79,31,44,0.7751997113227844,-1,-1,-1,-1
3119,56,749,175,65,80,0.8551091551780701,-1,-1,-1,-1
3119,43,674,41,26,32,0.6556675434112549,-1,-1,-1,-1
3119,57,641,81,34,44,0.8065782189369202,-1,-1,-1,-1
3120,56,751,181,67,81,0.8587002158164978,-1,-1,-1,-1
3120,43,674,41,26,33,0.6119667887687683,-1,-1,-1,-1
3120,57,645,84,36,43,0.7821521759033203,-1,-1,-1,-1
3121,56,754,187,69,84,0.8573055863380432,-1,-1,-1,-1
3121,43,674,41,27,33,0.7204862236976624,-1,-1,-1,-1
3121,57,651,88,38,43,0.8144204616546631,-1,-1,-1,-1
3122,56,756,190,69,85,0.8572124242782593,-1,-1,-1,-1
3122,43,674,41,27,33,0.7235146760940552,-1,-1,-1,-1
3122,57,654,89,39,43,0.8143237829208374,-1,-1,-1,-1
3123,56,758,195,70,84,0.8478516936302185,-1,-1,-1,-1
3123,43,675,41,26,33,0.6756721138954163,-1,-1,-1,-1
3123,57,659,91,38,42,0.8055022358894348,-1,-1,-1,-1
3124,56,759,201,72,87,0.8468915224075317,-1,-1,-1,-1
3124,43,675,41,25,33,0.7031442523002625,-1,-1,-1,-1
3124,57,670,94,38,42,0.8218033909797668,-1,-1,-1,-1
3125,56,759,205,73,89,0.8480889201164246,-1,-1,-1,-1
3125,43,675,41,25,32,0.7803187370300293,-1,-1,-1,-1
3125,57,678,96,38,42,0.8072649836540222,-1,-1,-1,-1
3126,56,756,209,75,93,0.85738205909729,-1,-1,-1,-1
3126,43,675,41,25,33,0.7787494659423828,-1,-1,-1,-1
3126,57,689,97,38,42,0.818177342414856,-1,-1,-1,-1
3127,56,756,210,75,94,0.8576812148094177,-1,-1,-1,-1
3127,43,675,41,25,32,0.7781077027320862,-1,-1,-1,-1
3127,57,694,97,37,43,0.8181959390640259,-1,-1,-1,-1
3128,56,754,212,76,95,0.8607583045959473,-1,-1,-1,-1
3128,43,675,41,25,33,0.7842423915863037,-1,-1,-1,-1
3128,57,697,97,39,43,0.8259048461914062,-1,-1,-1,-1
3129,56,749,217,78,95,0.8568314909934998,-1,-1,-1,-1
3129,43,675,41,25,33,0.7883751392364502,-1,-1,-1,-1
3129,57,704,98,38,43,0.8225386738777161,-1,-1,-1,-1
3130,56,745,223,78,94,0.8585940599441528,-1,-1,-1,-1
3130,43,675,41,26,33,0.7712891697883606,-1,-1,-1,-1
3130,57,707,99,39,44,0.832455039024353,-1,-1,-1,-1
3131,56,737,231,81,98,0.8631201982498169,-1,-1,-1,-1
3131,43,675,42,26,32,0.7751912474632263,-1,-1,-1,-1
3131,57,710,101,40,44,0.8163866400718689,-1,-1,-1,-1
3132,56,734,234,82,99,0.8630441427230835,-1,-1,-1,-1
3132,43,675,42,26,32,0.7753974795341492,-1,-1,-1,-1
3132,57,711,102,40,44,0.8163610696792603,-1,-1,-1,-1
3133,56,730,241,82,99,0.8694496750831604,-1,-1,-1,-1
3133,43,675,42,26,32,0.7799683809280396,-1,-1,-1,-1
3133,57,712,103,39,44,0.8055792450904846,-1,-1,-1,-1
3134,56,719,252,85,102,0.8700159788131714,-1,-1,-1,-1
3134,43,675,41,26,33,0.7544896006584167,-1,-1,-1,-1
3134,57,712,105,39,43,0.7977551817893982,-1,-1,-1,-1
3135,56,710,260,87,105,0.8869625329971313,-1,-1,-1,-1
3135,43,675,42,26,32,0.7709821462631226,-1,-1,-1,-1
3135,57,713,106,38,43,0.7925693392753601,-1,-1,-1,-1
3136,56,697,271,90,108,0.8773453831672668,-1,-1,-1,-1
3136,43,675,42,25,32,0.8039118051528931,-1,-1,-1,-1
3136,57,713,109,38,42,0.8088472485542297,-1,-1,-1,-1
3137,56,692,275,91,109,0.8773143887519836,-1,-1,-1,-1
3137,43,675,42,25,32,0.8039161562919617,-1,-1,-1,-1
3137,57,713,110,38,42,0.8088756799697876,-1,-1,-1,-1
3138,56,686,281,92,110,0.8715629577636719,-1,-1,-1,-1
3138,43,675,42,25,32,0.8087170124053955,-1,-1,-1,-1
3138,57,713,111,39,42,0.8163262009620667,-1,-1,-1,-1
3139,56,676,293,95,112,0.8765650987625122,-1,-1,-1,-1
3139,43,675,42,25,32,0.8086314797401428,-1,-1,-1,-1
3139,57,716,116,37,41,0.7786363959312439,-1,-1,-1,-1
3140,56,669,300,98,118,0.8750497102737427,-1,-1,-1,-1
3140,43,674,42,26,32,0.8025866746902466,-1,-1,-1,-1
3140,57,717,120,38,41,0.7788116931915283,-1,-1,-1,-1
3141,56,662,309,102,124,0.8747040629386902,-1,-1,-1,-1
3141,43,674,42,26,32,0.7950393557548523,-1,-1,-1,-1
3141,57,718,122,37,43,0.2966807186603546,-1,-1,-1,-1
3142,56,660,312,103,127,0.8747599124908447,-1,-1,-1,-1
3142,43,674,41,26,33,0.7944783568382263,-1,-1,-1,-1
3142,57,718,122,38,44,0.29514816403388977,-1,-1,-1,-1
3143,56,657,318,105,128,0.8722151517868042,-1,-1,-1,-1
3143,43,674,42,26,32,0.7995184063911438,-1,-1,-1,-1
3143,57,718,125,38,44,0.7648653984069824,-1,-1,-1,-1
3144,56,653,334,108,130,0.8699505925178528,-1,-1,-1,-1
3144,43,674,42,25,32,0.7724783420562744,-1,-1,-1,-1
3144,57,716,129,40,43,0.819371223449707,-1,-1,-1,-1
3145,56,650,351,111,128,0.8740963339805603,-1,-1,-1,-1
3145,43,674,42,25,32,0.7556465268135071,-1,-1,-1,-1
3145,57,717,131,39,42,0.7605905532836914,-1,-1,-1,-1
3146,56,645,376,115,134,0.8537886142730713,-1,-1,-1,-1
3146,43,674,41,25,33,0.7745477557182312,-1,-1,-1,-1
3146,57,718,131,40,43,0.7627679109573364,-1,-1,-1,-1
3147,56,643,385,116,136,0.8538114428520203,-1,-1,-1,-1
3147,43,673,41,26,33,0.776028573513031,-1,-1,-1,-1
3147,57,719,131,40,43,0.7637680172920227,-1,-1,-1,-1
3148,56,642,402,117,138,0.8557954430580139,-1,-1,-1,-1
3148,43,673,41,26,33,0.789650022983551,-1,-1,-1,-1
3148,57,720,130,41,45,0.8064265847206116,-1,-1,-1,-1
3149,56,638,433,122,139,0.8617434501647949,-1,-1,-1,-1
3149,43,674,41,25,33,0.7804494500160217,-1,-1,-1,-1
3149,57,722,130,43,47,0.8222528696060181,-1,-1,-1,-1
3150,56,636,456,126,141,0.862724244594574,-1,-1,-1,-1
3150,43,674,41,25,33,0.7766169905662537,-1,-1,-1,-1
3150,57,725,131,43,48,0.8257481455802917,-1,-1,-1,-1
3151,56,634,491,132,141,0.864224374294281,-1,-1,-1,-1
3151,43,674,42,25,32,0.760492205619812,-1,-1,-1,-1
3151,57,727,135,43,47,0.7962861061096191,-1,-1,-1,-1
3151,58,644,53,26,32,0.51544588804245,-1,-1,-1,-1
3152,56,633,504,134,142,0.8642814755439758,-1,-1,-1,-1
3152,43,674,42,25,32,0.7592682838439941,-1,-1,-1,-1
3152,57,728,136,43,46,0.7962970733642578,-1,-1,-1,-1
3152,58,644,53,26,32,0.515982449054718,-1,-1,-1,-1
3153,56,631,523,135,141,0.8692423105239868,-1,-1,-1,-1
3153,43,675,42,24,32,0.45893898606300354,-1,-1,-1,-1
3153,57,730,139,43,46,0.7912483811378479,-1,-1,-1,-1
3153,58,647,53,29,33,0.6909520030021667,-1,-1,-1,-1
3154,56,625,559,139,139,0.8592222332954407,-1,-1,-1,-1
3154,57,733,144,42,45,0.6945345997810364,-1,-1,-1,-1
3154,58,652,53,31,35,0.7845221161842346,-1,-1,-1,-1
3155,56,618,588,144,130,0.8567233681678772,-1,-1,-1,-1
3155,57,734,148,42,43,0.7788732051849365,-1,-1,-1,-1
3155,58,656,52,32,37,0.7994834184646606,-1,-1,-1,-1
3156,56,603,622,155,98,0.8235227465629578,-1,-1,-1,-1
3156,57,736,152,42,44,0.7952426671981812,-1,-1,-1,-1
3156,58,662,52,35,39,0.79252028465271,-1,-1,-1,-1
3157,56,598,632,159,88,0.8238186240196228,-1,-1,-1,-1
3157,57,736,153,43,45,0.7944764494895935,-1,-1,-1,-1
3157,58,664,52,36,39,0.792509138584137,-1,-1,-1,-1
3158,56,589,641,157,79,0.7195839881896973,-1,-1,-1,-1
3158,57,738,154,43,46,0.3847048580646515,-1,-1,-1,-1
3158,58,667,53,35,39,0.7914612889289856,-1,-1,-1,-1
3159,58,670,53,37,41,0.7936023473739624,-1,-1,-1,-1
3160,58,672,55,37,40,0.7941797971725464,-1,-1,-1,-1
3160,57,749,160,46,48,0.8035969734191895,-1,-1,-1,-1
3161,58,674,57,38,39,0.8165794610977173,-1,-1,-1,-1
3161,57,757,164,48,51,0.7864640951156616,-1,-1,-1,-1
3162,58,675,58,38,39,0.8165232539176941,-1,-1,-1,-1
3162,57,760,165,48,52,0.7853817939758301,-1,-1,-1,-1
3163,58,676,58,38,39,0.806891143321991,-1,-1,-1,-1
3163,57,765,167,49,53,0.8013055324554443,-1,-1,-1,-1
3164,58,676,58,38,41,0.8166943192481995,-1,-1,-1,-1
3164,57,772,168,51,55,0.8332846164703369,-1,-1,-1,-1
3165,58,676,59,38,41,0.8206202983856201,-1,-1,-1,-1
3165,57,777,170,53,56,0.8228430151939392,-1,-1,-1,-1
3166,58,674,61,38,42,0.8021287322044373,-1,-1,-1,-1
3166,57,782,171,55,58,0.8331292867660522,-1,-1,-1,-1
3167,58,673,61,39,43,0.8021001219749451,-1,-1,-1,-1
3167,57,784,171,55,59,0.8331262469291687,-1,-1,-1,-1
3168,58,672,62,39,44,0.7968336939811707,-1,-1,-1,-1
3168,57,786,172,56,60,0.8270920515060425,-1,-1,-1,-1
3169,58,670,63,39,43,0.8013923168182373,-1,-1,-1,-1
3169,57,790,175,55,60,0.834553062915802,-1,-1,-1,-1
3170,58,669,63,39,46,0.7774308323860168,-1,-1,-1,-1
3170,57,791,179,55,58,0.8332405090332031,-1,-1,-1,-1
3171,58,668,65,39,44,0.7827796339988708,-1,-1,-1,-1
3171,57,789,183,55,59,0.8386014103889465,-1,-1,-1,-1
3172,58,667,65,39,44,0.7824274897575378,-1,-1,-1,-1
3172,57,788,185,56,59,0.8386338949203491,-1,-1,-1,-1
3173,58,668,67,39,43,0.7933531403541565,-1,-1,-1,-1
3173,57,786,187,56,59,0.8431243896484375,-1,-1,-1,-1
3174,58,670,67,39,44,0.8198572993278503,-1,-1,-1,-1
3174,57,780,191,56,61,0.8422168493270874,-1,-1,-1,-1
3175,58,672,67,40,45,0.8328250050544739,-1,-1,-1,-1
3175,57,773,194,57,63,0.8404125571250916,-1,-1,-1,-1
3176,58,676,67,40,46,0.8279638290405273,-1,-1,-1,-1
3176,57,762,199,57,65,0.8554518818855286,-1,-1,-1,-1
3177,58,677,67,41,46,0.8278480172157288,-1,-1,-1,-1
3177,57,757,201,58,66,0.8554164171218872,-1,-1,-1,-1
3178,58,680,67,41,46,0.829072117805481,-1,-1,-1,-1
3178,57,750,202,59,68,0.8606880307197571,-1,-1,-1,-1
3179,58,685,67,42,48,0.8338640332221985,-1,-1,-1,-1
3179,57,737,201,59,74,0.8516231179237366,-1,-1,-1,-1
3180,58,690,69,41,48,0.814320981502533,-1,-1,-1,-1
3180,57,727,204,60,73,0.8470215797424316,-1,-1,-1,-1
3181,58,697,72,42,48,0.8140439391136169,-1,-1,-1,-1
3181,57,715,204,61,75,0.8554241061210632,-1,-1,-1,-1
3182,58,700,73,42,48,0.8139901161193848,-1,-1,-1,-1
3182,57,711,204,61,75,0.8554067611694336,-1,-1,-1,-1
3183,58,704,74,42,49,0.7991868257522583,-1,-1,-1,-1
3183,57,706,203,62,77,0.8516882658004761,-1,-1,-1,-1
3184,58,713,78,42,47,0.8129886388778687,-1,-1,-1,-1
3184,57,701,204,64,79,0.8600961565971375,-1,-1,-1,-1
3185,58,720,81,43,47,0.8112537264823914,-1,-1,-1,-1
3185,57,699,205,64,80,0.8534409999847412,-1,-1,-1,-1
3186,58,732,84,42,46,0.8194916248321533,-1,-1,-1,-1
3186,57,697,209,66,81,0.8644615411758423,-1,-1,-1,-1
3187,58,736,85,41,45,0.8190476894378662,-1,-1,-1,-1
3187,57,697,210,66,82,0.8641922473907471,-1,-1,-1,-1
3188,58,741,85,42,46,0.8115988969802856,-1,-1,-1,-1
3188,57,697,213,67,83,0.8634008169174194,-1,-1,-1,-1
3189,58,748,85,43,46,0.8161123394966125,-1,-1,-1,-1
3189,57,699,222,68,83,0.863029956817627,-1,-1,-1,-1
3190,58,754,85,42,46,0.8116051554679871,-1,-1,-1,-1
3190,57,701,229,69,85,0.8672695159912109,-1,-1,-1,-1
3191,58,760,86,43,47,0.8140512108802795,-1,-1,-1,-1
3191,57,708,243,72,85,0.8605449199676514,-1,-1,-1,-1
3192,58,762,86,43,48,0.8137908577919006,-1,-1,-1,-1
3192,57,711,248,72,86,0.8605096936225891,-1,-1,-1,-1
3193,58,765,87,44,48,0.8220470547676086,-1,-1,-1,-1
3193,57,715,255,74,87,0.8608960509300232,-1,-1,-1,-1
3194,58,770,91,44,47,0.8147513270378113,-1,-1,-1,-1
3194,57,726,268,76,88,0.8523484468460083,-1,-1,-1,-1
3195,58,774,94,44,46,0.8144354820251465,-1,-1,-1,-1
3195,57,735,276,78,90,0.8514911532402039,-1,-1,-1,-1
3196,58,779,98,44,46,0.8126521706581116,-1,-1,-1,-1
3196,57,743,290,83,91,0.8418819904327393,-1,-1,-1,-1
3197,58,780,100,45,46,0.8126248121261597,-1,-1,-1,-1
3197,57,747,295,84,91,0.8418170213699341,-1,-1,-1,-1
3197,59,695,48,17,29,0.39189696311950684,-1,-1,-1,-1
3198,58,782,101,45,48,0.8169288039207458,-1,-1,-1,-1
3198,57,750,297,86,96,0.8605082631111145,-1,-1,-1,-1
3198,59,694,48,21,30,0.5126129984855652,-1,-1,-1,-1
3199,58,784,104,46,50,0.8218213319778442,-1,-1,-1,-1
3199,57,753,304,88,100,0.8590102791786194,-1,-1,-1,-1
3199,59,694,49,23,31,0.6593300700187683,-1,-1,-1,-1
3200,58,784,108,47,51,0.8181946873664856,-1,-1,-1,-1
3200,57,755,310,88,101,0.8631512522697449,-1,-1,-1,-1
3200,59,694,50,23,32,0.6498715281486511,-1,-1,-1,-1
3201,58,782,113,48,51,0.814023494720459,-1,-1,-1,-1
3201,57,753,320,90,102,0.8601496815681458,-1,-1,-1,-1
3201,59,693,51,24,32,0.7345592975616455,-1,-1,-1,-1
3202,58,781,116,48,50,0.8140250444412231,-1,-1,-1,-1
3202,57,752,323,91,103,0.8601693511009216,-1,-1,-1,-1
3202,59,693,51,24,32,0.7342178225517273,-1,-1,-1,-1
3203,58,779,119,48,50,0.8202789425849915,-1,-1,-1,-1
3203,57,749,330,92,103,0.865825355052948,-1,-1,-1,-1
3203,59,692,52,25,32,0.7565288543701172,-1,-1,-1,-1
3204,58,773,121,49,53,0.8196210861206055,-1,-1,-1,-1
3204,57,741,344,96,106,0.8514615893363953,-1,-1,-1,-1
3204,59,692,52,25,33,0.7570906281471252,-1,-1,-1,-1
3205,58,768,121,49,55,0.8211390376091003,-1,-1,-1,-1
3205,57,735,357,96,106,0.861136257648468,-1,-1,-1,-1
3205,59,691,52,26,34,0.7852519750595093,-1,-1,-1,-1
3206,58,760,121,50,56,0.8178187608718872,-1,-1,-1,-1
3206,57,720,378,99,106,0.8574100732803345,-1,-1,-1,-1
3206,59,690,53,27,33,0.8038030862808228,-1,-1,-1,-1
3207,58,757,121,50,56,0.8175396919250488,-1,-1,-1,-1
3207,57,715,385,100,107,0.8574047684669495,-1,-1,-1,-1
3207,59,689,54,28,33,0.8038585186004639,-1,-1,-1,-1
3208,58,754,122,49,54,0.8268276453018188,-1,-1,-1,-1
3208,57,706,395,101,108,0.8577671051025391,-1,-1,-1,-1
3208,59,689,54,27,33,0.8131189942359924,-1,-1,-1,-1
3209,58,747,122,49,53,0.8285559415817261,-1,-1,-1,-1
3209,57,689,416,102,108,0.8578481674194336,-1,-1,-1,-1
3209,59,688,54,27,33,0.8238133788108826,-1,-1,-1,-1
3210,58,742,121,51,53,0.827285885810852,-1,-1,-1,-1
3210,57,675,429,104,110,0.8550909161567688,-1,-1,-1,-1
3210,59,687,55,28,32,0.827579140663147,-1,-1,-1,-1
3211,58,737,122,52,54,0.8286582827568054,-1,-1,-1,-1
3211,57,655,449,107,111,0.8583593964576721,-1,-1,-1,-1
3211,59,686,55,28,33,0.8247869610786438,-1,-1,-1,-1
3212,58,736,122,52,55,0.8286370038986206,-1,-1,-1,-1
3212,57,647,456,109,111,0.8583095669746399,-1,-1,-1,-1
3212,59,686,55,28,33,0.8248080611228943,-1,-1,-1,-1
3213,58,733,123,52,56,0.8331455588340759,-1,-1,-1,-1
3213,57,639,466,111,111,0.8556430339813232,-1,-1,-1,-1
3213,59,685,55,28,33,0.8222840428352356,-1,-1,-1,-1
3214,58,730,124,53,58,0.8276135325431824,-1,-1,-1,-1
3214,57,628,483,114,113,0.8485429883003235,-1,-1,-1,-1
3214,59,685,55,28,33,0.8206438422203064,-1,-1,-1,-1
3215,58,729,126,52,60,0.829740047454834,-1,-1,-1,-1
3215,57,620,494,118,116,0.8610053658485413,-1,-1,-1,-1
3215,59,684,55,28,33,0.820614755153656,-1,-1,-1,-1
3216,58,727,130,54,61,0.8386759757995605,-1,-1,-1,-1
3216,57,612,513,123,120,0.8458701968193054,-1,-1,-1,-1
3216,59,684,55,28,33,0.8231365084648132,-1,-1,-1,-1
3217,58,726,131,55,62,0.8386793732643127,-1,-1,-1,-1
3217,57,609,520,125,122,0.8458197712898254,-1,-1,-1,-1
3217,59,683,55,29,33,0.8231722712516785,-1,-1,-1,-1
3218,58,726,134,55,62,0.8300409317016602,-1,-1,-1,-1
3218,57,605,533,128,122,0.8497231602668762,-1,-1,-1,-1
3218,59,683,56,28,32,0.8247470855712891,-1,-1,-1,-1
3219,58,726,140,55,63,0.8201215267181396,-1,-1,-1,-1
3219,57,601,563,132,123,0.8366701602935791,-1,-1,-1,-1
3219,59,682,55,28,33,0.8212010264396667,-1,-1,-1,-1
3220,58,726,145,55,64,0.8156509399414062,-1,-1,-1,-1
3220,57,600,588,135,122,0.8473827838897705,-1,-1,-1,-1
3220,59,682,55,28,33,0.8142574429512024,-1,-1,-1,-1
3221,58,728,151,55,66,0.818938136100769,-1,-1,-1,-1
3221,57,603,635,140,85,0.6067070364952087,-1,-1,-1,-1
3221,59,681,55,28,33,0.8105353713035583,-1,-1,-1,-1
3222,58,728,153,56,67,0.8184751272201538,-1,-1,-1,-1
3222,57,605,652,141,68,0.6059406995773315,-1,-1,-1,-1
3222,59,681,55,28,33,0.8105411529541016,-1,-1,-1,-1
3223,58,731,157,57,68,0.831823468208313,-1,-1,-1,-1
3223,59,680,55,28,33,0.8102498054504395,-1,-1,-1,-1
3224,58,732,159,57,68,0.831979513168335,-1,-1,-1,-1
3224,59,680,55,27,33,0.8101600408554077,-1,-1,-1,-1
3225,58,734,160,56,68,0.8335046768188477,-1,-1,-1,-1
3225,59,679,55,28,33,0.8049418330192566,-1,-1,-1,-1
3226,58,735,160,58,72,0.8328020572662354,-1,-1,-1,-1
3226,59,679,55,27,33,0.8095979690551758,-1,-1,-1,-1
3227,58,736,160,58,73,0.832779586315155,-1,-1,-1,-1
3227,59,679,55,27,33,0.809717059135437,-1,-1,-1,-1
3228,58,736,160,58,75,0.8333727121353149,-1,-1,-1,-1
3228,59,678,55,28,34,0.8083525896072388,-1,-1,-1,-1
3229,58,736,164,60,75,0.8267024159431458,-1,-1,-1,-1
3229,59,679,56,27,33,0.8038834929466248,-1,-1,-1,-1
3230,58,735,166,60,78,0.8257312774658203,-1,-1,-1,-1
3230,59,679,56,27,33,0.7941154837608337,-1,-1,-1,-1
3231,58,732,170,62,81,0.8122403025627136,-1,-1,-1,-1
3231,59,679,56,28,33,0.8073989152908325,-1,-1,-1,-1
3232,58,731,172,62,82,0.8121594190597534,-1,-1,-1,-1
3232,59,680,55,28,34,0.8071760535240173,-1,-1,-1,-1
3233,58,728,175,64,83,0.8199719190597534,-1,-1,-1,-1
3233,59,680,56,28,33,0.8179250359535217,-1,-1,-1,-1
3234,58,721,188,67,82,0.8205628395080566,-1,-1,-1,-1
3234,59,682,56,27,33,0.8219947218894958,-1,-1,-1,-1
3235,58,716,196,69,84,0.8180272579193115,-1,-1,-1,-1
3235,59,683,56,27,33,0.8192344307899475,-1,-1,-1,-1
3236,58,706,211,72,84,0.8085839152336121,-1,-1,-1,-1
3236,59,684,56,28,34,0.801673173904419,-1,-1,-1,-1
3237,58,703,217,72,83,0.8087135553359985,-1,-1,-1,-1
3237,59,684,56,29,34,0.8016248345375061,-1,-1,-1,-1
3238,58,696,223,76,87,0.7941450476646423,-1,-1,-1,-1
3238,59,685,56,29,34,0.8093181848526001,-1,-1,-1,-1
3239,58,683,237,79,89,0.8177136778831482,-1,-1,-1,-1
3239,59,687,57,29,34,0.8081347942352295,-1,-1,-1,-1
3239,60,639,78,22,36,0.7701799869537354,-1,-1,-1,-1
3240,58,673,249,80,89,0.8312044739723206,-1,-1,-1,-1
3240,59,689,57,28,34,0.8032764792442322,-1,-1,-1,-1
3240,60,640,79,26,36,0.7921562194824219,-1,-1,-1,-1
3241,58,656,263,84,90,0.819283127784729,-1,-1,-1,-1
3241,59,691,58,28,33,0.8177350759506226,-1,-1,-1,-1
3241,60,645,80,29,37,0.8164226412773132,-1,-1,-1,-1
3242,58,649,268,86,90,0.8196753859519958,-1,-1,-1,-1
3242,59,692,58,28,33,0.8177530169487,-1,-1,-1,-1
3242,60,647,80,30,38,0.8164750933647156,-1,-1,-1,-1
3243,58,641,271,88,92,0.8490575551986694,-1,-1,-1,-1
3243,59,693,58,28,33,0.810744047164917,-1,-1,-1,-1
3243,60,650,81,31,38,0.7970258593559265,-1,-1,-1,-1
3244,58,628,277,91,95,0.8349170088768005,-1,-1,-1,-1
3244,59,695,58,28,33,0.8055993914604187,-1,-1,-1,-1
3244,60,657,82,32,39,0.8119360208511353,-1,-1,-1,-1
3245,58,618,280,96,100,0.8549056649208069,-1,-1,-1,-1
3245,59,697,58,28,33,0.8190637826919556,-1,-1,-1,-1
3245,60,663,83,33,41,0.8192300796508789,-1,-1,-1,-1
3246,58,607,286,100,106,0.8453811407089233,-1,-1,-1,-1
3246,59,699,58,28,34,0.8004235029220581,-1,-1,-1,-1
3246,60,672,83,33,42,0.8212523460388184,-1,-1,-1,-1
3247,58,603,288,102,108,0.8453572988510132,-1,-1,-1,-1
3247,59,700,58,28,35,0.8004679083824158,-1,-1,-1,-1
3247,60,675,84,34,41,0.8213157653808594,-1,-1,-1,-1
3248,58,599,292,103,111,0.848182737827301,-1,-1,-1,-1
3248,59,701,58,28,35,0.8008213639259338,-1,-1,-1,-1
3248,60,679,83,34,42,0.805825412273407,-1,-1,-1,-1
3249,58,591,307,108,113,0.851753294467926,-1,-1,-1,-1
3249,59,703,59,29,33,0.765515923500061,-1,-1,-1,-1
3249,60,687,83,35,42,0.8054894804954529,-1,-1,-1,-1
3250,58,585,320,113,117,0.8513818979263306,-1,-1,-1,-1
3250,59,705,59,28,32,0.7474463582038879,-1,-1,-1,-1
3250,60,694,83,34,41,0.8149793744087219,-1,-1,-1,-1
3251,58,577,344,120,120,0.8083873391151428,-1,-1,-1,-1
3251,59,707,60,28,30,0.6445627808570862,-1,-1,-1,-1
3251,60,702,83,35,42,0.8231933116912842,-1,-1,-1,-1
3252,58,574,353,123,121,0.8081597089767456,-1,-1,-1,-1
3252,59,707,60,29,30,0.645329475402832,-1,-1,-1,-1
3252,60,705,83,35,42,0.8231997489929199,-1,-1,-1,-1
3253,58,571,368,125,121,0.7861306071281433,-1,-1,-1,-1
3253,59,709,60,28,29,0.654427170753479,-1,-1,-1,-1
3253,60,709,82,35,43,0.8447912335395813,-1,-1,-1,-1
3254,58,574,394,123,125,0.800934910774231,-1,-1,-1,-1
3254,59,711,61,28,29,0.7184464335441589,-1,-1,-1,-1
3254,60,715,84,35,42,0.820906400680542,-1,-1,-1,-1
3255,58,573,410,126,133,0.7973361015319824,-1,-1,-1,-1
3255,59,712,61,28,31,0.7566779851913452,-1,-1,-1,-1
3255,60,720,84,35,43,0.8247827291488647,-1,-1,-1,-1
3256,58,573,426,134,153,0.8342531323432922,-1,-1,-1,-1
3256,59,713,61,29,33,0.7817348837852478,-1,-1,-1,-1
3256,60,725,86,36,44,0.8234277963638306,-1,-1,-1,-1
3257,58,573,432,136,160,0.8342488408088684,-1,-1,-1,-1
3257,59,714,62,29,33,0.7816699743270874,-1,-1,-1,-1
3257,60,727,87,35,44,0.8233504295349121,-1,-1,-1,-1
3258,58,572,440,143,169,0.8362972140312195,-1,-1,-1,-1
3258,59,715,62,29,34,0.7873628735542297,-1,-1,-1,-1
3258,60,729,88,36,44,0.8529855012893677,-1,-1,-1,-1
3259,58,569,456,150,181,0.8561029434204102,-1,-1,-1,-1
3259,59,716,61,29,36,0.776879608631134,-1,-1,-1,-1
3259,60,732,90,36,45,0.836793839931488,-1,-1,-1,-1
3260,58,565,470,157,187,0.8553939461708069,-1,-1,-1,-1
3260,59,716,61,29,35,0.7927801609039307,-1,-1,-1,-1
3260,60,734,91,37,46,0.8361215591430664,-1,-1,-1,-1
3261,58,555,488,167,199,0.8540033102035522,-1,-1,-1,-1
3261,59,718,61,28,35,0.8050708770751953,-1,-1,-1,-1
3261,60,735,94,37,47,0.8402758836746216,-1,-1,-1,-1
3262,58,552,495,170,203,0.8539767265319824,-1,-1,-1,-1
3262,59,718,61,28,34,0.8051249980926514,-1,-1,-1,-1
3262,60,736,95,37,47,0.8401565551757812,-1,-1,-1,-1
3263,58,545,503,175,209,0.8649625778198242,-1,-1,-1,-1
3263,59,718,61,29,34,0.81647789478302,-1,-1,-1,-1
3263,60,736,96,37,47,0.8461623191833496,-1,-1,-1,-1
3264,58,530,529,183,191,0.8608804941177368,-1,-1,-1,-1
3264,59,719,60,28,35,0.8166747093200684,-1,-1,-1,-1
3264,60,734,99,37,47,0.852241575717926,-1,-1,-1,-1
3265,58,515,547,192,173,0.8588220477104187,-1,-1,-1,-1
3265,59,719,60,28,35,0.8079984188079834,-1,-1,-1,-1
3265,60,732,100,38,49,0.8413792848587036,-1,-1,-1,-1
3266,58,494,581,199,139,0.8124497532844543,-1,-1,-1,-1
3266,59,719,60,28,35,0.81174236536026,-1,-1,-1,-1
3266,60,729,101,38,50,0.8435221314430237,-1,-1,-1,-1
3267,58,486,592,201,128,0.8123680949211121,-1,-1,-1,-1
3267,59,719,59,29,35,0.8118115663528442,-1,-1,-1,-1
3267,60,727,102,39,49,0.8435513377189636,-1,-1,-1,-1
3268,58,473,620,201,100,0.7482535243034363,-1,-1,-1,-1
3268,59,719,59,29,35,0.8132162690162659,-1,-1,-1,-1
3268,60,725,102,39,50,0.8402592539787292,-1,-1,-1,-1
3269,59,719,59,28,35,0.8077750205993652,-1,-1,-1,-1
3269,60,722,103,39,51,0.8380639553070068,-1,-1,-1,-1
3270,59,719,58,28,36,0.8174272179603577,-1,-1,-1,-1
3270,60,720,104,39,51,0.8431739807128906,-1,-1,-1,-1
3271,59,719,57,28,36,0.8125775456428528,-1,-1,-1,-1
3271,60,717,106,40,52,0.8541681170463562,-1,-1,-1,-1
3272,59,718,57,29,35,0.812402606010437,-1,-1,-1,-1
3272,60,716,107,40,51,0.8541455864906311,-1,-1,-1,-1
3273,59,718,56,28,36,0.8125729560852051,-1,-1,-1,-1
3273,60,714,107,40,53,0.8520654439926147,-1,-1,-1,-1
3274,59,718,56,28,36,0.8044030666351318,-1,-1,-1,-1
3274,60,711,109,40,53,0.8527791500091553,-1,-1,-1,-1
3275,59,717,57,28,35,0.8036306500434875,-1,-1,-1,-1
3275,60,708,109,41,54,0.8539559245109558,-1,-1,-1,-1
3276,59,717,56,28,36,0.8073033094406128,-1,-1,-1,-1
3276,60,705,111,41,54,0.8590748906135559,-1,-1,-1,-1
3277,59,717,56,27,36,0.807695209980011,-1,-1,-1,-1
3277,60,704,111,41,55,0.8591227531433105,-1,-1,-1,-1
3277,61,630,44,26,37,0.6538118720054626,-1,-1,-1,-1
3278,59,717,56,27,36,0.8055957555770874,-1,-1,-1,-1
3278,60,702,112,42,55,0.8601792454719543,-1,-1,-1,-1
3278,61,630,44,27,39,0.6797546148300171,-1,-1,-1,-1
3279,59,716,55,28,36,0.8099691867828369,-1,-1,-1,-1
3279,60,699,113,42,57,0.8563241362571716,-1,-1,-1,-1
3279,61,633,41,30,45,0.7735006809234619,-1,-1,-1,-1
3280,59,716,55,28,36,0.8101458549499512,-1,-1,-1,-1
3280,60,697,114,43,57,0.8577265739440918,-1,-1,-1,-1
3280,61,637,40,30,47,0.7794970870018005,-1,-1,-1,-1
3281,59,716,55,28,35,0.8165533542633057,-1,-1,-1,-1
3281,60,695,117,43,57,0.8588385581970215,-1,-1,-1,-1
3281,61,641,40,33,48,0.8058554530143738,-1,-1,-1,-1
3282,59,716,55,28,35,0.816320538520813,-1,-1,-1,-1
3282,60,694,118,43,58,0.8588682413101196,-1,-1,-1,-1
3282,61,642,40,34,49,0.8050795197486877,-1,-1,-1,-1
3283,59,716,55,28,35,0.8150933384895325,-1,-1,-1,-1
3283,60,694,120,43,58,0.8620712161064148,-1,-1,-1,-1
3283,61,644,41,35,48,0.8039231300354004,-1,-1,-1,-1
3284,59,716,55,27,35,0.8211737275123596,-1,-1,-1,-1
3284,60,693,124,44,58,0.8551393151283264,-1,-1,-1,-1
3284,61,648,44,37,48,0.8065701127052307,-1,-1,-1,-1
3285,59,716,54,27,36,0.8264861702919006,-1,-1,-1,-1
3285,60,693,127,44,59,0.8560938239097595,-1,-1,-1,-1
3285,61,653,46,36,48,0.8090147376060486,-1,-1,-1,-1
3286,59,716,54,27,35,0.8263117074966431,-1,-1,-1,-1
3286,60,694,129,44,59,0.8609179258346558,-1,-1,-1,-1
3286,61,659,49,37,48,0.8165304660797119,-1,-1,-1,-1
3287,59,716,54,27,35,0.8263604640960693,-1,-1,-1,-1
3287,60,694,129,45,60,0.8609184622764587,-1,-1,-1,-1
3287,61,661,51,38,48,0.8161672949790955,-1,-1,-1,-1
3288,59,716,54,27,35,0.8241170048713684,-1,-1,-1,-1
3288,60,695,129,45,61,0.8544208407402039,-1,-1,-1,-1
3288,61,665,52,38,48,0.8217044472694397,-1,-1,-1,-1
3289,59,716,54,27,35,0.8212103843688965,-1,-1,-1,-1
3289,60,696,130,46,62,0.8591256141662598,-1,-1,-1,-1
3289,61,672,55,38,48,0.8254585862159729,-1,-1,-1,-1
3290,59,716,54,27,34,0.8073751330375671,-1,-1,-1,-1
3290,60,696,131,47,62,0.8667505979537964,-1,-1,-1,-1
3290,61,677,56,38,49,0.8544846177101135,-1,-1,-1,-1
3291,59,715,54,27,35,0.7461177706718445,-1,-1,-1,-1
3291,60,695,133,48,64,0.8687563538551331,-1,-1,-1,-1
3291,61,686,56,38,50,0.8160155415534973,-1,-1,-1,-1
3292,59,715,53,27,36,0.7469434142112732,-1,-1,-1,-1
3292,60,695,133,49,65,0.8687859773635864,-1,-1,-1,-1
3292,61,689,56,38,50,0.8161828517913818,-1,-1,-1,-1
3293,59,715,53,27,36,0.44124525785446167,-1,-1,-1,-1
3293,60,694,134,49,65,0.8667489886283875,-1,-1,-1,-1
3293,61,693,55,38,51,0.8175109028816223,-1,-1,-1,-1
3294,60,693,136,49,66,0.8677653670310974,-1,-1,-1,-1
3294,61,700,56,40,52,0.8331414461135864,-1,-1,-1,-1
3295,60,691,137,50,67,0.8685169816017151,-1,-1,-1,-1
3295,61,705,58,40,52,0.8242540955543518,-1,-1,-1,-1
3296,60,688,141,50,68,0.8718129992485046,-1,-1,-1,-1
3296,61,711,59,40,53,0.8240171074867249,-1,-1,-1,-1
3297,60,687,142,51,68,0.8718279004096985,-1,-1,-1,-1
3297,61,713,60,40,52,0.8240326642990112,-1,-1,-1,-1
3298,60,685,144,52,69,0.8560866117477417,-1,-1,-1,-1
3298,61,715,59,41,54,0.827584981918335,-1,-1,-1,-1
3299,60,681,148,53,69,0.8627762794494629,-1,-1,-1,-1
3299,61,720,63,40,53,0.82793128490448,-1,-1,-1,-1
3300,60,678,152,53,69,0.8735265135765076,-1,-1,-1,-1
3300,61,722,66,40,52,0.8221678137779236,-1,-1,-1,-1
3300,59,715,54,28,33,0.5345603227615356,-1,-1,-1,-1
3301,60,672,158,54,71,0.8669288158416748,-1,-1,-1,-1
3301,61,725,70,40,52,0.8385211825370789,-1,-1,-1,-1
3301,59,714,53,29,33,0.7502595782279968,-1,-1,-1,-1
3302,60,669,160,55,71,0.867075502872467,-1,-1,-1,-1
3302,61,725,72,41,51,0.8383628726005554,-1,-1,-1,-1
3302,59,714,53,28,33,0.7490746974945068,-1,-1,-1,-1
3303,60,665,163,55,72,0.8745827078819275,-1,-1,-1,-1
3303,61,726,73,41,52,0.8358299136161804,-1,-1,-1,-1
3303,59,714,52,28,34,0.7741932272911072,-1,-1,-1,-1
3304,60,658,164,56,73,0.8713636994361877,-1,-1,-1,-1
3304,61,726,75,42,54,0.8372838497161865,-1,-1,-1,-1
3304,59,713,52,29,34,0.7551475167274475,-1,-1,-1,-1
3305,60,652,164,56,74,0.8648120760917664,-1,-1,-1,-1
3305,61,725,76,43,56,0.840497612953186,-1,-1,-1,-1
3305,59,713,52,29,34,0.7323702573776245,-1,-1,-1,-1
3306,60,644,162,58,76,0.8708473443984985,-1,-1,-1,-1
3306,61,723,80,43,55,0.8456512093544006,-1,-1,-1,-1
3306,59,713,52,29,33,0.606205940246582,-1,-1,-1,-1
3307,60,641,161,58,76,0.8707993030548096,-1,-1,-1,-1
3307,61,722,81,43,55,0.84568190574646,-1,-1,-1,-1
3307,59,713,52,29,33,0.6051348447799683,-1,-1,-1,-1
3308,60,637,161,59,77,0.8705834746360779,-1,-1,-1,-1
3308,61,721,82,43,55,0.8448670506477356,-1,-1,-1,-1
3308,59,713,52,28,33,0.57660973072052,-1,-1,-1,-1
3309,60,631,162,60,77,0.8662004470825195,-1,-1,-1,-1
3309,61,718,82,45,56,0.8435862064361572,-1,-1,-1,-1
3309,59,713,53,28,31,0.6942326426506042,-1,-1,-1,-1
3310,60,626,163,61,79,0.8613995909690857,-1,-1,-1,-1
3310,61,717,83,44,55,0.8417378664016724,-1,-1,-1,-1
3310,59,713,52,27,32,0.5091502070426941,-1,-1,-1,-1
3311,60,621,165,61,79,0.8540504574775696,-1,-1,-1,-1
3311,61,715,84,45,56,0.8389032483100891,-1,-1,-1,-1
3312,60,619,166,61,78,0.8539924621582031,-1,-1,-1,-1
3312,61,714,84,46,56,0.8383640646934509,-1,-1,-1,-1
3313,60,616,167,62,80,0.8625907301902771,-1,-1,-1,-1
3313,61,713,85,46,57,0.8423498868942261,-1,-1,-1,-1
3314,60,612,171,63,81,0.8599207997322083,-1,-1,-1,-1
3314,61,713,86,46,58,0.8471681475639343,-1,-1,-1,-1
3314,59,712,52,27,32,0.3353241980075836,-1,-1,-1,-1
3315,60,609,175,64,82,0.8736926317214966,-1,-1,-1,-1
3315,61,713,87,47,59,0.8519178032875061,-1,-1,-1,-1
3315,59,711,52,28,32,0.4953348636627197,-1,-1,-1,-1
3316,60,607,180,64,84,0.8582398295402527,-1,-1,-1,-1
3316,61,713,91,48,58,0.8463318943977356,-1,-1,-1,-1
3316,59,712,53,27,32,0.6361194849014282,-1,-1,-1,-1
3317,60,606,182,65,85,0.8580702543258667,-1,-1,-1,-1
3317,61,713,92,49,58,0.846430242061615,-1,-1,-1,-1
3317,59,712,53,27,32,0.6075218319892883,-1,-1,-1,-1
3318,60,605,186,65,85,0.8582421541213989,-1,-1,-1,-1
3318,61,714,92,49,60,0.8437009453773499,-1,-1,-1,-1
3318,59,711,53,28,33,0.675646960735321,-1,-1,-1,-1
3319,60,605,192,66,87,0.860975444316864,-1,-1,-1,-1
3319,61,715,95,50,62,0.8418765068054199,-1,-1,-1,-1
3319,59,711,54,28,34,0.767434298992157,-1,-1,-1,-1
3320,60,604,197,68,89,0.8630908727645874,-1,-1,-1,-1
3320,61,716,98,50,63,0.8461133241653442,-1,-1,-1,-1
3320,59,712,55,27,35,0.7928988337516785,-1,-1,-1,-1
3321,60,605,206,69,89,0.8644645810127258,-1,-1,-1,-1
3321,61,718,104,51,64,0.853371798992157,-1,-1,-1,-1
3321,59,712,56,28,35,0.7961137890815735,-1,-1,-1,-1
3322,60,606,209,69,90,0.8645780086517334,-1,-1,-1,-1
3322,61,719,106,51,64,0.8534712791442871,-1,-1,-1,-1
3322,59,712,57,28,34,0.7966198921203613,-1,-1,-1,-1
3323,60,607,213,69,90,0.8621047139167786,-1,-1,-1,-1
3323,61,721,109,52,65,0.8537100553512573,-1,-1,-1,-1
3323,59,713,58,27,35,0.7982695698738098,-1,-1,-1,-1
3324,60,608,219,72,92,0.8636053204536438,-1,-1,-1,-1
3324,61,725,113,52,66,0.8423420190811157,-1,-1,-1,-1
3324,59,714,60,28,34,0.8155347108840942,-1,-1,-1,-1
3325,60,610,224,72,93,0.8713054060935974,-1,-1,-1,-1
3325,61,728,116,53,66,0.8538235425949097,-1,-1,-1,-1
3325,59,714,62,29,34,0.8118980526924133,-1,-1,-1,-1
3326,60,611,232,73,93,0.866788387298584,-1,-1,-1,-1
3326,61,733,119,54,66,0.847220242023468,-1,-1,-1,-1
3326,59,716,64,28,35,0.8132908344268799,-1,-1,-1,-1
3327,60,611,235,74,94,0.8669061064720154,-1,-1,-1,-1
3327,61,735,120,55,66,0.8472850918769836,-1,-1,-1,-1
3327,59,716,65,28,35,0.8136177659034729,-1,-1,-1,-1
3328,60,611,238,75,96,0.8584074378013611,-1,-1,-1,-1
3328,61,738,121,54,66,0.8532828092575073,-1,-1,-1,-1
3328,59,717,66,29,35,0.7995396852493286,-1,-1,-1,-1
3329,60,610,244,77,100,0.866547703742981,-1,-1,-1,-1
3329,61,741,122,56,69,0.8491596579551697,-1,-1,-1,-1
3329,59,720,67,29,36,0.8024914860725403,-1,-1,-1,-1
3330,60,609,250,79,102,0.8631800413131714,-1,-1,-1,-1
3330,61,743,124,57,70,0.8409817814826965,-1,-1,-1,-1
3330,59,722,69,29,35,0.8175992369651794,-1,-1,-1,-1
3331,60,607,261,81,104,0.865275502204895,-1,-1,-1,-1
3331,61,744,126,58,73,0.8396511673927307,-1,-1,-1,-1
3331,59,725,70,29,35,0.802081823348999,-1,-1,-1,-1
3332,60,607,265,81,105,0.8651934862136841,-1,-1,-1,-1
3332,61,745,127,58,74,0.8396811485290527,-1,-1,-1,-1
3332,59,726,70,30,35,0.8021206855773926,-1,-1,-1,-1
3333,60,606,270,82,107,0.866925060749054,-1,-1,-1,-1
3333,61,745,128,59,75,0.839779257774353,-1,-1,-1,-1
3333,59,727,70,30,35,0.7992583513259888,-1,-1,-1,-1
3334,60,603,283,84,110,0.8647965788841248,-1,-1,-1,-1
3334,61,745,130,60,77,0.8413063287734985,-1,-1,-1,-1
3334,59,729,71,30,35,0.8300871253013611,-1,-1,-1,-1
3335,60,600,292,87,114,0.8681339025497437,-1,-1,-1,-1
3335,61,744,133,61,78,0.8381636738777161,-1,-1,-1,-1
3335,59,730,72,30,35,0.8279956579208374,-1,-1,-1,-1
3336,60,596,309,88,116,0.8648374676704407,-1,-1,-1,-1
3336,61,743,138,61,79,0.8514155149459839,-1,-1,-1,-1
3336,59,732,72,30,36,0.8217629790306091,-1,-1,-1,-1
3337,60,594,315,89,117,0.8648106455802917,-1,-1,-1,-1
3337,61,742,140,61,79,0.8513818979263306,-1,-1,-1,-1
3337,59,733,72,30,36,0.8218544721603394,-1,-1,-1,-1
3338,60,590,325,90,118,0.8736555576324463,-1,-1,-1,-1
3338,61,741,143,62,79,0.8558508157730103,-1,-1,-1,-1
3338,59,733,73,31,35,0.8270294666290283,-1,-1,-1,-1
3339,60,582,339,93,124,0.8741090893745422,-1,-1,-1,-1
3339,61,738,148,63,79,0.8606286644935608,-1,-1,-1,-1
3339,59,734,74,31,36,0.8316922783851624,-1,-1,-1,-1
3339,62,636,48,22,32,0.6229650378227234,-1,-1,-1,-1
3340,60,576,349,95,128,0.8747560381889343,-1,-1,-1,-1
3340,61,735,153,64,78,0.8573291897773743,-1,-1,-1,-1
3340,59,734,75,31,36,0.8373584151268005,-1,-1,-1,-1
3340,62,639,50,21,31,0.6548779606819153,-1,-1,-1,-1
3341,60,565,362,99,134,0.8758667707443237,-1,-1,-1,-1
3341,61,730,158,65,79,0.8680106997489929,-1,-1,-1,-1
3341,59,734,76,31,37,0.8268362283706665,-1,-1,-1,-1
3341,62,641,52,22,31,0.668938934803009,-1,-1,-1,-1
3342,60,561,366,100,136,0.8759686946868896,-1,-1,-1,-1
3342,61,729,160,65,79,0.8682200312614441,-1,-1,-1,-1
3342,59,734,76,31,37,0.8268475532531738,-1,-1,-1,-1
3342,62,641,52,22,31,0.6690883040428162,-1,-1,-1,-1
3343,60,556,372,102,140,0.880364716053009,-1,-1,-1,-1
3343,61,725,163,66,79,0.8566423058509827,-1,-1,-1,-1
3343,59,733,77,32,38,0.8307462334632874,-1,-1,-1,-1
3343,62,641,53,24,31,0.6437039375305176,-1,-1,-1,-1
3344,60,548,387,105,145,0.8822266459465027,-1,-1,-1,-1
3344,61,719,168,67,80,0.8674861192703247,-1,-1,-1,-1
3344,59,732,78,31,38,0.8373802900314331,-1,-1,-1,-1
3344,62,643,55,25,31,0.5997658371925354,-1,-1,-1,-1
3345,60,543,400,106,149,0.8853341341018677,-1,-1,-1,-1
3345,61,713,170,68,82,0.8681824207305908,-1,-1,-1,-1
3345,59,730,80,32,38,0.8376328349113464,-1,-1,-1,-1
3345,62,644,56,26,32,0.7017607092857361,-1,-1,-1,-1
3346,60,535,421,111,154,0.8806140422821045,-1,-1,-1,-1
3346,61,705,174,69,83,0.8634658455848694,-1,-1,-1,-1
3346,59,727,81,33,39,0.8243803381919861,-1,-1,-1,-1
3346,62,647,58,26,31,0.6834884285926819,-1,-1,-1,-1
3347,60,533,429,112,156,0.8805536031723022,-1,-1,-1,-1
3347,61,702,176,69,82,0.8635305762290955,-1,-1,-1,-1
3347,59,727,81,32,39,0.8243853449821472,-1,-1,-1,-1
3347,62,648,58,26,31,0.6834298968315125,-1,-1,-1,-1
3348,60,529,440,115,160,0.8794506192207336,-1,-1,-1,-1
3348,61,697,175,71,85,0.8625435829162598,-1,-1,-1,-1
3348,59,725,81,33,40,0.8258249759674072,-1,-1,-1,-1
3348,62,649,59,26,31,0.6945058107376099,-1,-1,-1,-1
3349,60,525,466,117,163,0.8766865134239197,-1,-1,-1,-1
3349,61,689,175,73,88,0.8613723516464233,-1,-1,-1,-1
3349,59,723,82,33,40,0.8323965072631836,-1,-1,-1,-1
3349,62,653,60,26,31,0.7191998958587646,-1,-1,-1,-1
3350,60,521,487,121,167,0.8782650232315063,-1,-1,-1,-1
3350,61,684,176,74,90,0.8689137697219849,-1,-1,-1,-1
3350,59,721,82,34,41,0.8306754231452942,-1,-1,-1,-1
3350,62,655,60,26,32,0.622512698173523,-1,-1,-1,-1
3351,60,518,521,125,169,0.8782414793968201,-1,-1,-1,-1
3351,61,676,179,76,93,0.8578731417655945,-1,-1,-1,-1
3351,59,720,83,34,41,0.837312638759613,-1,-1,-1,-1
3351,62,657,61,27,32,0.6670800447463989,-1,-1,-1,-1
3352,60,517,534,126,170,0.8783066272735596,-1,-1,-1,-1
3352,61,673,180,77,94,0.8578076362609863,-1,-1,-1,-1
3352,59,719,84,35,41,0.8372957110404968,-1,-1,-1,-1
3352,62,658,62,27,32,0.6668699383735657,-1,-1,-1,-1
3353,60,516,555,128,165,0.8750186562538147,-1,-1,-1,-1
3353,61,670,181,78,97,0.8811923265457153,-1,-1,-1,-1
3353,59,719,85,34,40,0.8364048004150391,-1,-1,-1,-1
3353,62,659,63,27,31,0.6528283357620239,-1,-1,-1,-1
3354,60,516,595,131,125,0.8724406957626343,-1,-1,-1,-1
3354,61,664,183,79,101,0.8722355961799622,-1,-1,-1,-1
3354,59,718,86,34,41,0.842311441898346,-1,-1,-1,-1
3354,62,662,64,27,31,0.7400377988815308,-1,-1,-1,-1
3355,60,517,626,134,94,0.8092154264450073,-1,-1,-1,-1
3355,61,660,190,80,100,0.8679628968238831,-1,-1,-1,-1
3355,59,718,87,34,41,0.8444033861160278,-1,-1,-1,-1
3355,62,663,65,28,31,0.7546758055686951,-1,-1,-1,-1
3356,61,654,198,81,103,0.8695355653762817,-1,-1,-1,-1
3356,59,718,89,35,42,0.8509232401847839,-1,-1,-1,-1
3356,62,664,66,29,31,0.7821985483169556,-1,-1,-1,-1
3357,61,652,201,82,103,0.8697949051856995,-1,-1,-1,-1
3357,59,718,90,35,42,0.8509162664413452,-1,-1,-1,-1
3357,62,664,66,29,32,0.7822208404541016,-1,-1,-1,-1
3358,61,649,207,84,104,0.8787338733673096,-1,-1,-1,-1
3358,59,718,91,35,42,0.8432728052139282,-1,-1,-1,-1
3358,62,665,67,30,32,0.8105564117431641,-1,-1,-1,-1
3359,61,645,222,85,102,0.8803870677947998,-1,-1,-1,-1
3359,59,719,94,36,42,0.8426865935325623,-1,-1,-1,-1
3359,62,666,68,30,32,0.8155227303504944,-1,-1,-1,-1
3360,61,642,232,86,103,0.8795792460441589,-1,-1,-1,-1
3360,59,721,96,35,42,0.8293823003768921,-1,-1,-1,-1
3360,62,667,68,31,33,0.8232814073562622,-1,-1,-1,-1
3361,61,639,243,89,108,0.8756306171417236,-1,-1,-1,-1
3361,59,724,98,35,42,0.8319268822669983,-1,-1,-1,-1
3361,62,669,70,32,33,0.8115559816360474,-1,-1,-1,-1
3362,61,638,247,90,109,0.8757193684577942,-1,-1,-1,-1
3362,59,725,99,35,42,0.8319336771965027,-1,-1,-1,-1
3362,62,670,70,32,33,0.8114774823188782,-1,-1,-1,-1
3363,61,638,253,90,111,0.874963641166687,-1,-1,-1,-1
3363,59,727,99,35,43,0.8417633771896362,-1,-1,-1,-1
3363,62,671,71,32,33,0.8093351125717163,-1,-1,-1,-1
3364,61,637,261,93,116,0.8850294351577759,-1,-1,-1,-1
3364,59,730,99,36,44,0.8406205773353577,-1,-1,-1,-1
3364,62,674,73,32,33,0.8276934623718262,-1,-1,-1,-1
3365,61,637,270,96,117,0.8749434947967529,-1,-1,-1,-1
3365,59,733,99,37,45,0.8410859704017639,-1,-1,-1,-1
3365,62,677,74,31,33,0.8362533450126648,-1,-1,-1,-1
3366,61,636,283,99,120,0.8744218945503235,-1,-1,-1,-1
3366,59,736,100,37,45,0.8465219736099243,-1,-1,-1,-1
3366,62,680,74,32,34,0.825182318687439,-1,-1,-1,-1
3367,61,635,288,102,120,0.8741332292556763,-1,-1,-1,-1
3367,59,737,100,38,46,0.8465021848678589,-1,-1,-1,-1
3367,62,681,75,32,33,0.8251618146896362,-1,-1,-1,-1
3368,61,634,295,103,122,0.8788315653800964,-1,-1,-1,-1
3368,59,738,100,38,46,0.8534144163131714,-1,-1,-1,-1
3368,62,683,75,33,34,0.8258218169212341,-1,-1,-1,-1
3369,61,629,309,108,126,0.8691142201423645,-1,-1,-1,-1
3369,59,740,101,38,47,0.842674970626831,-1,-1,-1,-1
3369,62,686,75,33,35,0.8395035266876221,-1,-1,-1,-1
3370,61,624,319,111,130,0.864966869354248,-1,-1,-1,-1
3370,59,740,102,40,48,0.8474395871162415,-1,-1,-1,-1
3370,62,689,76,33,34,0.834594190120697,-1,-1,-1,-1
3371,61,615,336,116,134,0.8553553223609924,-1,-1,-1,-1
3371,59,740,105,40,49,0.8467207551002502,-1,-1,-1,-1
3371,62,692,77,33,35,0.8157067894935608,-1,-1,-1,-1
3372,61,612,342,117,136,0.8554285764694214,-1,-1,-1,-1
3372,59,740,106,40,49,0.8466412425041199,-1,-1,-1,-1
3372,62,693,78,33,34,0.8154817819595337,-1,-1,-1,-1
3373,61,606,356,120,134,0.8319571614265442,-1,-1,-1,-1
3373,59,739,107,41,50,0.8461838364601135,-1,-1,-1,-1
3373,62,694,78,33,35,0.8174958825111389,-1,-1,-1,-1
3374,61,594,376,122,139,0.8584399223327637,-1,-1,-1,-1
3374,59,737,110,41,51,0.8522859215736389,-1,-1,-1,-1
3374,62,696,79,34,36,0.8277395367622375,-1,-1,-1,-1
3375,61,583,391,125,145,0.8383937478065491,-1,-1,-1,-1
3375,59,735,112,41,52,0.8557929992675781,-1,-1,-1,-1
3375,62,697,79,35,38,0.8306852579116821,-1,-1,-1,-1
3376,61,566,415,130,154,0.8419530987739563,-1,-1,-1,-1
3376,59,731,115,41,53,0.8530566096305847,-1,-1,-1,-1
3376,62,699,80,35,39,0.8157903552055359,-1,-1,-1,-1
3377,61,560,425,131,156,0.8419228792190552,-1,-1,-1,-1
3377,59,729,116,42,54,0.8530901074409485,-1,-1,-1,-1
3377,62,699,81,35,39,0.8158994317054749,-1,-1,-1,-1
3378,61,551,441,132,156,0.8459109663963318,-1,-1,-1,-1
3378,59,726,117,43,55,0.8505847454071045,-1,-1,-1,-1
3378,62,700,81,35,40,0.8103044629096985,-1,-1,-1,-1
3379,61,530,477,137,150,0.8483124375343323,-1,-1,-1,-1
3379,59,722,117,43,56,0.8601948618888855,-1,-1,-1,-1
3379,62,701,84,35,40,0.7780742645263672,-1,-1,-1,-1
3380,61,513,500,140,150,0.8471670746803284,-1,-1,-1,-1
3380,59,718,117,44,57,0.8598909974098206,-1,-1,-1,-1
3380,62,701,85,36,40,0.7397149801254272,-1,-1,-1,-1
3381,61,486,524,144,156,0.8457722067832947,-1,-1,-1,-1
3381,59,715,117,44,59,0.8589435815811157,-1,-1,-1,-1
3381,62,700,88,36,38,0.698188066482544,-1,-1,-1,-1
3382,61,476,532,146,159,0.8458065390586853,-1,-1,-1,-1
3382,59,713,117,45,60,0.8590021729469299,-1,-1,-1,-1
3382,62,700,89,36,37,0.698796272277832,-1,-1,-1,-1
3383,61,462,544,148,161,0.8692994117736816,-1,-1,-1,-1
3383,59,711,117,45,60,0.8608075976371765,-1,-1,-1,-1
3383,62,700,91,36,36,0.6017183065414429,-1,-1,-1,-1
3384,61,436,574,150,146,0.848448634147644,-1,-1,-1,-1
3384,59,709,119,46,61,0.8606553673744202,-1,-1,-1,-1
3384,62,699,91,36,36,0.25424036383628845,-1,-1,-1,-1
3385,61,414,602,154,118,0.8299610614776611,-1,-1,-1,-1
3385,59,707,120,46,62,0.8564777970314026,-1,-1,-1,-1
3385,62,698,91,37,37,0.2686508893966675,-1,-1,-1,-1
3386,59,705,124,47,62,0.8590036630630493,-1,-1,-1,-1
3386,62,697,91,37,39,0.6222595572471619,-1,-1,-1,-1
3387,59,704,125,48,63,0.8590537905693054,-1,-1,-1,-1
3387,62,697,91,37,39,0.6243436336517334,-1,-1,-1,-1
3388,59,704,128,48,63,0.8578124642372131,-1,-1,-1,-1
3388,62,696,92,39,39,0.7221052646636963,-1,-1,-1,-1
3389,59,703,133,49,65,0.8632559180259705,-1,-1,-1,-1
3389,62,696,92,39,40,0.7537634968757629,-1,-1,-1,-1
3390,59,703,137,50,66,0.8596160411834717,-1,-1,-1,-1
3390,62,696,92,39,42,0.7583336234092712,-1,-1,-1,-1
3391,59,704,144,51,67,0.8623021245002747,-1,-1,-1,-1
3391,62,697,91,39,44,0.7776784300804138,-1,-1,-1,-1
3392,59,704,146,52,68,0.8620039820671082,-1,-1,-1,-1
3392,62,697,90,39,46,0.7772461771965027,-1,-1,-1,-1
3393,59,705,149,53,68,0.8689228296279907,-1,-1,-1,-1
3393,62,698,90,39,46,0.8144480586051941,-1,-1,-1,-1
3394,59,707,153,53,69,0.8676536083221436,-1,-1,-1,-1
3394,62,700,90,39,48,0.809424877166748,-1,-1,-1,-1
3395,59,708,155,54,71,0.8690482974052429,-1,-1,-1,-1
3395,62,702,91,39,48,0.809575617313385,-1,-1,-1,-1
3396,59,709,158,54,73,0.8722665309906006,-1,-1,-1,-1
3396,62,705,93,39,47,0.8141574859619141,-1,-1,-1,-1
3397,59,709,158,55,75,0.872266411781311,-1,-1,-1,-1
3397,62,706,93,39,47,0.8142868280410767,-1,-1,-1,-1
3398,59,708,160,56,75,0.8740564584732056,-1,-1,-1,-1
3398,62,708,94,39,47,0.81132972240448,-1,-1,-1,-1
3399,59,706,164,58,75,0.8700993061065674,-1,-1,-1,-1
3399,62,713,96,39,47,0.8140929341316223,-1,-1,-1,-1
3400,59,705,168,58,76,0.8688123226165771,-1,-1,-1,-1
3400,62,717,98,39,47,0.8138425350189209,-1,-1,-1,-1
3401,59,701,174,59,78,0.8709090352058411,-1,-1,-1,-1
3401,62,724,100,39,48,0.8318938612937927,-1,-1,-1,-1
3402,59,700,176,60,79,0.8708623647689819,-1,-1,-1,-1
3402,62,727,100,39,49,0.8318134546279907,-1,-1,-1,-1
3403,59,697,180,61,80,0.8736249804496765,-1,-1,-1,-1
3403,62,731,102,39,48,0.8279222846031189,-1,-1,-1,-1
3404,59,692,189,62,81,0.8731802701950073,-1,-1,-1,-1
3404,62,739,105,39,48,0.8339632749557495,-1,-1,-1,-1
3405,59,687,195,63,82,0.8731672763824463,-1,-1,-1,-1
3405,62,744,107,40,47,0.8305213451385498,-1,-1,-1,-1
3406,59,679,202,65,85,0.8726009726524353,-1,-1,-1,-1
3406,62,751,108,40,49,0.8370804786682129,-1,-1,-1,-1
3407,59,676,204,66,87,0.8724997639656067,-1,-1,-1,-1
3407,62,754,108,40,50,0.8369749188423157,-1,-1,-1,-1
3408,59,672,206,67,88,0.8684497475624084,-1,-1,-1,-1
3408,62,757,108,40,51,0.8378633260726929,-1,-1,-1,-1
3409,59,665,212,69,90,0.8775948286056519,-1,-1,-1,-1
3409,62,761,109,41,51,0.8403645753860474,-1,-1,-1,-1
3410,59,660,215,70,94,0.8686902523040771,-1,-1,-1,-1
3410,62,764,109,42,52,0.834664523601532,-1,-1,-1,-1
3411,59,655,221,72,97,0.8634392619132996,-1,-1,-1,-1
3411,62,768,109,42,53,0.8199161291122437,-1,-1,-1,-1
3412,59,653,222,72,99,0.8633444905281067,-1,-1,-1,-1
3412,62,770,108,41,54,0.8199949860572815,-1,-1,-1,-1
3413,59,650,226,74,100,0.8520792722702026,-1,-1,-1,-1
3413,62,771,108,42,55,0.8218117952346802,-1,-1,-1,-1
3414,59,646,236,76,102,0.8669301867485046,-1,-1,-1,-1
3414,62,773,109,41,54,0.8253878355026245,-1,-1,-1,-1
3415,59,643,244,78,104,0.8627344965934753,-1,-1,-1,-1
3415,62,773,110,42,53,0.8219342827796936,-1,-1,-1,-1
3416,59,640,259,80,106,0.8655335307121277,-1,-1,-1,-1
3416,62,774,111,41,52,0.8160082697868347,-1,-1,-1,-1
3417,59,639,265,80,106,0.8654561042785645,-1,-1,-1,-1
3417,62,774,111,42,52,0.8152350187301636,-1,-1,-1,-1
3418,59,637,272,82,108,0.868232250213623,-1,-1,-1,-1
3418,62,775,112,40,51,0.8169935345649719,-1,-1,-1,-1
3419,59,636,288,84,109,0.8681585192680359,-1,-1,-1,-1
3419,62,775,114,40,49,0.8270145058631897,-1,-1,-1,-1
3420,59,635,299,86,112,0.8817468285560608,-1,-1,-1,-1
3420,62,775,115,40,48,0.8288913369178772,-1,-1,-1,-1
3421,59,634,313,89,117,0.8694677948951721,-1,-1,-1,-1
3421,62,775,115,39,48,0.8304217457771301,-1,-1,-1,-1
3422,59,633,319,91,118,0.8694621920585632,-1,-1,-1,-1
3422,62,774,115,39,48,0.8304317593574524,-1,-1,-1,-1
3423,59,633,327,92,119,0.8712821006774902,-1,-1,-1,-1
3423,62,774,115,38,48,0.8292707204818726,-1,-1,-1,-1
3424,59,630,341,95,122,0.8738811612129211,-1,-1,-1,-1
3424,62,773,115,37,47,0.8294894099235535,-1,-1,-1,-1
3425,59,627,353,97,123,0.869435727596283,-1,-1,-1,-1
3425,62,772,115,36,47,0.831940233707428,-1,-1,-1,-1
3426,59,621,372,101,126,0.87119060754776,-1,-1,-1,-1
3426,62,770,115,34,47,0.8148122429847717,-1,-1,-1,-1
3427,59,619,379,102,127,0.8712067008018494,-1,-1,-1,-1
3427,62,769,115,33,47,0.8148077726364136,-1,-1,-1,-1
3428,59,614,390,105,128,0.8690048456192017,-1,-1,-1,-1
3428,62,768,115,33,47,0.8139971494674683,-1,-1,-1,-1
3429,59,606,415,107,130,0.8682551383972168,-1,-1,-1,-1
3429,62,767,115,33,47,0.8131281137466431,-1,-1,-1,-1
3430,59,598,437,110,130,0.8613405227661133,-1,-1,-1,-1
3430,62,767,115,33,48,0.813205361366272,-1,-1,-1,-1
3431,59,585,470,113,131,0.8551630973815918,-1,-1,-1,-1
3431,62,767,115,34,48,0.8155501484870911,-1,-1,-1,-1
3432,59,579,483,114,130,0.8551300168037415,-1,-1,-1,-1
3432,62,767,115,35,48,0.8154556155204773,-1,-1,-1,-1
3433,59,571,502,116,128,0.8605146408081055,-1,-1,-1,-1
3433,62,768,115,34,49,0.8122418522834778,-1,-1,-1,-1
3434,59,555,533,120,125,0.8561403751373291,-1,-1,-1,-1
3434,62,768,116,34,48,0.8089168071746826,-1,-1,-1,-1
3435,59,542,556,123,124,0.8455795049667358,-1,-1,-1,-1
3435,62,769,116,33,49,0.8062888383865356,-1,-1,-1,-1
3436,59,524,590,129,122,0.8603131175041199,-1,-1,-1,-1
3436,62,768,117,34,48,0.8051535487174988,-1,-1,-1,-1
3437,59,517,602,131,118,0.8603466749191284,-1,-1,-1,-1
3437,62,768,117,34,48,0.8057274222373962,-1,-1,-1,-1
3438,59,509,619,134,101,0.8578984141349792,-1,-1,-1,-1
3438,62,768,118,33,47,0.807812511920929,-1,-1,-1,-1
3439,59,496,656,138,64,0.7412811517715454,-1,-1,-1,-1
3439,62,766,120,32,46,0.8110194206237793,-1,-1,-1,-1
3440,62,764,120,30,46,0.7985497117042542,-1,-1,-1,-1
3441,62,760,121,29,46,0.7691080570220947,-1,-1,-1,-1
3442,62,759,121,29,46,0.7691110372543335,-1,-1,-1,-1
3443,62,757,120,30,48,0.754332959651947,-1,-1,-1,-1
3444,62,753,121,30,48,0.7382538914680481,-1,-1,-1,-1
3445,62,750,122,31,47,0.7527492642402649,-1,-1,-1,-1
3446,62,745,123,29,47,0.7537283897399902,-1,-1,-1,-1
3447,62,743,124,29,47,0.7535541653633118,-1,-1,-1,-1
3448,62,740,124,30,47,0.759700357913971,-1,-1,-1,-1
3449,62,734,125,30,48,0.7626057267189026,-1,-1,-1,-1
3450,62,729,125,31,48,0.7766842246055603,-1,-1,-1,-1
3451,62,724,124,34,50,0.8115234971046448,-1,-1,-1,-1
3452,62,723,123,35,51,0.8115282654762268,-1,-1,-1,-1
3453,62,721,122,37,52,0.8199814558029175,-1,-1,-1,-1
3454,62,719,121,41,55,0.8320851922035217,-1,-1,-1,-1
3455,62,718,120,42,57,0.8316103219985962,-1,-1,-1,-1
3456,62,717,121,44,58,0.8448916077613831,-1,-1,-1,-1
3457,62,717,121,44,59,0.8447982668876648,-1,-1,-1,-1
3458,62,716,121,45,59,0.8421916961669922,-1,-1,-1,-1
3459,62,715,123,45,60,0.8492624163627625,-1,-1,-1,-1
3460,62,715,125,45,60,0.8534235954284668,-1,-1,-1,-1
3461,62,714,127,46,61,0.8505535125732422,-1,-1,-1,-1
3462,62,713,127,47,62,0.8505563735961914,-1,-1,-1,-1
3463,62,713,129,48,62,0.8478870391845703,-1,-1,-1,-1
3464,62,713,132,48,62,0.8517966270446777,-1,-1,-1,-1
3465,62,713,135,49,62,0.8585135340690613,-1,-1,-1,-1
3466,62,713,138,50,64,0.850088357925415,-1,-1,-1,-1
3467,62,714,140,49,64,0.8500951528549194,-1,-1,-1,-1
3468,62,714,142,50,64,0.8429007530212402,-1,-1,-1,-1
3469,62,716,145,51,66,0.8556880950927734,-1,-1,-1,-1
3470,62,717,148,52,67,0.8503255844116211,-1,-1,-1,-1
3471,62,720,151,53,68,0.8516088128089905,-1,-1,-1,-1
3472,62,721,152,53,69,0.8516925573348999,-1,-1,-1,-1
3473,62,723,152,54,71,0.8445307016372681,-1,-1,-1,-1
3474,62,726,155,55,71,0.8566666841506958,-1,-1,-1,-1
3475,62,729,157,55,72,0.8556817770004272,-1,-1,-1,-1
3476,62,732,160,56,73,0.8453767895698547,-1,-1,-1,-1
3477,62,733,161,56,73,0.8453382849693298,-1,-1,-1,-1
3478,62,734,163,56,73,0.8511301875114441,-1,-1,-1,-1
3479,62,733,167,58,75,0.8466981053352356,-1,-1,-1,-1
3480,62,733,172,58,74,0.8578349351882935,-1,-1,-1,-1
3481,62,732,181,59,74,0.8497375845909119,-1,-1,-1,-1
3482,62,731,185,60,74,0.8499155044555664,-1,-1,-1,-1
3483,62,730,190,60,74,0.8442996740341187,-1,-1,-1,-1
3484,62,726,198,62,76,0.8534585237503052,-1,-1,-1,-1
3485,62,722,207,64,76,0.8582901954650879,-1,-1,-1,-1
3486,62,717,217,65,77,0.8636786341667175,-1,-1,-1,-1
3487,62,714,221,67,78,0.8635632991790771,-1,-1,-1,-1
3488,62,711,225,68,80,0.8518900275230408,-1,-1,-1,-1
3489,62,705,233,70,81,0.8622491359710693,-1,-1,-1,-1
3490,62,700,238,71,84,0.859216034412384,-1,-1,-1,-1
3491,62,694,245,73,86,0.8555029630661011,-1,-1,-1,-1
3492,62,691,248,75,86,0.855516254901886,-1,-1,-1,-1
3493,62,689,251,76,88,0.8568605184555054,-1,-1,-1,-1
3494,62,686,257,79,91,0.8477532267570496,-1,-1,-1,-1
3495,62,685,266,80,91,0.8545921444892883,-1,-1,-1,-1
3496,62,684,280,83,93,0.8523175120353699,-1,-1,-1,-1
3497,62,683,285,85,95,0.8525329828262329,-1,-1,-1,-1
3498,62,683,291,86,98,0.85862135887146,-1,-1,-1,-1
3499,62,682,308,89,101,0.8551968336105347,-1,-1,-1,-1
3500,62,682,323,92,103,0.8549373149871826,-1,-1,-1,-1
3501,62,683,346,95,107,0.8528955578804016,-1,-1,-1,-1
3502,62,684,355,96,109,0.8529682159423828,-1,-1,-1,-1
3503,62,685,368,97,108,0.8489634394645691,-1,-1,-1,-1
3504,62,688,390,100,110,0.8461755514144897,-1,-1,-1,-1
3505,62,690,405,102,113,0.8497569561004639,-1,-1,-1,-1
3506,62,694,427,106,116,0.8531983494758606,-1,-1,-1,-1
3507,62,696,435,107,118,0.8531681895256042,-1,-1,-1,-1
3508,62,697,447,109,119,0.8437826633453369,-1,-1,-1,-1
3509,62,698,473,114,119,0.8422845005989075,-1,-1,-1,-1
3510,62,697,493,120,121,0.8378371596336365,-1,-1,-1,-1
3511,62,696,527,125,120,0.8231897950172424,-1,-1,-1,-1
3512,62,696,539,126,120,0.8232490420341492,-1,-1,-1,-1
3513,62,694,557,130,120,0.8255383372306824,-1,-1,-1,-1
3514,62,689,598,132,113,0.68268883228302,-1,-1,-1,-1
3515,62,685,631,127,89,0.7059972882270813,-1,-1,-1,-1
