156,53,558,152,26,40,0,-1,-1,-1,-1
157,53,559,153,25,39,0,-1,-1,-1,-1
158,53,558,153,26,41,0,-1,-1,-1,-1
159,53,558,153,27,43,0,-1,-1,-1,-1
160,53,558,153,28,43,0,-1,-1,-1,-1
161,53,558,151,29,46,0,-1,-1,-1,-1
162,53,557,150,31,49,0,-1,-1,-1,-1
163,53,557,150,31,49,0,-1,-1,-1,-1
164,53,557,149,32,51,0,-1,-1,-1,-1
165,53,556,148,33,52,0,-1,-1,-1,-1
166,53,556,148,34,52,0,-1,-1,-1,-1
167,53,554,147,35,53,0,-1,-1,-1,-1
168,53,552,147,36,53,0,-1,-1,-1,-1
169,53,552,146,35,54,0,-1,-1,-1,-1
170,53,551,146,36,55,0,-1,-1,-1,-1
171,53,551,147,36,54,0,-1,-1,-1,-1
172,53,551,147,35,54,0,-1,-1,-1,-1
173,53,550,147,36,54,0,-1,-1,-1,-1
174,53,550,147,36,54,0,-1,-1,-1,-1
175,53,550,146,36,54,0,-1,-1,-1,-1
176,53,549,146,37,54,0,-1,-1,-1,-1
177,53,549,146,37,55,0,-1,-1,-1,-1
178,53,549,146,37,55,0,-1,-1,-1,-1
179,53,549,146,37,55,0,-1,-1,-1,-1
180,53,549,146,37,54,0,-1,-1,-1,-1
181,53,550,146,36,54,0,-1,-1,-1,-1
182,53,550,146,36,54,0,-1,-1,-1,-1
183,53,549,146,38,54,0,-1,-1,-1,-1
184,53,549,146,38,54,0,-1,-1,-1,-1
185,53,549,147,37,53,0,-1,-1,-1,-1
186,53,549,147,37,53,0,-1,-1,-1,-1
187,53,549,147,37,53,0,-1,-1,-1,-1
188,53,549,147,37,52,0,-1,-1,-1,-1
189,53,548,147,37,52,0,-1,-1,-1,-1
190,53,548,147,37,52,0,-1,-1,-1,-1
191,53,548,147,37,52,0,-1,-1,-1,-1
192,53,547,147,37,52,0,-1,-1,-1,-1
193,53,547,147,37,52,0,-1,-1,-1,-1
194,53,547,147,37,52,0,-1,-1,-1,-1
195,53,546,147,37,52,0,-1,-1,-1,-1
196,53,546,147,37,52,0,-1,-1,-1,-1
197,53,545,147,38,52,0,-1,-1,-1,-1
198,53,544,146,38,53,0,-1,-1,-1,-1
199,53,543,146,39,53,0,-1,-1,-1,-1
200,53,543,146,39,54,0,-1,-1,-1,-1
201,53,543,146,39,54,0,-1,-1,-1,-1
202,53,542,146,40,54,0,-1,-1,-1,-1
203,53,542,146,40,54,0,-1,-1,-1,-1
204,53,542,146,40,54,0,-1,-1,-1,-1
205,53,542,146,40,54,0,-1,-1,-1,-1
206,53,542,146,40,54,0,-1,-1,-1,-1
207,53,542,146,40,54,0,-1,-1,-1,-1
208,53,542,146,40,53,0,-1,-1,-1,-1
209,53,542,146,41,54,0,-1,-1,-1,-1
210,53,543,145,41,54,0,-1,-1,-1,-1
211,53,544,145,40,54,0,-1,-1,-1,-1
212,53,546,146,39,53,0,-1,-1,-1,-1
213,53,549,147,38,52,0,-1,-1,-1,-1
214,53,551,147,37,52,0,-1,-1,-1,-1
215,53,553,149,36,50,0,-1,-1,-1,-1
216,53,554,150,35,49,0,-1,-1,-1,-1
217,53,554,151,35,48,0,-1,-1,-1,-1
218,53,554,151,34,48,0,-1,-1,-1,-1
219,53,554,151,33,48,0,-1,-1,-1,-1
220,53,554,151,33,48,0,-1,-1,-1,-1
221,53,554,151,32,47,0,-1,-1,-1,-1
222,53,553,150,32,47,0,-1,-1,-1,-1
223,53,553,150,31,47,0,-1,-1,-1,-1
224,53,552,150,31,46,0,-1,-1,-1,-1
225,53,551,150,31,46,0,-1,-1,-1,-1
226,53,551,150,31,46,0,-1,-1,-1,-1
227,53,550,152,31,45,0,-1,-1,-1,-1
228,53,550,152,30,46,0,-1,-1,-1,-1
229,53,549,153,31,45,0,-1,-1,-1,-1
230,53,549,153,31,45,0,-1,-1,-1,-1
231,53,548,152,31,47,0,-1,-1,-1,-1
232,53,547,152,32,47,0,-1,-1,-1,-1
233,53,547,151,32,48,0,-1,-1,-1,-1
234,53,546,151,34,49,0,-1,-1,-1,-1
235,53,546,150,34,50,0,-1,-1,-1,-1
236,53,546,149,35,51,0,-1,-1,-1,-1
237,53,546,150,35,51,0,-1,-1,-1,-1
238,53,546,150,35,52,0,-1,-1,-1,-1
239,53,547,150,35,52,0,-1,-1,-1,-1
240,53,548,149,35,53,0,-1,-1,-1,-1
241,53,548,149,35,54,0,-1,-1,-1,-1
242,53,549,150,35,53,0,-1,-1,-1,-1
243,53,549,150,35,53,0,-1,-1,-1,-1
244,53,549,150,35,53,0,-1,-1,-1,-1
245,53,550,151,35,54,0,-1,-1,-1,-1
246,53,551,152,35,54,0,-1,-1,-1,-1
247,53,551,152,36,54,0,-1,-1,-1,-1
248,53,552,153,36,54,0,-1,-1,-1,-1
249,53,553,153,35,54,0,-1,-1,-1,-1
250,53,553,154,35,53,0,-1,-1,-1,-1
251,53,553,154,36,53,0,-1,-1,-1,-1
252,53,553,155,37,54,0,-1,-1,-1,-1
253,53,553,155,38,54,0,-1,-1,-1,-1
254,53,554,156,38,55,0,-1,-1,-1,-1
255,53,555,157,38,55,0,-1,-1,-1,-1
256,53,555,157,39,56,0,-1,-1,-1,-1
257,53,555,158,39,55,0,-1,-1,-1,-1
258,53,556,158,40,58,0,-1,-1,-1,-1
259,53,556,159,41,57,0,-1,-1,-1,-1
260,53,557,159,41,57,0,-1,-1,-1,-1
261,53,558,159,41,57,0,-1,-1,-1,-1
262,53,558,159,41,57,0,-1,-1,-1,-1
263,53,559,158,41,57,0,-1,-1,-1,-1
264,53,560,158,42,57,0,-1,-1,-1,-1
265,53,561,157,42,58,0,-1,-1,-1,-1
266,53,562,157,42,57,0,-1,-1,-1,-1
267,53,564,158,42,57,0,-1,-1,-1,-1
268,53,564,158,43,58,0,-1,-1,-1,-1
269,53,567,158,43,58,0,-1,-1,-1,-1
270,53,571,159,43,58,0,-1,-1,-1,-1
271,53,572,160,43,58,0,-1,-1,-1,-1
272,53,575,161,45,58,0,-1,-1,-1,-1
273,53,582,163,44,58,0,-1,-1,-1,-1
274,53,584,163,45,59,0,-1,-1,-1,-1
275,53,589,165,45,59,0,-1,-1,-1,-1
276,53,595,165,46,60,0,-1,-1,-1,-1
277,53,597,164,47,61,0,-1,-1,-1,-1
278,53,602,163,48,62,0,-1,-1,-1,-1
279,53,608,161,49,63,0,-1,-1,-1,-1
280,53,611,160,48,63,0,-1,-1,-1,-1
281,53,615,159,49,63,0,-1,-1,-1,-1
282,53,620,157,50,65,0,-1,-1,-1,-1
283,53,622,157,50,65,0,-1,-1,-1,-1
284,53,627,157,50,65,0,-1,-1,-1,-1
285,53,631,157,51,66,0,-1,-1,-1,-1
286,53,632,157,51,66,0,-1,-1,-1,-1
287,53,636,156,51,68,0,-1,-1,-1,-1
288,53,642,157,51,67,0,-1,-1,-1,-1
289,53,643,157,53,68,0,-1,-1,-1,-1
290,53,647,158,53,69,0,-1,-1,-1,-1
291,53,651,162,53,68,0,-1,-1,-1,-1
292,53,653,163,52,68,0,-1,-1,-1,-1
293,53,656,165,53,69,0,-1,-1,-1,-1
294,53,659,169,54,69,0,-1,-1,-1,-1
295,53,661,170,53,69,0,-1,-1,-1,-1
296,53,663,173,54,69,0,-1,-1,-1,-1
297,53,666,175,54,69,0,-1,-1,-1,-1
298,53,667,175,54,70,0,-1,-1,-1,-1
299,53,669,175,54,70,0,-1,-1,-1,-1
300,53,672,176,55,70,0,-1,-1,-1,-1
301,53,673,176,55,71,0,-1,-1,-1,-1
302,53,676,177,55,71,0,-1,-1,-1,-1
303,53,679,178,56,71,0,-1,-1,-1,-1
304,53,680,178,56,72,0,-1,-1,-1,-1
305,53,683,178,57,73,0,-1,-1,-1,-1
306,53,686,179,58,74,0,-1,-1,-1,-1
307,53,687,180,59,74,0,-1,-1,-1,-1
308,53,690,181,60,76,0,-1,-1,-1,-1
309,53,694,185,62,77,0,-1,-1,-1,-1
310,53,696,186,62,78,0,-1,-1,-1,-1
311,53,699,188,64,80,0,-1,-1,-1,-1
312,53,705,192,64,81,0,-1,-1,-1,-1
313,53,707,194,64,81,0,-1,-1,-1,-1
314,53,710,194,66,84,0,-1,-1,-1,-1
315,53,716,195,67,84,0,-1,-1,-1,-1
316,53,718,195,67,84,0,-1,-1,-1,-1
317,53,722,195,68,85,0,-1,-1,-1,-1
318,53,726,194,68,87,0,-1,-1,-1,-1
319,53,727,194,69,87,0,-1,-1,-1,-1
320,53,730,193,70,88,0,-1,-1,-1,-1
321,53,733,192,71,89,0,-1,-1,-1,-1
322,53,733,192,72,89,0,-1,-1,-1,-1
323,53,735,191,73,92,0,-1,-1,-1,-1
324,53,737,193,74,93,0,-1,-1,-1,-1
324,88,727,156,39,48,0,-1,-1,-1,-1
325,53,738,193,74,94,0,-1,-1,-1,-1
325,88,727,156,39,48,0,-1,-1,-1,-1
326,53,739,196,75,95,0,-1,-1,-1,-1
326,88,725,156,39,49,0,-1,-1,-1,-1
327,53,741,201,76,96,0,-1,-1,-1,-1
327,88,722,155,40,49,0,-1,-1,-1,-1
328,53,742,203,76,96,0,-1,-1,-1,-1
328,88,721,155,40,49,0,-1,-1,-1,-1
329,53,743,209,77,97,0,-1,-1,-1,-1
329,88,718,155,41,51,0,-1,-1,-1,-1
330,53,743,213,79,101,0,-1,-1,-1,-1
330,88,714,154,43,53,0,-1,-1,-1,-1
331,53,743,215,80,102,0,-1,-1,-1,-1
331,88,713,153,43,54,0,-1,-1,-1,-1
332,53,743,216,82,104,0,-1,-1,-1,-1
332,88,711,154,42,53,0,-1,-1,-1,-1
333,53,743,218,83,105,0,-1,-1,-1,-1
333,88,709,154,42,53,0,-1,-1,-1,-1
334,53,743,218,83,106,0,-1,-1,-1,-1
334,88,708,154,42,53,0,-1,-1,-1,-1
335,53,744,219,84,108,0,-1,-1,-1,-1
335,88,706,154,42,53,0,-1,-1,-1,-1
336,53,745,220,86,111,0,-1,-1,-1,-1
336,88,705,154,41,53,0,-1,-1,-1,-1
337,53,745,221,87,111,0,-1,-1,-1,-1
337,88,705,155,40,52,0,-1,-1,-1,-1
338,53,747,221,89,113,0,-1,-1,-1,-1
338,88,704,155,41,52,0,-1,-1,-1,-1
339,53,749,220,91,116,0,-1,-1,-1,-1
339,88,705,154,40,52,0,-1,-1,-1,-1
340,53,750,220,91,116,0,-1,-1,-1,-1
340,88,705,154,40,52,0,-1,-1,-1,-1
341,53,752,220,93,118,0,-1,-1,-1,-1
341,88,706,154,40,52,0,-1,-1,-1,-1
342,53,756,224,93,118,0,-1,-1,-1,-1
342,88,707,153,40,52,0,-1,-1,-1,-1
343,53,757,225,93,119,0,-1,-1,-1,-1
343,88,708,153,39,52,0,-1,-1,-1,-1
344,53,760,230,94,120,0,-1,-1,-1,-1
344,88,709,153,40,52,0,-1,-1,-1,-1
345,53,764,236,97,123,0,-1,-1,-1,-1
345,88,711,153,40,53,0,-1,-1,-1,-1
346,53,766,238,97,124,0,-1,-1,-1,-1
346,88,712,153,39,53,0,-1,-1,-1,-1
347,53,769,242,101,129,0,-1,-1,-1,-1
347,88,713,153,39,52,0,-1,-1,-1,-1
348,53,776,246,103,133,0,-1,-1,-1,-1
348,88,715,153,38,51,0,-1,-1,-1,-1
349,53,778,248,104,134,0,-1,-1,-1,-1
349,88,716,153,38,50,0,-1,-1,-1,-1
350,53,785,252,104,134,0,-1,-1,-1,-1
350,88,717,153,38,50,0,-1,-1,-1,-1
351,53,792,256,105,135,0,-1,-1,-1,-1
351,88,719,153,37,50,0,-1,-1,-1,-1
352,53,795,257,105,135,0,-1,-1,-1,-1
352,88,719,153,38,50,0,-1,-1,-1,-1
353,53,800,260,107,137,0,-1,-1,-1,-1
353,88,721,153,37,50,0,-1,-1,-1,-1
354,53,805,263,110,140,0,-1,-1,-1,-1
354,88,722,154,37,49,0,-1,-1,-1,-1
355,53,807,264,111,141,0,-1,-1,-1,-1
355,88,722,154,37,49,0,-1,-1,-1,-1
356,53,812,265,113,145,0,-1,-1,-1,-1
356,88,724,153,37,50,0,-1,-1,-1,-1
357,53,817,268,116,147,0,-1,-1,-1,-1
357,88,725,153,37,49,0,-1,-1,-1,-1
358,53,819,269,117,148,0,-1,-1,-1,-1
358,88,725,153,37,49,0,-1,-1,-1,-1
359,53,824,272,119,150,0,-1,-1,-1,-1
359,88,726,153,37,49,0,-1,-1,-1,-1
360,53,829,277,122,154,0,-1,-1,-1,-1
360,88,727,152,37,50,0,-1,-1,-1,-1
361,53,831,279,123,155,0,-1,-1,-1,-1
361,88,727,152,37,49,0,-1,-1,-1,-1
362,53,835,284,125,159,0,-1,-1,-1,-1
362,88,728,153,36,48,0,-1,-1,-1,-1
363,53,840,292,128,161,0,-1,-1,-1,-1
363,88,728,153,37,48,0,-1,-1,-1,-1
364,53,842,295,129,162,0,-1,-1,-1,-1
364,88,728,153,37,48,0,-1,-1,-1,-1
365,53,845,300,131,165,0,-1,-1,-1,-1
365,88,729,153,36,48,0,-1,-1,-1,-1
366,53,848,305,133,168,0,-1,-1,-1,-1
366,88,729,153,37,48,0,-1,-1,-1,-1
367,53,849,307,134,169,0,-1,-1,-1,-1
367,88,729,153,37,49,0,-1,-1,-1,-1
368,53,851,308,136,172,0,-1,-1,-1,-1
368,88,730,153,36,49,0,-1,-1,-1,-1
369,53,854,310,138,175,0,-1,-1,-1,-1
369,88,730,153,36,49,0,-1,-1,-1,-1
370,53,855,311,139,176,0,-1,-1,-1,-1
370,88,730,154,36,48,0,-1,-1,-1,-1
371,53,859,314,142,180,0,-1,-1,-1,-1
371,88,731,154,36,48,0,-1,-1,-1,-1
372,53,865,318,144,183,0,-1,-1,-1,-1
372,88,731,154,36,48,0,-1,-1,-1,-1
373,53,867,320,145,184,0,-1,-1,-1,-1
373,88,731,154,36,48,0,-1,-1,-1,-1
374,53,876,323,147,188,0,-1,-1,-1,-1
374,88,731,154,36,48,0,-1,-1,-1,-1
375,53,887,328,151,191,0,-1,-1,-1,-1
375,88,731,154,37,49,0,-1,-1,-1,-1
376,53,891,329,153,194,0,-1,-1,-1,-1
376,88,732,154,36,49,0,-1,-1,-1,-1
377,53,901,335,154,195,0,-1,-1,-1,-1
377,88,732,154,36,49,0,-1,-1,-1,-1
378,88,732,154,36,48,0,-1,-1,-1,-1
379,88,732,154,36,48,0,-1,-1,-1,-1
380,88,733,154,36,48,0,-1,-1,-1,-1
381,88,733,154,36,48,0,-1,-1,-1,-1
382,88,733,154,36,48,0,-1,-1,-1,-1
383,88,733,154,36,48,0,-1,-1,-1,-1
384,88,733,155,36,47,0,-1,-1,-1,-1
385,88,733,155,36,47,0,-1,-1,-1,-1
386,88,734,155,35,47,0,-1,-1,-1,-1
387,88,734,155,35,47,0,-1,-1,-1,-1
388,88,734,155,35,47,0,-1,-1,-1,-1
389,88,734,155,36,47,0,-1,-1,-1,-1
390,88,734,155,36,47,0,-1,-1,-1,-1
391,88,734,155,36,47,0,-1,-1,-1,-1
392,88,734,155,36,47,0,-1,-1,-1,-1
393,88,734,155,37,47,0,-1,-1,-1,-1
394,88,734,155,37,47,0,-1,-1,-1,-1
395,88,735,155,36,47,0,-1,-1,-1,-1
396,88,735,155,36,47,0,-1,-1,-1,-1
397,88,735,155,36,47,0,-1,-1,-1,-1
398,88,735,155,36,47,0,-1,-1,-1,-1
399,88,735,155,36,47,0,-1,-1,-1,-1
400,88,735,155,35,47,0,-1,-1,-1,-1
401,88,734,155,34,45,0,-1,-1,-1,-1
402,88,732,154,35,46,0,-1,-1,-1,-1
403,88,732,154,35,46,0,-1,-1,-1,-1
404,88,730,153,35,47,0,-1,-1,-1,-1
405,88,728,153,34,47,0,-1,-1,-1,-1
406,88,727,153,34,47,0,-1,-1,-1,-1
407,88,727,153,34,47,0,-1,-1,-1,-1
408,88,728,154,33,47,0,-1,-1,-1,-1
409,88,728,154,33,48,0,-1,-1,-1,-1
410,88,727,154,34,48,0,-1,-1,-1,-1
411,88,728,155,33,47,0,-1,-1,-1,-1
412,88,728,155,33,47,0,-1,-1,-1,-1
413,88,729,156,32,47,0,-1,-1,-1,-1
414,88,729,159,30,44,0,-1,-1,-1,-1
415,88,729,160,29,43,0,-1,-1,-1,-1
416,88,729,161,29,43,0,-1,-1,-1,-1
417,88,730,162,29,43,0,-1,-1,-1,-1
418,88,730,163,29,42,0,-1,-1,-1,-1
419,88,730,163,29,42,0,-1,-1,-1,-1
420,88,730,162,29,44,0,-1,-1,-1,-1
421,88,730,162,29,44,0,-1,-1,-1,-1
422,88,729,161,31,45,0,-1,-1,-1,-1
423,88,730,161,30,45,0,-1,-1,-1,-1
424,88,730,161,30,45,0,-1,-1,-1,-1
425,88,730,161,30,44,0,-1,-1,-1,-1
426,88,729,161,31,45,0,-1,-1,-1,-1
427,88,729,161,31,45,0,-1,-1,-1,-1
428,88,729,161,30,45,0,-1,-1,-1,-1
429,88,729,162,30,44,0,-1,-1,-1,-1
430,88,729,162,30,44,0,-1,-1,-1,-1
431,88,729,162,30,44,0,-1,-1,-1,-1
432,88,730,163,29,43,0,-1,-1,-1,-1
433,88,730,163,29,43,0,-1,-1,-1,-1
434,88,730,163,29,43,0,-1,-1,-1,-1
435,88,730,164,28,42,0,-1,-1,-1,-1
436,88,730,164,28,42,0,-1,-1,-1,-1
437,88,730,165,28,41,0,-1,-1,-1,-1
438,88,730,166,28,40,0,-1,-1,-1,-1
439,88,730,166,28,41,0,-1,-1,-1,-1
440,88,730,166,28,41,0,-1,-1,-1,-1
441,88,730,165,28,42,0,-1,-1,-1,-1
442,88,730,165,28,41,0,-1,-1,-1,-1
443,88,730,164,29,42,0,-1,-1,-1,-1
444,88,729,164,29,42,0,-1,-1,-1,-1
445,88,728,164,30,42,0,-1,-1,-1,-1
446,88,726,163,30,44,0,-1,-1,-1,-1
447,88,723,160,32,46,0,-1,-1,-1,-1
448,88,722,159,32,47,0,-1,-1,-1,-1
449,88,720,158,32,48,0,-1,-1,-1,-1
450,88,719,158,32,48,0,-1,-1,-1,-1
451,88,718,157,33,49,0,-1,-1,-1,-1
452,88,717,157,34,50,0,-1,-1,-1,-1
453,88,716,158,34,49,0,-1,-1,-1,-1
454,88,716,158,33,49,0,-1,-1,-1,-1
455,88,715,159,34,48,0,-1,-1,-1,-1
456,88,713,160,34,48,0,-1,-1,-1,-1
457,88,713,160,34,49,0,-1,-1,-1,-1
458,88,711,161,34,49,0,-1,-1,-1,-1
459,88,709,162,34,49,0,-1,-1,-1,-1
460,88,708,163,35,48,0,-1,-1,-1,-1
461,88,706,163,36,49,0,-1,-1,-1,-1
462,88,705,164,35,49,0,-1,-1,-1,-1
463,88,704,165,36,48,0,-1,-1,-1,-1
464,88,702,166,36,49,0,-1,-1,-1,-1
465,88,701,167,36,49,0,-1,-1,-1,-1
466,88,700,167,37,49,0,-1,-1,-1,-1
467,88,699,168,37,49,0,-1,-1,-1,-1
468,88,698,170,38,49,0,-1,-1,-1,-1
469,88,698,170,37,50,0,-1,-1,-1,-1
470,88,697,172,39,50,0,-1,-1,-1,-1
471,88,698,174,38,50,0,-1,-1,-1,-1
472,88,698,175,39,50,0,-1,-1,-1,-1
473,88,698,177,39,50,0,-1,-1,-1,-1
474,88,700,179,39,51,0,-1,-1,-1,-1
475,88,700,180,40,51,0,-1,-1,-1,-1
476,88,702,181,40,50,0,-1,-1,-1,-1
477,88,705,180,41,52,0,-1,-1,-1,-1
478,88,706,180,41,52,0,-1,-1,-1,-1
479,88,709,179,41,53,0,-1,-1,-1,-1
480,88,713,180,41,52,0,-1,-1,-1,-1
481,88,714,180,41,52,0,-1,-1,-1,-1
482,88,716,180,42,52,0,-1,-1,-1,-1
483,88,719,181,42,52,0,-1,-1,-1,-1
484,88,720,181,42,52,0,-1,-1,-1,-1
485,88,721,182,42,52,0,-1,-1,-1,-1
486,88,722,182,43,53,0,-1,-1,-1,-1
487,88,723,182,43,54,0,-1,-1,-1,-1
488,88,723,182,43,55,0,-1,-1,-1,-1
489,88,723,184,43,55,0,-1,-1,-1,-1
490,88,723,184,43,56,0,-1,-1,-1,-1
491,88,722,186,44,56,0,-1,-1,-1,-1
492,88,720,188,46,58,0,-1,-1,-1,-1
493,88,720,189,46,58,0,-1,-1,-1,-1
494,88,718,191,47,60,0,-1,-1,-1,-1
495,88,715,193,48,61,0,-1,-1,-1,-1
496,88,714,194,48,61,0,-1,-1,-1,-1
497,88,711,196,49,61,0,-1,-1,-1,-1
498,88,708,196,49,62,0,-1,-1,-1,-1
499,88,707,196,49,63,0,-1,-1,-1,-1
500,88,705,196,49,62,0,-1,-1,-1,-1
501,88,703,195,50,63,0,-1,-1,-1,-1
502,88,703,195,49,62,0,-1,-1,-1,-1
503,88,702,194,51,64,0,-1,-1,-1,-1
504,88,703,194,51,64,0,-1,-1,-1,-1
505,88,703,194,52,65,0,-1,-1,-1,-1
506,88,705,195,51,65,0,-1,-1,-1,-1
507,88,706,197,53,66,0,-1,-1,-1,-1
508,88,707,198,53,66,0,-1,-1,-1,-1
509,88,709,200,53,68,0,-1,-1,-1,-1
510,88,710,204,56,70,0,-1,-1,-1,-1
511,88,711,205,56,71,0,-1,-1,-1,-1
512,88,714,209,57,73,0,-1,-1,-1,-1
513,88,718,214,58,74,0,-1,-1,-1,-1
514,88,720,216,58,74,0,-1,-1,-1,-1
514,116,798,155,28,43,0,-1,-1,-1,-1
515,88,725,220,58,73,0,-1,-1,-1,-1
515,116,798,157,26,41,0,-1,-1,-1,-1
516,88,732,222,58,72,0,-1,-1,-1,-1
516,116,797,158,26,41,0,-1,-1,-1,-1
517,88,735,222,57,72,0,-1,-1,-1,-1
517,116,797,159,26,40,0,-1,-1,-1,-1
518,88,739,221,59,73,0,-1,-1,-1,-1
518,116,795,158,27,41,0,-1,-1,-1,-1
519,88,744,220,60,74,0,-1,-1,-1,-1
519,116,793,157,29,44,0,-1,-1,-1,-1
520,88,746,219,61,76,0,-1,-1,-1,-1
520,116,793,157,29,44,0,-1,-1,-1,-1
521,88,749,219,62,77,0,-1,-1,-1,-1
521,116,792,157,30,44,0,-1,-1,-1,-1
522,88,751,219,64,78,0,-1,-1,-1,-1
522,116,790,157,30,44,0,-1,-1,-1,-1
523,88,752,219,64,79,0,-1,-1,-1,-1
523,116,789,157,31,44,0,-1,-1,-1,-1
524,88,753,220,65,80,0,-1,-1,-1,-1
524,116,788,157,30,44,0,-1,-1,-1,-1
525,88,754,222,66,82,0,-1,-1,-1,-1
525,116,786,156,30,44,0,-1,-1,-1,-1
526,88,754,222,67,84,0,-1,-1,-1,-1
526,116,785,156,30,44,0,-1,-1,-1,-1
527,88,755,226,67,84,0,-1,-1,-1,-1
527,116,784,157,30,43,0,-1,-1,-1,-1
528,88,755,232,69,87,0,-1,-1,-1,-1
528,116,783,157,30,43,0,-1,-1,-1,-1
529,88,755,235,70,87,0,-1,-1,-1,-1
529,116,783,157,30,44,0,-1,-1,-1,-1
530,88,755,241,71,89,0,-1,-1,-1,-1
530,116,782,157,31,44,0,-1,-1,-1,-1
531,88,755,248,71,91,0,-1,-1,-1,-1
531,116,782,157,31,45,0,-1,-1,-1,-1
532,88,754,251,72,91,0,-1,-1,-1,-1
532,116,781,157,32,45,0,-1,-1,-1,-1
533,88,753,257,73,93,0,-1,-1,-1,-1
533,116,781,157,32,45,0,-1,-1,-1,-1
534,88,750,263,75,95,0,-1,-1,-1,-1
534,116,781,158,32,45,0,-1,-1,-1,-1
535,88,749,265,76,96,0,-1,-1,-1,-1
535,116,781,158,32,45,0,-1,-1,-1,-1
536,88,747,266,77,97,0,-1,-1,-1,-1
536,116,781,158,32,46,0,-1,-1,-1,-1
537,88,746,266,77,99,0,-1,-1,-1,-1
537,116,781,159,33,45,0,-1,-1,-1,-1
538,88,745,265,78,100,0,-1,-1,-1,-1
538,116,782,159,32,46,0,-1,-1,-1,-1
539,88,744,265,80,103,0,-1,-1,-1,-1
539,116,782,159,32,47,0,-1,-1,-1,-1
540,88,744,266,82,106,0,-1,-1,-1,-1
540,116,782,160,32,47,0,-1,-1,-1,-1
541,88,744,266,82,107,0,-1,-1,-1,-1
541,116,782,160,32,47,0,-1,-1,-1,-1
542,88,745,269,83,107,0,-1,-1,-1,-1
542,116,782,160,32,47,0,-1,-1,-1,-1
543,88,747,273,84,110,0,-1,-1,-1,-1
543,116,783,161,32,47,0,-1,-1,-1,-1
544,88,747,275,86,110,0,-1,-1,-1,-1
544,116,783,162,32,47,0,-1,-1,-1,-1
545,88,750,278,87,113,0,-1,-1,-1,-1
545,116,783,162,32,47,0,-1,-1,-1,-1
546,88,753,285,88,113,0,-1,-1,-1,-1
546,116,783,163,31,47,0,-1,-1,-1,-1
547,88,754,287,89,114,0,-1,-1,-1,-1
547,116,783,164,31,47,0,-1,-1,-1,-1
548,88,758,293,91,117,0,-1,-1,-1,-1
548,116,783,165,30,46,0,-1,-1,-1,-1
549,88,765,303,92,120,0,-1,-1,-1,-1
549,116,782,167,30,46,0,-1,-1,-1,-1
550,88,767,307,93,121,0,-1,-1,-1,-1
550,116,782,168,30,45,0,-1,-1,-1,-1
551,88,774,315,95,124,0,-1,-1,-1,-1
551,116,780,169,31,45,0,-1,-1,-1,-1
552,88,786,326,97,126,0,-1,-1,-1,-1
552,116,778,169,31,46,0,-1,-1,-1,-1
553,88,791,330,98,127,0,-1,-1,-1,-1
553,116,776,169,32,47,0,-1,-1,-1,-1
554,88,803,337,100,130,0,-1,-1,-1,-1
554,116,774,169,32,48,0,-1,-1,-1,-1
555,88,820,344,102,131,0,-1,-1,-1,-1
555,116,769,170,34,48,0,-1,-1,-1,-1
556,88,827,346,102,131,0,-1,-1,-1,-1
556,116,768,170,34,49,0,-1,-1,-1,-1
557,88,842,348,104,134,0,-1,-1,-1,-1
557,116,764,172,34,49,0,-1,-1,-1,-1
558,88,862,352,106,136,0,-1,-1,-1,-1
558,116,758,174,35,49,0,-1,-1,-1,-1
559,88,869,353,107,138,0,-1,-1,-1,-1
559,116,756,174,35,49,0,-1,-1,-1,-1
560,88,885,357,111,142,0,-1,-1,-1,-1
560,116,750,174,37,51,0,-1,-1,-1,-1
561,88,909,367,115,147,0,-1,-1,-1,-1
561,116,744,174,38,52,0,-1,-1,-1,-1
562,88,917,370,117,150,0,-1,-1,-1,-1
562,116,741,175,39,52,0,-1,-1,-1,-1
563,116,736,175,39,53,0,-1,-1,-1,-1
564,116,731,175,39,53,0,-1,-1,-1,-1
565,116,729,176,39,52,0,-1,-1,-1,-1
566,116,725,176,39,52,0,-1,-1,-1,-1
567,116,720,176,40,53,0,-1,-1,-1,-1
568,116,719,176,40,53,0,-1,-1,-1,-1
569,116,716,176,41,54,0,-1,-1,-1,-1
570,116,714,178,40,53,0,-1,-1,-1,-1
571,116,713,178,40,54,0,-1,-1,-1,-1
572,116,711,179,40,54,0,-1,-1,-1,-1
573,116,709,182,41,54,0,-1,-1,-1,-1
574,116,709,182,41,56,0,-1,-1,-1,-1
575,116,708,184,42,57,0,-1,-1,-1,-1
576,116,708,188,42,56,0,-1,-1,-1,-1
577,116,708,189,42,57,0,-1,-1,-1,-1
578,116,709,192,42,56,0,-1,-1,-1,-1
579,116,710,194,42,56,0,-1,-1,-1,-1
580,116,710,195,43,56,0,-1,-1,-1,-1
581,116,711,195,43,57,0,-1,-1,-1,-1
582,116,712,195,44,57,0,-1,-1,-1,-1
583,116,713,195,44,57,0,-1,-1,-1,-1
584,116,713,194,45,59,0,-1,-1,-1,-1
585,116,714,195,45,58,0,-1,-1,-1,-1
586,116,714,195,45,58,0,-1,-1,-1,-1
587,116,714,196,45,58,0,-1,-1,-1,-1
588,116,714,196,46,59,0,-1,-1,-1,-1
589,116,714,196,47,60,0,-1,-1,-1,-1
590,116,715,198,47,59,0,-1,-1,-1,-1
591,116,716,201,47,59,0,-1,-1,-1,-1
592,116,717,202,47,60,0,-1,-1,-1,-1
593,116,718,204,48,61,0,-1,-1,-1,-1
594,116,718,207,49,63,0,-1,-1,-1,-1
595,116,719,208,49,63,0,-1,-1,-1,-1
596,116,719,209,50,65,0,-1,-1,-1,-1
597,116,720,210,51,66,0,-1,-1,-1,-1
597,132,790,140,26,49,0,-1,-1,-1,-1
598,116,720,211,51,66,0,-1,-1,-1,-1
598,132,790,139,26,50,0,-1,-1,-1,-1
599,116,721,210,52,68,0,-1,-1,-1,-1
599,132,786,139,27,51,0,-1,-1,-1,-1
600,116,722,210,52,69,0,-1,-1,-1,-1
600,132,783,138,27,52,0,-1,-1,-1,-1
601,116,722,211,53,68,0,-1,-1,-1,-1
601,132,783,138,27,51,0,-1,-1,-1,-1
602,116,724,211,53,70,0,-1,-1,-1,-1
602,132,781,139,27,50,0,-1,-1,-1,-1
603,116,725,212,54,70,0,-1,-1,-1,-1
603,132,780,139,27,50,0,-1,-1,-1,-1
604,116,726,212,54,71,0,-1,-1,-1,-1
604,132,779,139,27,50,0,-1,-1,-1,-1
605,116,729,214,53,70,0,-1,-1,-1,-1
605,132,777,139,29,50,0,-1,-1,-1,-1
606,116,731,215,55,72,0,-1,-1,-1,-1
606,132,775,139,29,50,0,-1,-1,-1,-1
607,116,732,216,55,72,0,-1,-1,-1,-1
607,132,774,138,30,52,0,-1,-1,-1,-1
608,116,734,218,56,73,0,-1,-1,-1,-1
608,132,772,139,30,50,0,-1,-1,-1,-1
609,116,737,222,56,74,0,-1,-1,-1,-1
609,132,770,139,30,50,0,-1,-1,-1,-1
610,116,738,224,57,74,0,-1,-1,-1,-1
610,132,769,139,30,50,0,-1,-1,-1,-1
611,116,741,229,56,74,0,-1,-1,-1,-1
611,132,768,140,31,49,0,-1,-1,-1,-1
612,116,746,235,56,74,0,-1,-1,-1,-1
612,132,767,142,30,48,0,-1,-1,-1,-1
613,116,747,238,56,74,0,-1,-1,-1,-1
613,132,766,142,31,48,0,-1,-1,-1,-1
614,116,751,243,56,74,0,-1,-1,-1,-1
614,132,765,143,31,48,0,-1,-1,-1,-1
615,116,757,247,57,75,0,-1,-1,-1,-1
615,132,765,144,31,48,0,-1,-1,-1,-1
616,116,759,248,57,75,0,-1,-1,-1,-1
616,132,764,144,32,48,0,-1,-1,-1,-1
617,116,763,249,58,76,0,-1,-1,-1,-1
617,132,764,144,32,48,0,-1,-1,-1,-1
618,116,769,249,60,79,0,-1,-1,-1,-1
618,132,764,144,32,48,0,-1,-1,-1,-1
619,116,772,250,60,79,0,-1,-1,-1,-1
619,132,763,144,33,48,0,-1,-1,-1,-1
620,116,777,251,61,80,0,-1,-1,-1,-1
620,132,763,144,33,48,0,-1,-1,-1,-1
621,116,782,251,64,83,0,-1,-1,-1,-1
621,132,762,144,34,48,0,-1,-1,-1,-1
622,116,784,251,64,84,0,-1,-1,-1,-1
622,132,762,143,34,50,0,-1,-1,-1,-1
623,116,788,252,66,86,0,-1,-1,-1,-1
623,132,761,143,35,50,0,-1,-1,-1,-1
624,116,792,255,68,88,0,-1,-1,-1,-1
624,132,761,142,35,51,0,-1,-1,-1,-1
625,116,794,256,69,89,0,-1,-1,-1,-1
625,132,761,142,35,51,0,-1,-1,-1,-1
626,116,798,261,69,90,0,-1,-1,-1,-1
626,132,760,142,36,51,0,-1,-1,-1,-1
627,116,802,267,70,92,0,-1,-1,-1,-1
627,132,760,142,36,51,0,-1,-1,-1,-1
628,116,803,269,71,93,0,-1,-1,-1,-1
628,132,759,142,37,51,0,-1,-1,-1,-1
629,116,806,276,72,94,0,-1,-1,-1,-1
629,132,759,143,36,51,0,-1,-1,-1,-1
630,116,808,286,73,95,0,-1,-1,-1,-1
630,132,758,143,37,52,0,-1,-1,-1,-1
631,116,809,290,73,95,0,-1,-1,-1,-1
631,132,757,143,38,53,0,-1,-1,-1,-1
632,116,811,297,73,97,0,-1,-1,-1,-1
632,132,757,144,37,53,0,-1,-1,-1,-1
633,116,812,303,75,99,0,-1,-1,-1,-1
633,132,755,145,38,53,0,-1,-1,-1,-1
634,116,812,305,76,100,0,-1,-1,-1,-1
634,132,755,145,38,53,0,-1,-1,-1,-1
635,116,813,306,78,103,0,-1,-1,-1,-1
635,132,754,146,38,53,0,-1,-1,-1,-1
636,116,817,309,79,105,0,-1,-1,-1,-1
636,132,753,146,38,53,0,-1,-1,-1,-1
637,116,818,310,80,106,0,-1,-1,-1,-1
637,132,753,146,38,54,0,-1,-1,-1,-1
638,116,822,313,81,107,0,-1,-1,-1,-1
638,132,751,146,38,54,0,-1,-1,-1,-1
639,116,827,316,82,110,0,-1,-1,-1,-1
639,132,749,147,38,54,0,-1,-1,-1,-1
640,116,829,317,83,111,0,-1,-1,-1,-1
640,132,749,147,38,54,0,-1,-1,-1,-1
641,116,834,322,84,113,0,-1,-1,-1,-1
641,132,746,148,38,54,0,-1,-1,-1,-1
642,116,840,331,86,116,0,-1,-1,-1,-1
642,132,744,149,38,54,0,-1,-1,-1,-1
643,116,843,335,86,116,0,-1,-1,-1,-1
643,132,743,149,38,54,0,-1,-1,-1,-1
644,116,850,343,88,120,0,-1,-1,-1,-1
644,132,739,151,39,53,0,-1,-1,-1,-1
645,116,857,355,92,125,0,-1,-1,-1,-1
645,132,734,152,39,54,0,-1,-1,-1,-1
646,116,859,360,94,127,0,-1,-1,-1,-1
646,132,733,152,39,55,0,-1,-1,-1,-1
647,116,868,370,97,132,0,-1,-1,-1,-1
647,132,728,154,39,54,0,-1,-1,-1,-1
648,116,882,383,100,136,0,-1,-1,-1,-1
648,132,721,154,40,55,0,-1,-1,-1,-1
649,116,888,388,101,138,0,-1,-1,-1,-1
649,132,719,154,40,56,0,-1,-1,-1,-1
650,116,902,397,101,138,0,-1,-1,-1,-1
650,132,713,154,41,56,0,-1,-1,-1,-1
651,116,921,405,105,142,0,-1,-1,-1,-1
651,132,705,152,42,58,0,-1,-1,-1,-1
652,116,928,407,107,144,0,-1,-1,-1,-1
652,132,702,152,43,58,0,-1,-1,-1,-1
653,116,943,413,109,146,0,-1,-1,-1,-1
653,132,697,151,43,58,0,-1,-1,-1,-1
654,132,691,150,43,59,0,-1,-1,-1,-1
655,132,688,150,44,58,0,-1,-1,-1,-1
656,132,685,149,45,60,0,-1,-1,-1,-1
657,132,680,150,46,60,0,-1,-1,-1,-1
658,132,678,150,46,60,0,-1,-1,-1,-1
659,132,674,151,46,59,0,-1,-1,-1,-1
660,132,669,153,46,59,0,-1,-1,-1,-1
661,132,668,153,45,59,0,-1,-1,-1,-1
662,132,665,155,46,59,0,-1,-1,-1,-1
663,132,663,157,46,60,0,-1,-1,-1,-1
664,132,663,158,46,60,0,-1,-1,-1,-1
665,132,662,160,47,61,0,-1,-1,-1,-1
666,132,662,163,47,62,0,-1,-1,-1,-1
667,132,662,164,48,62,0,-1,-1,-1,-1
668,132,663,166,48,63,0,-1,-1,-1,-1
669,132,665,167,48,64,0,-1,-1,-1,-1
670,132,665,167,49,65,0,-1,-1,-1,-1
671,132,667,167,49,65,0,-1,-1,-1,-1
672,132,669,166,49,66,0,-1,-1,-1,-1
673,132,669,166,49,66,0,-1,-1,-1,-1
674,132,670,165,49,67,0,-1,-1,-1,-1
675,132,670,165,50,66,0,-1,-1,-1,-1
676,132,670,164,50,67,0,-1,-1,-1,-1
677,132,670,165,50,67,0,-1,-1,-1,-1
678,132,671,166,50,68,0,-1,-1,-1,-1
679,132,671,167,50,67,0,-1,-1,-1,-1
680,132,670,168,52,70,0,-1,-1,-1,-1
681,132,670,172,52,71,0,-1,-1,-1,-1
682,132,669,174,53,71,0,-1,-1,-1,-1
683,132,668,177,54,72,0,-1,-1,-1,-1
684,132,665,181,55,73,0,-1,-1,-1,-1
685,132,664,182,55,74,0,-1,-1,-1,-1
686,132,661,184,55,74,0,-1,-1,-1,-1
687,132,655,185,57,75,0,-1,-1,-1,-1
688,132,653,185,57,76,0,-1,-1,-1,-1
689,132,649,185,58,77,0,-1,-1,-1,-1
690,132,646,184,60,80,0,-1,-1,-1,-1
691,132,645,184,60,80,0,-1,-1,-1,-1
692,132,644,183,62,81,0,-1,-1,-1,-1
693,132,645,182,61,83,0,-1,-1,-1,-1
694,132,645,182,62,83,0,-1,-1,-1,-1
695,132,646,183,62,83,0,-1,-1,-1,-1
696,132,645,186,64,84,0,-1,-1,-1,-1
697,132,645,187,64,85,0,-1,-1,-1,-1
698,132,646,190,65,87,0,-1,-1,-1,-1
699,132,647,195,67,89,0,-1,-1,-1,-1
700,132,648,196,68,91,0,-1,-1,-1,-1
701,132,652,201,67,90,0,-1,-1,-1,-1
702,132,656,204,69,93,0,-1,-1,-1,-1
703,132,658,205,70,94,0,-1,-1,-1,-1
704,132,661,207,71,95,0,-1,-1,-1,-1
705,132,665,207,72,96,0,-1,-1,-1,-1
706,132,667,207,72,97,0,-1,-1,-1,-1
707,132,670,207,73,98,0,-1,-1,-1,-1
708,132,672,208,75,101,0,-1,-1,-1,-1
709,132,673,208,76,102,0,-1,-1,-1,-1
710,132,674,208,78,105,0,-1,-1,-1,-1
711,132,675,210,80,108,0,-1,-1,-1,-1
712,132,676,210,80,110,0,-1,-1,-1,-1
713,132,677,213,82,113,0,-1,-1,-1,-1
714,132,679,220,84,114,0,-1,-1,-1,-1
714,149,608,168,30,45,0,-1,-1,-1,-1
715,132,679,222,85,115,0,-1,-1,-1,-1
715,149,607,167,30,46,0,-1,-1,-1,-1
716,132,680,228,86,118,0,-1,-1,-1,-1
716,149,604,167,30,46,0,-1,-1,-1,-1
717,132,680,236,88,121,0,-1,-1,-1,-1
717,149,601,168,30,45,0,-1,-1,-1,-1
718,132,680,239,89,122,0,-1,-1,-1,-1
718,149,600,168,30,45,0,-1,-1,-1,-1
719,132,679,244,90,124,0,-1,-1,-1,-1
719,149,597,168,30,46,0,-1,-1,-1,-1
720,132,676,249,92,126,0,-1,-1,-1,-1
720,149,594,167,31,47,0,-1,-1,-1,-1
721,132,676,251,91,126,0,-1,-1,-1,-1
721,149,594,167,31,47,0,-1,-1,-1,-1
722,132,673,254,94,129,0,-1,-1,-1,-1
722,149,591,167,32,47,0,-1,-1,-1,-1
723,132,673,257,96,133,0,-1,-1,-1,-1
723,149,589,167,31,47,0,-1,-1,-1,-1
724,132,673,259,97,133,0,-1,-1,-1,-1
724,149,588,168,31,46,0,-1,-1,-1,-1
725,132,676,261,100,138,0,-1,-1,-1,-1
725,149,586,169,30,46,0,-1,-1,-1,-1
726,132,684,264,101,138,0,-1,-1,-1,-1
726,149,584,169,30,46,0,-1,-1,-1,-1
727,132,687,265,101,138,0,-1,-1,-1,-1
727,149,583,169,30,46,0,-1,-1,-1,-1
728,132,694,269,104,143,0,-1,-1,-1,-1
728,149,582,169,30,46,0,-1,-1,-1,-1
729,132,706,276,109,148,0,-1,-1,-1,-1
729,149,580,169,30,46,0,-1,-1,-1,-1
730,132,710,279,111,150,0,-1,-1,-1,-1
730,149,579,170,31,45,0,-1,-1,-1,-1
731,132,718,286,117,155,0,-1,-1,-1,-1
731,149,577,170,29,45,0,-1,-1,-1,-1
732,132,739,296,118,156,0,-1,-1,-1,-1
732,149,573,171,30,46,0,-1,-1,-1,-1
733,132,746,299,120,157,0,-1,-1,-1,-1
733,149,572,171,30,46,0,-1,-1,-1,-1
734,132,770,312,118,154,0,-1,-1,-1,-1
734,149,569,172,32,47,0,-1,-1,-1,-1
735,132,795,321,121,155,0,-1,-1,-1,-1
735,149,567,172,33,50,0,-1,-1,-1,-1
736,132,804,325,122,155,0,-1,-1,-1,-1
736,149,566,173,34,50,0,-1,-1,-1,-1
737,132,820,325,129,161,0,-1,-1,-1,-1
737,149,565,174,35,51,0,-1,-1,-1,-1
738,132,850,327,133,164,0,-1,-1,-1,-1
738,149,566,175,35,51,0,-1,-1,-1,-1
739,132,861,328,135,165,0,-1,-1,-1,-1
739,149,566,175,36,52,0,-1,-1,-1,-1
740,132,881,328,140,172,0,-1,-1,-1,-1
740,149,567,175,37,53,0,-1,-1,-1,-1
741,132,908,332,144,178,0,-1,-1,-1,-1
741,149,568,176,39,53,0,-1,-1,-1,-1
742,149,569,176,39,54,0,-1,-1,-1,-1
743,149,570,177,39,54,0,-1,-1,-1,-1
744,149,571,178,40,54,0,-1,-1,-1,-1
745,149,572,179,40,53,0,-1,-1,-1,-1
746,149,573,179,41,54,0,-1,-1,-1,-1
747,149,574,178,44,57,0,-1,-1,-1,-1
748,149,575,177,44,58,0,-1,-1,-1,-1
749,149,577,178,45,58,0,-1,-1,-1,-1
750,149,579,180,45,58,0,-1,-1,-1,-1
751,149,580,181,45,57,0,-1,-1,-1,-1
752,149,582,181,45,57,0,-1,-1,-1,-1
753,149,585,182,45,57,0,-1,-1,-1,-1
754,149,586,182,45,57,0,-1,-1,-1,-1
755,149,588,183,44,56,0,-1,-1,-1,-1
756,149,589,182,46,58,0,-1,-1,-1,-1
757,149,590,182,45,58,0,-1,-1,-1,-1
758,149,591,182,46,58,0,-1,-1,-1,-1
759,149,591,182,47,58,0,-1,-1,-1,-1
760,149,591,181,47,60,0,-1,-1,-1,-1
761,149,591,182,47,59,0,-1,-1,-1,-1
762,149,591,182,47,59,0,-1,-1,-1,-1
763,149,591,182,47,59,0,-1,-1,-1,-1
764,149,590,182,47,59,0,-1,-1,-1,-1
765,149,589,183,48,60,0,-1,-1,-1,-1
766,149,589,183,47,60,0,-1,-1,-1,-1
767,149,588,185,47,59,0,-1,-1,-1,-1
768,149,584,185,49,61,0,-1,-1,-1,-1
769,149,583,185,49,62,0,-1,-1,-1,-1
770,149,580,186,50,63,0,-1,-1,-1,-1
771,149,576,187,51,64,0,-1,-1,-1,-1
772,149,575,188,50,63,0,-1,-1,-1,-1
773,149,571,190,51,63,0,-1,-1,-1,-1
774,149,568,190,50,64,0,-1,-1,-1,-1
775,149,566,190,51,65,0,-1,-1,-1,-1
776,149,565,192,50,63,0,-1,-1,-1,-1
777,149,563,193,50,63,0,-1,-1,-1,-1
778,149,563,194,49,62,0,-1,-1,-1,-1
779,149,562,195,50,62,0,-1,-1,-1,-1
780,149,561,196,50,62,0,-1,-1,-1,-1
781,149,561,196,50,62,0,-1,-1,-1,-1
782,149,561,196,51,63,0,-1,-1,-1,-1
783,149,561,197,51,64,0,-1,-1,-1,-1
784,149,561,197,52,64,0,-1,-1,-1,-1
785,149,562,199,52,64,0,-1,-1,-1,-1
786,149,564,200,53,66,0,-1,-1,-1,-1
787,149,564,201,54,67,0,-1,-1,-1,-1
788,149,566,203,55,68,0,-1,-1,-1,-1
789,149,569,206,55,68,0,-1,-1,-1,-1
790,149,571,207,55,68,0,-1,-1,-1,-1
791,149,575,209,54,68,0,-1,-1,-1,-1
792,149,580,210,55,68,0,-1,-1,-1,-1
793,149,582,210,55,68,0,-1,-1,-1,-1
794,149,587,210,55,68,0,-1,-1,-1,-1
795,149,593,210,56,68,0,-1,-1,-1,-1
796,149,595,209,56,69,0,-1,-1,-1,-1
797,149,601,209,56,68,0,-1,-1,-1,-1
798,149,607,209,56,69,0,-1,-1,-1,-1
799,149,609,209,57,69,0,-1,-1,-1,-1
800,149,613,209,57,70,0,-1,-1,-1,-1
801,149,617,209,59,70,0,-1,-1,-1,-1
802,149,619,209,58,71,0,-1,-1,-1,-1
803,149,622,210,59,70,0,-1,-1,-1,-1
804,149,626,211,60,71,0,-1,-1,-1,-1
805,149,627,211,60,72,0,-1,-1,-1,-1
806,149,629,212,62,74,0,-1,-1,-1,-1
807,149,632,214,62,75,0,-1,-1,-1,-1
808,149,633,214,63,76,0,-1,-1,-1,-1
809,149,634,216,64,76,0,-1,-1,-1,-1
810,149,635,217,66,79,0,-1,-1,-1,-1
811,149,636,218,66,80,0,-1,-1,-1,-1
812,149,636,218,67,82,0,-1,-1,-1,-1
813,149,636,219,68,82,0,-1,-1,-1,-1
814,149,637,220,67,82,0,-1,-1,-1,-1
815,149,637,220,68,83,0,-1,-1,-1,-1
816,149,639,221,67,82,0,-1,-1,-1,-1
817,149,639,221,67,83,0,-1,-1,-1,-1
818,149,641,222,67,82,0,-1,-1,-1,-1
819,149,643,223,67,82,0,-1,-1,-1,-1
820,149,643,223,67,82,0,-1,-1,-1,-1
821,149,644,223,68,83,0,-1,-1,-1,-1
822,149,645,224,69,83,0,-1,-1,-1,-1
823,149,645,224,69,84,0,-1,-1,-1,-1
824,149,646,225,69,84,0,-1,-1,-1,-1
825,149,647,226,69,85,0,-1,-1,-1,-1
826,149,647,227,69,84,0,-1,-1,-1,-1
827,149,648,227,69,85,0,-1,-1,-1,-1
828,149,648,228,70,84,0,-1,-1,-1,-1
829,149,648,228,70,84,0,-1,-1,-1,-1
830,149,648,228,70,85,0,-1,-1,-1,-1
831,149,648,228,70,85,0,-1,-1,-1,-1
832,149,648,228,70,85,0,-1,-1,-1,-1
833,149,648,228,71,85,0,-1,-1,-1,-1
834,149,647,227,72,86,0,-1,-1,-1,-1
835,149,647,227,71,86,0,-1,-1,-1,-1
836,149,646,226,72,87,0,-1,-1,-1,-1
837,149,645,226,73,88,0,-1,-1,-1,-1
838,149,645,226,73,88,0,-1,-1,-1,-1
839,149,644,227,73,88,0,-1,-1,-1,-1
840,149,644,229,72,88,0,-1,-1,-1,-1
841,149,644,231,71,87,0,-1,-1,-1,-1
842,149,643,233,71,86,0,-1,-1,-1,-1
843,149,642,235,71,85,0,-1,-1,-1,-1
844,149,642,236,70,85,0,-1,-1,-1,-1
845,149,642,236,70,85,0,-1,-1,-1,-1
846,149,641,236,71,86,0,-1,-1,-1,-1
847,149,641,235,71,87,0,-1,-1,-1,-1
848,149,640,236,72,86,0,-1,-1,-1,-1
849,149,640,237,72,87,0,-1,-1,-1,-1
850,149,640,237,72,88,0,-1,-1,-1,-1
851,149,640,239,73,89,0,-1,-1,-1,-1
852,149,641,244,74,90,0,-1,-1,-1,-1
853,149,641,246,75,90,0,-1,-1,-1,-1
854,149,643,250,76,91,0,-1,-1,-1,-1
855,149,647,256,76,92,0,-1,-1,-1,-1
856,149,648,258,77,93,0,-1,-1,-1,-1
857,149,652,263,78,95,0,-1,-1,-1,-1
858,149,660,269,78,95,0,-1,-1,-1,-1
859,149,663,271,79,95,0,-1,-1,-1,-1
860,149,671,274,80,97,0,-1,-1,-1,-1
861,149,682,277,82,98,0,-1,-1,-1,-1
862,149,687,278,82,98,0,-1,-1,-1,-1
863,149,696,279,84,100,0,-1,-1,-1,-1
864,149,706,280,86,102,0,-1,-1,-1,-1
865,149,710,280,87,103,0,-1,-1,-1,-1
866,149,717,281,88,105,0,-1,-1,-1,-1
867,149,725,283,90,106,0,-1,-1,-1,-1
868,149,729,284,90,106,0,-1,-1,-1,-1
869,149,737,286,93,109,0,-1,-1,-1,-1
870,149,747,290,95,112,0,-1,-1,-1,-1
871,149,750,291,97,114,0,-1,-1,-1,-1
872,149,760,297,100,117,0,-1,-1,-1,-1
873,149,772,307,102,120,0,-1,-1,-1,-1
874,149,777,311,103,121,0,-1,-1,-1,-1
875,149,784,319,105,124,0,-1,-1,-1,-1
876,149,792,331,107,127,0,-1,-1,-1,-1
877,149,795,336,108,128,0,-1,-1,-1,-1
878,149,799,345,111,132,0,-1,-1,-1,-1
879,149,805,355,113,135,0,-1,-1,-1,-1
880,149,808,358,113,137,0,-1,-1,-1,-1
881,149,814,364,117,140,0,-1,-1,-1,-1
882,149,825,372,120,145,0,-1,-1,-1,-1
883,149,829,375,121,147,0,-1,-1,-1,-1
884,149,838,380,127,154,0,-1,-1,-1,-1
885,149,857,387,127,154,0,-1,-1,-1,-1
886,149,864,389,127,155,0,-1,-1,-1,-1
887,149,881,395,130,160,0,-1,-1,-1,-1
888,149,902,405,135,167,0,-1,-1,-1,-1
889,149,909,408,138,170,0,-1,-1,-1,-1
1462,215,782,189,29,58,0,-1,-1,-1,-1
1463,215,779,194,27,52,0,-1,-1,-1,-1
1464,215,772,196,25,48,0,-1,-1,-1,-1
1465,215,771,196,24,47,0,-1,-1,-1,-1
1466,215,764,193,26,49,0,-1,-1,-1,-1
1467,215,755,191,29,51,0,-1,-1,-1,-1
1468,215,752,190,30,52,0,-1,-1,-1,-1
1469,215,746,187,32,55,0,-1,-1,-1,-1
1470,215,740,187,33,55,0,-1,-1,-1,-1
1471,215,738,187,33,55,0,-1,-1,-1,-1
1472,215,733,188,34,54,0,-1,-1,-1,-1
1473,215,729,192,32,50,0,-1,-1,-1,-1
1474,215,727,193,32,49,0,-1,-1,-1,-1
1475,215,722,193,33,50,0,-1,-1,-1,-1
1476,215,718,194,33,49,0,-1,-1,-1,-1
1477,215,716,195,34,49,0,-1,-1,-1,-1
1478,215,712,195,35,50,0,-1,-1,-1,-1
1479,215,708,196,35,50,0,-1,-1,-1,-1
1480,215,706,197,36,49,0,-1,-1,-1,-1
1481,215,702,198,37,50,0,-1,-1,-1,-1
1482,215,696,198,39,52,0,-1,-1,-1,-1
1483,215,694,198,39,52,0,-1,-1,-1,-1
1484,215,691,198,40,53,0,-1,-1,-1,-1
1485,215,686,197,41,54,0,-1,-1,-1,-1
1486,215,685,197,40,53,0,-1,-1,-1,-1
1487,215,681,197,41,54,0,-1,-1,-1,-1
1488,215,677,198,42,55,0,-1,-1,-1,-1
1489,215,676,198,42,55,0,-1,-1,-1,-1
1490,215,673,200,43,54,0,-1,-1,-1,-1
1491,215,670,200,43,56,0,-1,-1,-1,-1
1492,215,669,200,43,56,0,-1,-1,-1,-1
1493,215,664,200,45,57,0,-1,-1,-1,-1
1494,215,661,201,44,58,0,-1,-1,-1,-1
1495,215,660,202,44,57,0,-1,-1,-1,-1
1496,215,657,204,44,56,0,-1,-1,-1,-1
1497,215,653,207,44,55,0,-1,-1,-1,-1
1498,215,652,208,43,55,0,-1,-1,-1,-1
1499,215,648,209,44,57,0,-1,-1,-1,-1
1500,215,642,211,46,58,0,-1,-1,-1,-1
1501,215,640,211,47,59,0,-1,-1,-1,-1
1502,215,637,214,46,59,0,-1,-1,-1,-1
1503,215,632,214,47,60,0,-1,-1,-1,-1
1504,215,630,215,48,60,0,-1,-1,-1,-1
1505,215,627,217,47,59,0,-1,-1,-1,-1
1506,215,624,218,47,59,0,-1,-1,-1,-1
1507,215,623,219,47,59,0,-1,-1,-1,-1
1508,215,620,220,47,59,0,-1,-1,-1,-1
1509,215,618,220,48,61,0,-1,-1,-1,-1
1510,215,617,220,49,62,0,-1,-1,-1,-1
1511,215,616,221,51,64,0,-1,-1,-1,-1
1512,215,617,225,51,63,0,-1,-1,-1,-1
1513,215,618,226,50,63,0,-1,-1,-1,-1
1514,215,620,230,50,63,0,-1,-1,-1,-1
1515,215,622,233,51,65,0,-1,-1,-1,-1
1516,215,624,235,51,65,0,-1,-1,-1,-1
1517,215,627,239,50,64,0,-1,-1,-1,-1
1518,215,631,240,50,64,0,-1,-1,-1,-1
1519,215,633,241,50,63,0,-1,-1,-1,-1
1520,215,635,239,52,66,0,-1,-1,-1,-1
1521,215,638,239,53,68,0,-1,-1,-1,-1
1522,215,639,239,54,69,0,-1,-1,-1,-1
1523,215,643,242,53,68,0,-1,-1,-1,-1
1524,215,646,244,54,69,0,-1,-1,-1,-1
1525,215,647,244,55,70,0,-1,-1,-1,-1
1526,215,648,244,57,73,0,-1,-1,-1,-1
1527,215,653,249,58,74,0,-1,-1,-1,-1
1528,215,655,251,57,74,0,-1,-1,-1,-1
1529,215,659,257,57,74,0,-1,-1,-1,-1
1530,215,664,266,57,73,0,-1,-1,-1,-1
1531,215,666,269,56,73,0,-1,-1,-1,-1
1532,215,669,274,58,74,0,-1,-1,-1,-1
1533,215,673,277,59,76,0,-1,-1,-1,-1
1534,215,675,279,59,76,0,-1,-1,-1,-1
1535,215,678,280,61,79,0,-1,-1,-1,-1
1536,215,682,283,62,80,0,-1,-1,-1,-1
1537,215,684,284,62,80,0,-1,-1,-1,-1
1538,215,689,285,63,81,0,-1,-1,-1,-1
1539,215,695,285,65,84,0,-1,-1,-1,-1
1540,215,697,285,66,85,0,-1,-1,-1,-1
1541,215,702,286,68,88,0,-1,-1,-1,-1
1542,215,710,293,68,89,0,-1,-1,-1,-1
1543,215,713,295,69,90,0,-1,-1,-1,-1
1544,215,720,304,69,90,0,-1,-1,-1,-1
1545,215,730,317,68,89,0,-1,-1,-1,-1
1546,215,734,321,67,89,0,-1,-1,-1,-1
1547,215,743,329,68,90,0,-1,-1,-1,-1
1548,215,748,323,79,104,0,-1,-1,-1,-1
1549,215,750,321,83,109,0,-1,-1,-1,-1
1550,215,757,320,88,115,0,-1,-1,-1,-1
1551,215,765,314,97,128,0,-1,-1,-1,-1
1552,215,769,311,99,133,0,-1,-1,-1,-1
1553,215,785,324,94,125,0,-1,-1,-1,-1
1554,215,801,335,92,123,0,-1,-1,-1,-1
1555,215,806,339,92,123,0,-1,-1,-1,-1
1556,215,815,345,94,126,0,-1,-1,-1,-1
1557,215,831,357,95,127,0,-1,-1,-1,-1
1558,215,838,362,94,127,0,-1,-1,-1,-1
1559,215,851,377,95,128,0,-1,-1,-1,-1
1560,215,863,382,106,142,0,-1,-1,-1,-1
1561,215,869,386,108,145,0,-1,-1,-1,-1
1562,215,888,416,99,130,0,-1,-1,-1,-1
1563,215,907,429,101,132,0,-1,-1,-1,-1
1564,215,913,434,102,133,0,-1,-1,-1,-1
1565,215,932,446,103,133,0,-1,-1,-1,-1
1636,233,765,215,38,45,0,-1,-1,-1,-1
1637,233,758,215,38,44,0,-1,-1,-1,-1
1638,233,748,212,39,46,0,-1,-1,-1,-1
1639,233,745,211,40,47,0,-1,-1,-1,-1
1640,233,739,209,40,47,0,-1,-1,-1,-1
1641,233,732,206,41,49,0,-1,-1,-1,-1
1642,233,729,205,42,50,0,-1,-1,-1,-1
1643,233,723,202,44,52,0,-1,-1,-1,-1
1644,233,718,203,44,52,0,-1,-1,-1,-1
1645,233,717,203,43,52,0,-1,-1,-1,-1
1646,233,714,204,43,53,0,-1,-1,-1,-1
1647,233,710,206,44,53,0,-1,-1,-1,-1
1648,233,710,207,43,53,0,-1,-1,-1,-1
1649,233,708,210,43,53,0,-1,-1,-1,-1
1650,233,707,212,43,53,0,-1,-1,-1,-1
1651,233,706,213,44,53,0,-1,-1,-1,-1
1652,233,705,213,44,55,0,-1,-1,-1,-1
1653,233,704,214,44,55,0,-1,-1,-1,-1
1654,233,703,214,44,55,0,-1,-1,-1,-1
1655,233,701,214,45,56,0,-1,-1,-1,-1
1656,233,698,214,46,57,0,-1,-1,-1,-1
1657,233,698,214,45,57,0,-1,-1,-1,-1
1658,233,695,215,46,58,0,-1,-1,-1,-1
1659,233,692,217,46,59,0,-1,-1,-1,-1
1660,233,690,217,47,59,0,-1,-1,-1,-1
1661,233,687,220,47,60,0,-1,-1,-1,-1
1662,233,682,225,48,60,0,-1,-1,-1,-1
1663,233,680,226,48,61,0,-1,-1,-1,-1
1664,233,675,231,49,62,0,-1,-1,-1,-1
1665,233,670,235,50,63,0,-1,-1,-1,-1
1666,233,669,237,49,62,0,-1,-1,-1,-1
1667,233,665,238,50,63,0,-1,-1,-1,-1
1668,233,661,238,51,65,0,-1,-1,-1,-1
1669,233,659,238,51,65,0,-1,-1,-1,-1
1670,233,656,238,52,66,0,-1,-1,-1,-1
1671,233,653,238,53,67,0,-1,-1,-1,-1
1672,233,652,238,54,67,0,-1,-1,-1,-1
1673,233,651,240,54,68,0,-1,-1,-1,-1
1674,233,650,244,56,70,0,-1,-1,-1,-1
1675,233,650,246,56,70,0,-1,-1,-1,-1
1676,233,649,250,58,73,0,-1,-1,-1,-1
1677,233,652,257,58,74,0,-1,-1,-1,-1
1678,233,653,260,58,74,0,-1,-1,-1,-1
1679,233,655,265,59,76,0,-1,-1,-1,-1
1680,233,660,270,60,76,0,-1,-1,-1,-1
1681,233,661,272,61,76,0,-1,-1,-1,-1
1682,233,666,274,61,77,0,-1,-1,-1,-1
1683,233,671,275,63,80,0,-1,-1,-1,-1
1684,233,673,275,63,81,0,-1,-1,-1,-1
1685,233,676,275,65,83,0,-1,-1,-1,-1
1686,233,681,277,67,85,0,-1,-1,-1,-1
1687,233,682,277,68,87,0,-1,-1,-1,-1
1688,233,685,281,70,89,0,-1,-1,-1,-1
1689,233,690,288,70,92,0,-1,-1,-1,-1
1690,233,691,291,72,92,0,-1,-1,-1,-1
1691,233,694,299,73,94,0,-1,-1,-1,-1
1692,233,697,310,74,96,0,-1,-1,-1,-1
1693,233,698,314,74,96,0,-1,-1,-1,-1
1694,233,699,321,77,99,0,-1,-1,-1,-1
1695,233,702,326,78,102,0,-1,-1,-1,-1
1696,233,703,328,78,103,0,-1,-1,-1,-1
1697,233,707,332,80,104,0,-1,-1,-1,-1
1698,233,714,335,82,106,0,-1,-1,-1,-1
1699,233,717,337,82,106,0,-1,-1,-1,-1
1700,233,724,339,83,108,0,-1,-1,-1,-1
1701,233,734,343,86,112,0,-1,-1,-1,-1
1702,233,737,345,88,113,0,-1,-1,-1,-1
1703,233,745,350,93,120,0,-1,-1,-1,-1
1704,233,758,360,98,126,0,-1,-1,-1,-1
1705,233,763,363,100,129,0,-1,-1,-1,-1
1706,233,776,374,104,132,0,-1,-1,-1,-1
1707,233,797,391,103,132,0,-1,-1,-1,-1
1708,233,804,398,104,132,0,-1,-1,-1,-1
1709,233,823,407,107,135,0,-1,-1,-1,-1
1710,233,849,418,108,136,0,-1,-1,-1,-1
1711,233,858,422,109,136,0,-1,-1,-1,-1
1712,233,877,426,114,142,0,-1,-1,-1,-1
1713,233,902,434,117,146,0,-1,-1,-1,-1
1714,233,911,438,119,147,0,-1,-1,-1,-1
1715,233,931,445,123,153,0,-1,-1,-1,-1
1818,255,786,195,23,42,0,-1,-1,-1,-1
1819,255,785,195,23,43,0,-1,-1,-1,-1
1820,255,781,194,25,46,0,-1,-1,-1,-1
1821,255,776,195,26,46,0,-1,-1,-1,-1
1822,255,774,195,26,47,0,-1,-1,-1,-1
1823,255,768,195,28,47,0,-1,-1,-1,-1
1824,255,761,194,29,48,0,-1,-1,-1,-1
1825,255,758,193,30,49,0,-1,-1,-1,-1
1826,255,752,192,31,50,0,-1,-1,-1,-1
1827,255,745,191,33,50,0,-1,-1,-1,-1
1828,255,742,190,34,51,0,-1,-1,-1,-1
1829,255,736,189,35,52,0,-1,-1,-1,-1
1830,255,730,189,36,51,0,-1,-1,-1,-1
1831,255,727,189,37,51,0,-1,-1,-1,-1
1832,255,723,188,38,53,0,-1,-1,-1,-1
1833,255,719,190,38,53,0,-1,-1,-1,-1
1834,255,717,191,39,52,0,-1,-1,-1,-1
1835,255,714,194,39,51,0,-1,-1,-1,-1
1836,255,711,197,39,52,0,-1,-1,-1,-1
1837,255,709,198,40,52,0,-1,-1,-1,-1
1838,255,707,201,41,52,0,-1,-1,-1,-1
1839,255,705,204,41,53,0,-1,-1,-1,-1
1840,255,704,206,42,52,0,-1,-1,-1,-1
1841,255,704,208,42,53,0,-1,-1,-1,-1
1842,255,703,209,43,53,0,-1,-1,-1,-1
1843,255,702,210,44,53,0,-1,-1,-1,-1
1844,255,702,210,44,54,0,-1,-1,-1,-1
1845,255,701,210,45,54,0,-1,-1,-1,-1
1846,255,701,209,45,55,0,-1,-1,-1,-1
1847,255,699,210,46,55,0,-1,-1,-1,-1
1848,255,697,210,47,56,0,-1,-1,-1,-1
1849,255,697,211,46,55,0,-1,-1,-1,-1
1850,255,694,211,47,56,0,-1,-1,-1,-1
1851,255,691,212,48,57,0,-1,-1,-1,-1
1852,255,690,213,49,57,0,-1,-1,-1,-1
1853,255,687,215,49,57,0,-1,-1,-1,-1
1854,255,683,218,51,58,0,-1,-1,-1,-1
1855,255,681,219,52,59,0,-1,-1,-1,-1
1856,255,678,221,52,61,0,-1,-1,-1,-1
1857,255,673,225,54,62,0,-1,-1,-1,-1
1858,255,671,226,54,63,0,-1,-1,-1,-1
1859,255,667,230,55,63,0,-1,-1,-1,-1
1860,255,661,232,55,64,0,-1,-1,-1,-1
1861,255,658,233,56,65,0,-1,-1,-1,-1
1862,255,654,234,56,65,0,-1,-1,-1,-1
1863,255,649,235,57,66,0,-1,-1,-1,-1
1864,255,647,235,57,66,0,-1,-1,-1,-1
1865,255,644,234,59,67,0,-1,-1,-1,-1
1866,255,642,233,60,69,0,-1,-1,-1,-1
1867,255,641,232,60,70,0,-1,-1,-1,-1
1868,255,640,232,62,71,0,-1,-1,-1,-1
1869,255,640,235,62,72,0,-1,-1,-1,-1
1870,255,640,236,63,72,0,-1,-1,-1,-1
1871,255,640,239,64,74,0,-1,-1,-1,-1
1872,255,642,246,64,75,0,-1,-1,-1,-1
1873,255,643,249,65,75,0,-1,-1,-1,-1
1874,255,646,255,65,77,0,-1,-1,-1,-1
1875,255,651,264,66,77,0,-1,-1,-1,-1
1876,255,653,268,66,77,0,-1,-1,-1,-1
1877,255,658,273,67,77,0,-1,-1,-1,-1
1878,255,665,277,69,79,0,-1,-1,-1,-1
1879,255,668,279,69,79,0,-1,-1,-1,-1
1880,255,674,280,69,80,0,-1,-1,-1,-1
1881,255,680,281,70,81,0,-1,-1,-1,-1
1882,255,682,281,71,82,0,-1,-1,-1,-1
1883,255,686,281,73,83,0,-1,-1,-1,-1
1884,255,690,281,76,87,0,-1,-1,-1,-1
1885,255,692,281,77,88,0,-1,-1,-1,-1
1886,255,696,284,79,90,0,-1,-1,-1,-1
1887,255,702,291,80,92,0,-1,-1,-1,-1
1888,255,704,294,81,92,0,-1,-1,-1,-1
1889,255,708,301,84,96,0,-1,-1,-1,-1
1890,255,713,312,87,99,0,-1,-1,-1,-1
1891,255,715,316,88,101,0,-1,-1,-1,-1
1892,255,720,327,89,102,0,-1,-1,-1,-1
1893,255,727,338,90,104,0,-1,-1,-1,-1
1894,255,730,343,91,104,0,-1,-1,-1,-1
1895,255,736,350,92,105,0,-1,-1,-1,-1
1896,255,744,355,94,108,0,-1,-1,-1,-1
1897,255,747,357,95,109,0,-1,-1,-1,-1
1898,255,756,359,97,111,0,-1,-1,-1,-1
1899,255,768,360,101,114,0,-1,-1,-1,-1
1900,255,772,360,103,115,0,-1,-1,-1,-1
1901,255,784,360,107,120,0,-1,-1,-1,-1
1902,255,800,366,110,125,0,-1,-1,-1,-1
1903,255,806,369,112,125,0,-1,-1,-1,-1
1904,255,820,378,117,132,0,-1,-1,-1,-1
