35,12,760,174,42,45,0,-1,-1,-1,-1
36,12,759,173,42,46,0,-1,-1,-1,-1
37,12,755,173,41,45,0,-1,-1,-1,-1
38,12,748,172,41,45,0,-1,-1,-1,-1
39,12,746,172,41,45,0,-1,-1,-1,-1
40,12,741,172,42,45,0,-1,-1,-1,-1
41,12,735,171,43,46,0,-1,-1,-1,-1
42,12,733,171,43,46,0,-1,-1,-1,-1
43,12,730,171,43,46,0,-1,-1,-1,-1
44,12,727,171,42,46,0,-1,-1,-1,-1
45,12,726,171,42,46,0,-1,-1,-1,-1
46,12,724,172,42,46,0,-1,-1,-1,-1
47,12,722,172,41,46,0,-1,-1,-1,-1
48,12,721,172,41,46,0,-1,-1,-1,-1
49,12,720,173,41,45,0,-1,-1,-1,-1
50,12,718,174,43,47,0,-1,-1,-1,-1
51,12,718,174,43,48,0,-1,-1,-1,-1
52,12,717,174,43,49,0,-1,-1,-1,-1
53,12,716,175,43,49,0,-1,-1,-1,-1
54,12,715,176,43,48,0,-1,-1,-1,-1
55,12,715,176,43,49,0,-1,-1,-1,-1
56,12,714,177,43,49,0,-1,-1,-1,-1
57,12,714,178,42,48,0,-1,-1,-1,-1
58,12,714,179,41,48,0,-1,-1,-1,-1
59,12,712,181,43,50,0,-1,-1,-1,-1
60,12,711,182,44,50,0,-1,-1,-1,-1
61,12,711,183,44,51,0,-1,-1,-1,-1
62,12,709,184,45,52,0,-1,-1,-1,-1
63,12,709,184,45,52,0,-1,-1,-1,-1
64,12,708,184,45,52,0,-1,-1,-1,-1
65,12,707,183,45,52,0,-1,-1,-1,-1
66,12,707,182,45,53,0,-1,-1,-1,-1
67,12,706,182,44,53,0,-1,-1,-1,-1
68,12,704,181,45,53,0,-1,-1,-1,-1
69,12,704,181,44,52,0,-1,-1,-1,-1
70,12,703,180,45,53,0,-1,-1,-1,-1
71,12,702,178,45,54,0,-1,-1,-1,-1
72,12,701,178,45,54,0,-1,-1,-1,-1
73,12,701,177,45,54,0,-1,-1,-1,-1
74,12,700,177,45,55,0,-1,-1,-1,-1
75,12,700,177,45,55,0,-1,-1,-1,-1
76,12,698,177,46,56,0,-1,-1,-1,-1
77,12,695,178,48,58,0,-1,-1,-1,-1
78,12,694,178,49,60,0,-1,-1,-1,-1
79,12,692,179,49,60,0,-1,-1,-1,-1
80,12,689,179,49,61,0,-1,-1,-1,-1
81,12,688,180,49,60,0,-1,-1,-1,-1
82,12,685,180,48,61,0,-1,-1,-1,-1
83,12,680,180,49,61,0,-1,-1,-1,-1
84,12,678,180,50,61,0,-1,-1,-1,-1
85,12,675,179,50,63,0,-1,-1,-1,-1
86,12,671,178,51,64,0,-1,-1,-1,-1
87,12,670,178,51,64,0,-1,-1,-1,-1
88,12,669,179,50,63,0,-1,-1,-1,-1
89,12,667,179,49,62,0,-1,-1,-1,-1
90,12,666,180,49,61,0,-1,-1,-1,-1
91,12,666,180,48,61,0,-1,-1,-1,-1
92,12,665,180,49,61,0,-1,-1,-1,-1
93,12,665,180,49,61,0,-1,-1,-1,-1
94,12,666,179,48,62,0,-1,-1,-1,-1
95,12,668,178,49,62,0,-1,-1,-1,-1
96,12,669,178,49,62,0,-1,-1,-1,-1
97,12,672,177,49,62,0,-1,-1,-1,-1
98,12,678,178,48,60,0,-1,-1,-1,-1
99,12,680,178,48,60,0,-1,-1,-1,-1
100,12,685,178,46,59,0,-1,-1,-1,-1
101,12,690,179,44,58,0,-1,-1,-1,-1
102,12,692,180,42,56,0,-1,-1,-1,-1
103,12,694,180,41,56,0,-1,-1,-1,-1
104,12,696,180,40,55,0,-1,-1,-1,-1
105,12,697,180,39,55,0,-1,-1,-1,-1
106,12,698,179,39,55,0,-1,-1,-1,-1
107,12,699,179,38,55,0,-1,-1,-1,-1
108,12,699,179,38,54,0,-1,-1,-1,-1
109,12,699,178,38,55,0,-1,-1,-1,-1
110,12,700,178,37,54,0,-1,-1,-1,-1
111,12,701,178,36,54,0,-1,-1,-1,-1
112,12,702,178,36,53,0,-1,-1,-1,-1
113,12,703,177,36,54,0,-1,-1,-1,-1
114,12,704,177,35,54,0,-1,-1,-1,-1
115,12,705,176,35,54,0,-1,-1,-1,-1
116,12,706,175,35,55,0,-1,-1,-1,-1
117,12,706,175,35,54,0,-1,-1,-1,-1
118,12,707,174,35,55,0,-1,-1,-1,-1
119,12,708,174,35,55,0,-1,-1,-1,-1
120,12,708,174,35,54,0,-1,-1,-1,-1
121,12,709,174,34,54,0,-1,-1,-1,-1
122,12,709,174,35,54,0,-1,-1,-1,-1
123,12,709,174,35,54,0,-1,-1,-1,-1
124,12,707,173,36,56,0,-1,-1,-1,-1
125,12,704,174,36,55,0,-1,-1,-1,-1
126,12,703,174,36,55,0,-1,-1,-1,-1
127,12,700,174,38,56,0,-1,-1,-1,-1
128,12,698,174,39,57,0,-1,-1,-1,-1
129,12,697,174,40,57,0,-1,-1,-1,-1
130,12,696,174,40,57,0,-1,-1,-1,-1
131,12,695,174,41,58,0,-1,-1,-1,-1
132,12,695,175,41,57,0,-1,-1,-1,-1
133,12,694,175,42,57,0,-1,-1,-1,-1
134,12,694,176,42,57,0,-1,-1,-1,-1
135,12,694,176,42,57,0,-1,-1,-1,-1
136,12,694,177,42,56,0,-1,-1,-1,-1
137,12,694,178,42,56,0,-1,-1,-1,-1
138,12,694,178,43,56,0,-1,-1,-1,-1
139,12,694,179,43,56,0,-1,-1,-1,-1
140,12,693,179,44,57,0,-1,-1,-1,-1
141,12,692,179,45,58,0,-1,-1,-1,-1
142,12,692,179,45,59,0,-1,-1,-1,-1
143,12,690,179,46,59,0,-1,-1,-1,-1
144,12,690,179,46,59,0,-1,-1,-1,-1
145,12,689,179,46,59,0,-1,-1,-1,-1
146,12,687,180,47,59,0,-1,-1,-1,-1
147,12,686,180,47,60,0,-1,-1,-1,-1
148,12,685,182,46,59,0,-1,-1,-1,-1
149,12,682,183,47,60,0,-1,-1,-1,-1
150,12,681,184,47,59,0,-1,-1,-1,-1
151,12,678,184,48,61,0,-1,-1,-1,-1
152,12,674,185,48,61,0,-1,-1,-1,-1
153,12,672,185,49,61,0,-1,-1,-1,-1
154,12,670,186,48,60,0,-1,-1,-1,-1
155,12,667,186,48,61,0,-1,-1,-1,-1
156,12,666,186,48,61,0,-1,-1,-1,-1
157,12,664,187,49,62,0,-1,-1,-1,-1
158,12,662,188,49,62,0,-1,-1,-1,-1
159,12,662,189,49,61,0,-1,-1,-1,-1
160,12,661,189,49,63,0,-1,-1,-1,-1
161,12,660,191,50,64,0,-1,-1,-1,-1
162,12,660,192,51,64,0,-1,-1,-1,-1
163,12,660,193,51,64,0,-1,-1,-1,-1
164,12,661,195,50,64,0,-1,-1,-1,-1
165,12,661,196,50,63,0,-1,-1,-1,-1
166,12,663,198,48,60,0,-1,-1,-1,-1
167,12,664,201,48,60,0,-1,-1,-1,-1
168,12,665,203,48,59,0,-1,-1,-1,-1
169,12,666,205,50,61,0,-1,-1,-1,-1
170,12,669,209,51,63,0,-1,-1,-1,-1
171,12,670,210,52,65,0,-1,-1,-1,-1
172,12,674,213,54,66,0,-1,-1,-1,-1
173,12,679,215,56,68,0,-1,-1,-1,-1
174,12,681,216,56,69,0,-1,-1,-1,-1
175,12,687,217,56,69,0,-1,-1,-1,-1
176,12,692,216,57,70,0,-1,-1,-1,-1
177,12,694,215,57,71,0,-1,-1,-1,-1
178,12,698,212,58,73,0,-1,-1,-1,-1
179,12,701,209,59,74,0,-1,-1,-1,-1
180,12,703,208,59,74,0,-1,-1,-1,-1
181,12,706,206,60,75,0,-1,-1,-1,-1
182,12,709,204,61,77,0,-1,-1,-1,-1
183,12,710,203,62,78,0,-1,-1,-1,-1
184,12,713,204,62,78,0,-1,-1,-1,-1
185,12,715,205,64,81,0,-1,-1,-1,-1
186,12,716,206,64,81,0,-1,-1,-1,-1
187,12,718,208,64,82,0,-1,-1,-1,-1
188,12,720,213,62,80,0,-1,-1,-1,-1
189,12,721,215,61,78,0,-1,-1,-1,-1
190,12,719,219,65,84,0,-1,-1,-1,-1
191,12,720,224,61,80,0,-1,-1,-1,-1
192,12,720,227,60,77,0,-1,-1,-1,-1
193,12,717,231,60,77,0,-1,-1,-1,-1
194,12,712,235,64,83,0,-1,-1,-1,-1
195,12,710,237,66,84,0,-1,-1,-1,-1
196,12,706,238,69,89,0,-1,-1,-1,-1
197,12,702,238,71,92,0,-1,-1,-1,-1
198,12,701,239,71,92,0,-1,-1,-1,-1
199,12,700,238,71,93,0,-1,-1,-1,-1
200,12,700,238,71,93,0,-1,-1,-1,-1
201,12,700,238,71,92,0,-1,-1,-1,-1
202,12,701,237,72,94,0,-1,-1,-1,-1
203,12,702,239,75,96,0,-1,-1,-1,-1
204,12,703,240,75,97,0,-1,-1,-1,-1
205,12,706,244,73,94,0,-1,-1,-1,-1
206,12,709,252,73,94,0,-1,-1,-1,-1
207,12,710,255,73,94,0,-1,-1,-1,-1
208,12,713,262,73,94,0,-1,-1,-1,-1
209,12,714,273,80,103,0,-1,-1,-1,-1
210,12,714,276,83,107,0,-1,-1,-1,-1
211,12,719,283,84,108,0,-1,-1,-1,-1
212,12,729,292,84,109,0,-1,-1,-1,-1
213,12,732,295,85,110,0,-1,-1,-1,-1
214,12,742,300,87,111,0,-1,-1,-1,-1
215,12,753,303,89,115,0,-1,-1,-1,-1
216,12,757,304,90,116,0,-1,-1,-1,-1
217,12,766,306,91,117,0,-1,-1,-1,-1
218,12,774,308,94,121,0,-1,-1,-1,-1
219,12,777,309,95,121,0,-1,-1,-1,-1
220,12,784,309,98,127,0,-1,-1,-1,-1
221,12,791,314,102,130,0,-1,-1,-1,-1
222,12,794,315,103,132,0,-1,-1,-1,-1
223,12,800,322,105,135,0,-1,-1,-1,-1
224,12,807,333,110,141,0,-1,-1,-1,-1
225,12,810,337,112,143,0,-1,-1,-1,-1
226,12,816,350,115,146,0,-1,-1,-1,-1
227,12,823,366,118,151,0,-1,-1,-1,-1
228,12,825,372,120,153,0,-1,-1,-1,-1
229,12,828,385,123,158,0,-1,-1,-1,-1
230,12,832,401,127,162,0,-1,-1,-1,-1
231,12,834,407,127,163,0,-1,-1,-1,-1
232,12,838,416,130,166,0,-1,-1,-1,-1
233,12,843,421,134,171,0,-1,-1,-1,-1
234,12,845,423,135,172,0,-1,-1,-1,-1
235,12,852,422,139,177,0,-1,-1,-1,-1
236,12,863,421,146,185,0,-1,-1,-1,-1
237,12,868,421,149,188,0,-1,-1,-1,-1
238,12,880,426,153,192,0,-1,-1,-1,-1
530,69,775,161,31,53,0,-1,-1,-1,-1
531,69,773,161,32,53,0,-1,-1,-1,-1
532,69,768,162,32,52,0,-1,-1,-1,-1
533,69,762,164,31,51,0,-1,-1,-1,-1
534,69,760,164,32,51,0,-1,-1,-1,-1
535,69,755,165,33,52,0,-1,-1,-1,-1
536,69,749,169,33,52,0,-1,-1,-1,-1
537,69,747,170,34,52,0,-1,-1,-1,-1
538,69,742,171,36,54,0,-1,-1,-1,-1
539,69,738,173,37,56,0,-1,-1,-1,-1
540,69,736,174,38,56,0,-1,-1,-1,-1
541,69,733,174,39,58,0,-1,-1,-1,-1
542,69,731,176,38,57,0,-1,-1,-1,-1
543,69,730,177,39,56,0,-1,-1,-1,-1
544,69,727,177,40,57,0,-1,-1,-1,-1
545,69,724,177,41,57,0,-1,-1,-1,-1
546,69,723,177,41,57,0,-1,-1,-1,-1
547,69,721,178,41,57,0,-1,-1,-1,-1
548,69,719,180,41,57,0,-1,-1,-1,-1
549,69,718,181,42,57,0,-1,-1,-1,-1
550,69,715,182,45,59,0,-1,-1,-1,-1
551,69,713,187,45,60,0,-1,-1,-1,-1
552,69,712,189,45,60,0,-1,-1,-1,-1
553,69,710,195,45,59,0,-1,-1,-1,-1
554,69,707,200,45,60,0,-1,-1,-1,-1
555,69,706,202,45,60,0,-1,-1,-1,-1
556,69,702,202,48,64,0,-1,-1,-1,-1
557,69,698,203,50,66,0,-1,-1,-1,-1
558,69,696,203,51,66,0,-1,-1,-1,-1
559,69,695,206,49,64,0,-1,-1,-1,-1
560,69,693,206,49,65,0,-1,-1,-1,-1
561,69,692,206,50,66,0,-1,-1,-1,-1
562,69,690,205,52,68,0,-1,-1,-1,-1
563,69,690,206,53,69,0,-1,-1,-1,-1
564,69,690,207,53,69,0,-1,-1,-1,-1
565,69,690,209,54,70,0,-1,-1,-1,-1
566,69,692,214,55,72,0,-1,-1,-1,-1
567,69,692,216,56,72,0,-1,-1,-1,-1
568,69,694,219,57,75,0,-1,-1,-1,-1
569,69,696,222,61,78,0,-1,-1,-1,-1
570,69,698,223,61,80,0,-1,-1,-1,-1
571,69,702,228,60,79,0,-1,-1,-1,-1
572,69,707,231,61,79,0,-1,-1,-1,-1
573,69,709,232,61,79,0,-1,-1,-1,-1
574,69,714,231,63,82,0,-1,-1,-1,-1
575,69,720,228,67,87,0,-1,-1,-1,-1
576,69,722,227,68,89,0,-1,-1,-1,-1
577,69,728,228,69,89,0,-1,-1,-1,-1
578,69,735,230,70,91,0,-1,-1,-1,-1
579,69,738,230,70,93,0,-1,-1,-1,-1
580,69,745,238,69,90,0,-1,-1,-1,-1
581,69,752,246,71,92,0,-1,-1,-1,-1
582,69,755,249,71,93,0,-1,-1,-1,-1
583,69,762,257,72,96,0,-1,-1,-1,-1
584,69,770,269,74,98,0,-1,-1,-1,-1
585,69,773,274,74,98,0,-1,-1,-1,-1
586,69,776,275,81,107,0,-1,-1,-1,-1
587,69,778,272,88,119,0,-1,-1,-1,-1
588,69,779,270,91,124,0,-1,-1,-1,-1
589,69,784,270,93,128,0,-1,-1,-1,-1
590,69,793,273,94,128,0,-1,-1,-1,-1
591,69,796,274,94,129,0,-1,-1,-1,-1
592,69,805,273,96,133,0,-1,-1,-1,-1
593,69,819,278,97,135,0,-1,-1,-1,-1
594,69,824,280,98,136,0,-1,-1,-1,-1
595,69,837,288,99,138,0,-1,-1,-1,-1
596,69,854,306,100,137,0,-1,-1,-1,-1
597,69,861,312,99,137,0,-1,-1,-1,-1
598,69,874,322,105,143,0,-1,-1,-1,-1
599,69,894,338,107,146,0,-1,-1,-1,-1
600,69,901,345,109,147,0,-1,-1,-1,-1
601,69,924,363,107,144,0,-1,-1,-1,-1
1148,69,793,144,16,38,0,-1,-1,-1,-1
1149,69,793,144,16,39,0,-1,-1,-1,-1
1150,69,790,146,16,38,0,-1,-1,-1,-1
1151,69,786,148,17,37,0,-1,-1,-1,-1
1152,69,785,148,17,38,0,-1,-1,-1,-1
1153,69,781,149,18,38,0,-1,-1,-1,-1
1154,69,774,149,20,39,0,-1,-1,-1,-1
1155,69,772,149,20,39,0,-1,-1,-1,-1
1156,69,766,148,21,39,0,-1,-1,-1,-1
1157,69,759,147,23,40,0,-1,-1,-1,-1
1158,69,756,147,24,40,0,-1,-1,-1,-1
1159,69,751,147,25,40,0,-1,-1,-1,-1
1160,69,746,147,26,41,0,-1,-1,-1,-1
1161,69,744,147,27,42,0,-1,-1,-1,-1
1162,69,740,148,28,41,0,-1,-1,-1,-1
1163,69,736,149,29,42,0,-1,-1,-1,-1
1164,69,735,150,29,42,0,-1,-1,-1,-1
1165,69,731,152,30,42,0,-1,-1,-1,-1
1166,69,728,154,30,43,0,-1,-1,-1,-1
1167,69,726,155,32,43,0,-1,-1,-1,-1
1168,69,724,157,32,43,0,-1,-1,-1,-1
1169,69,722,158,32,43,0,-1,-1,-1,-1
1170,69,721,159,33,43,0,-1,-1,-1,-1
1171,69,720,159,33,44,0,-1,-1,-1,-1
1172,69,718,159,34,44,0,-1,-1,-1,-1
1173,69,717,159,35,44,0,-1,-1,-1,-1
1174,69,715,159,36,44,0,-1,-1,-1,-1
1175,69,713,158,36,45,0,-1,-1,-1,-1
1176,69,712,158,37,45,0,-1,-1,-1,-1
1177,69,710,159,37,45,0,-1,-1,-1,-1
1178,69,707,160,38,46,0,-1,-1,-1,-1
1179,69,706,160,39,47,0,-1,-1,-1,-1
1180,69,703,162,40,48,0,-1,-1,-1,-1
1181,69,700,165,40,48,0,-1,-1,-1,-1
1182,69,699,166,40,49,0,-1,-1,-1,-1
1183,69,696,169,41,49,0,-1,-1,-1,-1
1184,69,692,172,41,50,0,-1,-1,-1,-1
1185,69,690,173,42,50,0,-1,-1,-1,-1
1186,69,686,175,42,50,0,-1,-1,-1,-1
1187,69,681,175,43,52,0,-1,-1,-1,-1
1188,69,680,175,43,52,0,-1,-1,-1,-1
1189,69,676,175,44,53,0,-1,-1,-1,-1
1190,69,672,175,44,53,0,-1,-1,-1,-1
1191,69,671,175,44,53,0,-1,-1,-1,-1
1192,69,668,176,46,53,0,-1,-1,-1,-1
1193,69,666,177,46,54,0,-1,-1,-1,-1
1194,69,665,177,47,55,0,-1,-1,-1,-1
1195,69,664,179,47,55,0,-1,-1,-1,-1
1196,69,663,182,48,56,0,-1,-1,-1,-1
1197,69,663,183,48,56,0,-1,-1,-1,-1
1198,69,663,187,48,57,0,-1,-1,-1,-1
1199,69,663,190,50,59,0,-1,-1,-1,-1
1200,69,663,191,51,59,0,-1,-1,-1,-1
1201,69,664,193,51,60,0,-1,-1,-1,-1
1202,69,666,194,52,62,0,-1,-1,-1,-1
1203,69,667,195,53,61,0,-1,-1,-1,-1
1204,69,668,195,54,63,0,-1,-1,-1,-1
1205,69,670,196,55,63,0,-1,-1,-1,-1
1206,69,671,196,55,64,0,-1,-1,-1,-1
1207,69,672,196,55,65,0,-1,-1,-1,-1
1208,69,672,198,57,66,0,-1,-1,-1,-1
1209,69,672,198,57,67,0,-1,-1,-1,-1
1210,69,672,201,58,68,0,-1,-1,-1,-1
1211,69,672,206,59,69,0,-1,-1,-1,-1
1212,69,671,207,60,70,0,-1,-1,-1,-1
1213,69,670,211,62,73,0,-1,-1,-1,-1
1214,69,669,218,63,73,0,-1,-1,-1,-1
1215,69,669,220,64,74,0,-1,-1,-1,-1
1216,69,668,225,64,75,0,-1,-1,-1,-1
1217,69,667,227,66,78,0,-1,-1,-1,-1
1218,69,667,228,66,78,0,-1,-1,-1,-1
1219,69,665,229,69,80,0,-1,-1,-1,-1
1220,69,666,230,70,83,0,-1,-1,-1,-1
1221,69,666,230,71,84,0,-1,-1,-1,-1
1222,69,667,231,73,85,0,-1,-1,-1,-1
1223,69,672,235,72,85,0,-1,-1,-1,-1
1224,69,674,237,72,85,0,-1,-1,-1,-1
1225,69,677,240,75,88,0,-1,-1,-1,-1
1226,69,683,245,78,91,0,-1,-1,-1,-1
1227,69,685,247,79,93,0,-1,-1,-1,-1
1228,69,691,253,82,95,0,-1,-1,-1,-1
1229,69,700,261,85,100,0,-1,-1,-1,-1
1230,69,703,264,87,102,0,-1,-1,-1,-1
1231,69,713,271,88,103,0,-1,-1,-1,-1
1232,69,729,277,89,105,0,-1,-1,-1,-1
1233,69,735,279,90,106,0,-1,-1,-1,-1
1234,69,747,280,92,109,0,-1,-1,-1,-1
1235,69,764,283,96,112,0,-1,-1,-1,-1
1236,69,771,283,96,114,0,-1,-1,-1,-1
1237,69,784,285,99,117,0,-1,-1,-1,-1
1238,69,801,288,103,121,0,-1,-1,-1,-1
1239,69,808,289,103,123,0,-1,-1,-1,-1
1240,69,821,294,107,126,0,-1,-1,-1,-1
1241,69,837,301,111,132,0,-1,-1,-1,-1
1242,69,843,304,113,134,0,-1,-1,-1,-1
1243,69,857,313,116,139,0,-1,-1,-1,-1
1244,69,876,328,119,144,0,-1,-1,-1,-1
1245,69,883,334,121,145,0,-1,-1,-1,-1
1246,69,900,350,122,147,0,-1,-1,-1,-1
1247,69,921,371,125,151,0,-1,-1,-1,-1
1248,69,928,379,127,152,0,-1,-1,-1,-1
1385,140,789,147,31,48,0,-1,-1,-1,-1
1386,140,788,147,32,48,0,-1,-1,-1,-1
1387,140,781,148,32,48,0,-1,-1,-1,-1
1388,140,773,146,32,49,0,-1,-1,-1,-1
1389,140,770,146,33,49,0,-1,-1,-1,-1
1390,140,764,144,35,51,0,-1,-1,-1,-1
1391,140,758,143,35,52,0,-1,-1,-1,-1
1392,140,755,143,36,52,0,-1,-1,-1,-1
1393,140,750,143,36,52,0,-1,-1,-1,-1
1394,140,745,144,36,51,0,-1,-1,-1,-1
1395,140,743,144,36,51,0,-1,-1,-1,-1
1396,140,738,146,36,50,0,-1,-1,-1,-1
1397,140,732,148,36,49,0,-1,-1,-1,-1
1398,140,730,149,36,49,0,-1,-1,-1,-1
1399,140,725,151,38,50,0,-1,-1,-1,-1
1400,140,721,155,37,50,0,-1,-1,-1,-1
1401,140,719,156,38,51,0,-1,-1,-1,-1
1402,140,715,157,39,52,0,-1,-1,-1,-1
1403,140,711,158,40,52,0,-1,-1,-1,-1
1404,140,709,158,40,53,0,-1,-1,-1,-1
1405,140,707,158,40,53,0,-1,-1,-1,-1
1406,140,703,158,40,54,0,-1,-1,-1,-1
1407,140,701,158,41,54,0,-1,-1,-1,-1
1408,140,697,158,42,54,0,-1,-1,-1,-1
1409,140,693,159,41,54,0,-1,-1,-1,-1
1410,140,691,159,42,54,0,-1,-1,-1,-1
1411,140,687,160,42,55,0,-1,-1,-1,-1
1412,140,681,162,43,56,0,-1,-1,-1,-1
1413,140,679,163,43,56,0,-1,-1,-1,-1
1414,140,674,166,45,57,0,-1,-1,-1,-1
1415,140,667,169,46,59,0,-1,-1,-1,-1
1416,140,664,171,46,58,0,-1,-1,-1,-1
1417,140,658,173,47,59,0,-1,-1,-1,-1
1418,140,650,173,48,61,0,-1,-1,-1,-1
1419,140,647,173,48,62,0,-1,-1,-1,-1
1420,140,640,173,50,63,0,-1,-1,-1,-1
1421,140,634,172,50,64,0,-1,-1,-1,-1
1422,140,631,172,51,65,0,-1,-1,-1,-1
1423,140,627,172,51,66,0,-1,-1,-1,-1
1424,140,622,171,53,68,0,-1,-1,-1,-1
1425,140,621,171,53,69,0,-1,-1,-1,-1
1426,140,617,173,54,70,0,-1,-1,-1,-1
1427,140,614,178,55,71,0,-1,-1,-1,-1
1428,140,613,181,55,70,0,-1,-1,-1,-1
1429,140,611,186,55,71,0,-1,-1,-1,-1
1430,140,610,191,57,73,0,-1,-1,-1,-1
1431,140,610,193,57,74,0,-1,-1,-1,-1
1432,140,611,195,58,76,0,-1,-1,-1,-1
1433,140,613,195,60,79,0,-1,-1,-1,-1
1434,140,614,195,61,81,0,-1,-1,-1,-1
1435,140,616,196,62,81,0,-1,-1,-1,-1
1436,140,619,196,62,83,0,-1,-1,-1,-1
1437,140,620,196,63,83,0,-1,-1,-1,-1
1438,140,622,195,64,85,0,-1,-1,-1,-1
1439,140,624,196,65,87,0,-1,-1,-1,-1
1440,140,624,197,66,87,0,-1,-1,-1,-1
1441,140,626,201,66,88,0,-1,-1,-1,-1
1442,140,629,208,68,90,0,-1,-1,-1,-1
1443,140,630,210,68,91,0,-1,-1,-1,-1
1444,140,632,217,70,94,0,-1,-1,-1,-1
1445,140,633,226,72,96,0,-1,-1,-1,-1
1446,140,634,230,72,97,0,-1,-1,-1,-1
1447,140,634,235,73,99,0,-1,-1,-1,-1
1448,140,634,239,76,102,0,-1,-1,-1,-1
1449,140,634,241,77,102,0,-1,-1,-1,-1
1450,140,636,241,78,105,0,-1,-1,-1,-1
1451,140,640,241,80,108,0,-1,-1,-1,-1
1452,140,641,241,81,109,0,-1,-1,-1,-1
1453,140,646,240,84,114,0,-1,-1,-1,-1
1454,140,655,246,85,115,0,-1,-1,-1,-1
1455,140,658,248,86,116,0,-1,-1,-1,-1
1456,140,667,258,89,119,0,-1,-1,-1,-1
1457,140,679,273,91,120,0,-1,-1,-1,-1
1458,140,684,279,91,120,0,-1,-1,-1,-1
1459,140,698,292,94,124,0,-1,-1,-1,-1
1460,140,719,303,99,131,0,-1,-1,-1,-1
1461,140,728,308,99,133,0,-1,-1,-1,-1
1462,140,744,313,105,140,0,-1,-1,-1,-1
1463,140,773,318,109,146,0,-1,-1,-1,-1
1464,140,784,320,110,149,0,-1,-1,-1,-1
1465,140,806,322,114,154,0,-1,-1,-1,-1
1466,140,833,324,117,159,0,-1,-1,-1,-1
1467,140,844,325,118,161,0,-1,-1,-1,-1
1468,140,867,330,121,165,0,-1,-1,-1,-1
1469,140,900,344,124,167,0,-1,-1,-1,-1
1470,140,912,349,125,169,0,-1,-1,-1,-1
