514,53,785,164,30,43,0,-1,-1,-1,-1
515,53,780,164,31,43,0,-1,-1,-1,-1
516,53,773,163,32,45,0,-1,-1,-1,-1
517,53,771,163,33,46,0,-1,-1,-1,-1
518,53,764,164,33,45,0,-1,-1,-1,-1
519,53,756,166,32,44,0,-1,-1,-1,-1
520,53,753,166,32,44,0,-1,-1,-1,-1
521,53,746,167,33,44,0,-1,-1,-1,-1
522,53,736,168,34,44,0,-1,-1,-1,-1
523,53,733,168,34,44,0,-1,-1,-1,-1
524,53,725,167,35,45,0,-1,-1,-1,-1
525,53,716,167,35,44,0,-1,-1,-1,-1
526,53,713,166,35,44,0,-1,-1,-1,-1
527,53,706,166,36,44,0,-1,-1,-1,-1
528,53,699,166,36,45,0,-1,-1,-1,-1
529,53,696,166,37,45,0,-1,-1,-1,-1
530,53,691,167,37,44,0,-1,-1,-1,-1
531,53,686,167,37,45,0,-1,-1,-1,-1
532,53,684,167,37,45,0,-1,-1,-1,-1
533,53,680,168,38,46,0,-1,-1,-1,-1
534,53,676,168,39,48,0,-1,-1,-1,-1
535,53,674,169,40,48,0,-1,-1,-1,-1
536,53,671,170,41,48,0,-1,-1,-1,-1
537,53,668,172,40,48,0,-1,-1,-1,-1
538,53,666,172,41,49,0,-1,-1,-1,-1
539,53,664,174,41,49,0,-1,-1,-1,-1
540,53,662,176,41,49,0,-1,-1,-1,-1
541,53,662,177,41,49,0,-1,-1,-1,-1
542,53,660,179,42,50,0,-1,-1,-1,-1
543,53,659,182,42,50,0,-1,-1,-1,-1
544,53,658,183,43,51,0,-1,-1,-1,-1
545,53,658,184,43,51,0,-1,-1,-1,-1
546,53,657,185,44,52,0,-1,-1,-1,-1
547,53,657,185,44,53,0,-1,-1,-1,-1
548,53,656,186,44,53,0,-1,-1,-1,-1
549,53,654,187,45,55,0,-1,-1,-1,-1
550,53,653,188,46,54,0,-1,-1,-1,-1
551,53,651,189,46,56,0,-1,-1,-1,-1
552,53,649,192,46,56,0,-1,-1,-1,-1
553,53,648,193,46,56,0,-1,-1,-1,-1
554,53,646,196,46,56,0,-1,-1,-1,-1
555,53,643,200,47,57,0,-1,-1,-1,-1
556,53,642,202,47,56,0,-1,-1,-1,-1
557,53,640,206,47,57,0,-1,-1,-1,-1
558,53,637,211,47,57,0,-1,-1,-1,-1
559,53,636,213,47,57,0,-1,-1,-1,-1
560,53,632,215,47,59,0,-1,-1,-1,-1
561,53,626,217,49,60,0,-1,-1,-1,-1
562,53,623,217,50,61,0,-1,-1,-1,-1
563,53,618,217,50,63,0,-1,-1,-1,-1
564,53,612,217,52,64,0,-1,-1,-1,-1
565,53,611,217,51,64,0,-1,-1,-1,-1
566,53,608,218,51,63,0,-1,-1,-1,-1
567,53,605,219,51,63,0,-1,-1,-1,-1
568,53,604,219,52,63,0,-1,-1,-1,-1
569,53,603,221,52,63,0,-1,-1,-1,-1
570,53,602,223,53,65,0,-1,-1,-1,-1
571,53,601,224,54,66,0,-1,-1,-1,-1
572,53,601,227,55,69,0,-1,-1,-1,-1
573,53,602,233,56,70,0,-1,-1,-1,-1
574,53,602,236,57,70,0,-1,-1,-1,-1
575,53,605,242,57,71,0,-1,-1,-1,-1
576,53,609,245,59,75,0,-1,-1,-1,-1
577,53,610,246,61,76,0,-1,-1,-1,-1
578,53,616,248,61,77,0,-1,-1,-1,-1
579,53,624,251,62,77,0,-1,-1,-1,-1
580,53,627,252,62,77,0,-1,-1,-1,-1
581,53,633,253,62,77,0,-1,-1,-1,-1
582,53,638,253,63,77,0,-1,-1,-1,-1
583,53,640,253,63,77,0,-1,-1,-1,-1
584,53,643,252,64,79,0,-1,-1,-1,-1
585,53,647,252,67,82,0,-1,-1,-1,-1
586,53,648,251,68,84,0,-1,-1,-1,-1
587,53,653,256,69,85,0,-1,-1,-1,-1
588,53,659,264,70,87,0,-1,-1,-1,-1
589,53,661,267,71,87,0,-1,-1,-1,-1
590,53,666,275,72,88,0,-1,-1,-1,-1
591,53,671,284,73,90,0,-1,-1,-1,-1
592,53,672,287,74,91,0,-1,-1,-1,-1
593,53,675,293,75,92,0,-1,-1,-1,-1
594,53,678,298,77,94,0,-1,-1,-1,-1
595,53,680,301,76,94,0,-1,-1,-1,-1
596,53,682,303,79,97,0,-1,-1,-1,-1
597,53,688,304,81,99,0,-1,-1,-1,-1
598,53,690,305,81,100,0,-1,-1,-1,-1
599,53,697,308,83,102,0,-1,-1,-1,-1
600,53,705,310,87,107,0,-1,-1,-1,-1
601,53,709,312,88,108,0,-1,-1,-1,-1
602,53,717,317,91,112,0,-1,-1,-1,-1
603,53,729,330,92,113,0,-1,-1,-1,-1
604,53,733,335,93,114,0,-1,-1,-1,-1
605,53,746,350,94,114,0,-1,-1,-1,-1
606,53,764,367,97,118,0,-1,-1,-1,-1
607,53,771,374,97,119,0,-1,-1,-1,-1
608,53,789,384,101,123,0,-1,-1,-1,-1
609,53,812,392,107,130,0,-1,-1,-1,-1
610,53,821,395,109,133,0,-1,-1,-1,-1
611,53,844,401,111,135,0,-1,-1,-1,-1
612,53,870,402,118,144,0,-1,-1,-1,-1
613,53,879,403,122,147,0,-1,-1,-1,-1
614,53,900,408,122,148,0,-1,-1,-1,-1
615,53,925,416,126,152,0,-1,-1,-1,-1
980,86,762,124,38,46,0,-1,-1,-1,-1
981,86,752,124,39,46,0,-1,-1,-1,-1
982,86,743,124,35,44,0,-1,-1,-1,-1
983,86,740,125,35,42,0,-1,-1,-1,-1
984,86,729,124,35,43,0,-1,-1,-1,-1
985,86,716,124,35,43,0,-1,-1,-1,-1
986,86,711,124,36,43,0,-1,-1,-1,-1
987,86,703,124,34,43,0,-1,-1,-1,-1
988,86,693,126,34,42,0,-1,-1,-1,-1
989,86,689,126,34,43,0,-1,-1,-1,-1
990,86,681,128,34,42,0,-1,-1,-1,-1
991,86,674,131,34,42,0,-1,-1,-1,-1
992,86,671,132,34,42,0,-1,-1,-1,-1
993,86,665,131,36,44,0,-1,-1,-1,-1
994,86,660,132,35,44,0,-1,-1,-1,-1
995,86,658,132,36,44,0,-1,-1,-1,-1
996,86,655,132,35,44,0,-1,-1,-1,-1
997,86,652,132,36,44,0,-1,-1,-1,-1
998,86,651,132,36,44,0,-1,-1,-1,-1
999,86,650,132,35,44,0,-1,-1,-1,-1
1000,86,648,132,37,45,0,-1,-1,-1,-1
1001,86,648,132,37,45,0,-1,-1,-1,-1
1002,86,648,132,37,45,0,-1,-1,-1,-1
1003,86,650,132,37,46,0,-1,-1,-1,-1
1004,86,650,132,38,46,0,-1,-1,-1,-1
1005,86,652,133,38,47,0,-1,-1,-1,-1
1006,86,655,135,39,47,0,-1,-1,-1,-1
1007,86,656,136,39,47,0,-1,-1,-1,-1
1008,86,658,137,40,48,0,-1,-1,-1,-1
1009,86,661,141,39,46,0,-1,-1,-1,-1
1010,86,663,142,38,45,0,-1,-1,-1,-1
1011,86,665,143,39,46,0,-1,-1,-1,-1
1012,86,667,144,40,46,0,-1,-1,-1,-1
1013,86,669,144,39,47,0,-1,-1,-1,-1
1014,86,671,144,41,48,0,-1,-1,-1,-1
1015,86,674,144,41,48,0,-1,-1,-1,-1
1016,86,675,144,41,48,0,-1,-1,-1,-1
1017,86,676,143,42,49,0,-1,-1,-1,-1
1018,86,678,142,42,49,0,-1,-1,-1,-1
1019,86,678,141,43,50,0,-1,-1,-1,-1
1020,86,679,141,43,50,0,-1,-1,-1,-1
1021,86,680,141,44,50,0,-1,-1,-1,-1
1022,86,680,141,44,51,0,-1,-1,-1,-1
1023,86,679,141,45,51,0,-1,-1,-1,-1
1024,86,678,140,47,54,0,-1,-1,-1,-1
1025,86,678,140,47,55,0,-1,-1,-1,-1
1026,86,677,140,48,55,0,-1,-1,-1,-1
1027,86,677,141,47,56,0,-1,-1,-1,-1
1028,86,676,142,48,55,0,-1,-1,-1,-1
1029,86,675,143,48,56,0,-1,-1,-1,-1
1030,86,672,145,49,57,0,-1,-1,-1,-1
1031,86,671,145,49,57,0,-1,-1,-1,-1
1032,86,669,147,49,58,0,-1,-1,-1,-1
1033,86,665,148,50,58,0,-1,-1,-1,-1
1034,86,664,149,50,57,0,-1,-1,-1,-1
1035,86,661,148,50,58,0,-1,-1,-1,-1
1036,86,659,147,50,58,0,-1,-1,-1,-1
1037,86,658,146,50,59,0,-1,-1,-1,-1
1038,86,656,145,51,59,0,-1,-1,-1,-1
1039,86,656,144,51,59,0,-1,-1,-1,-1
1040,86,655,143,52,60,0,-1,-1,-1,-1
1041,86,656,142,52,61,0,-1,-1,-1,-1
1042,86,657,142,53,62,0,-1,-1,-1,-1
1043,86,658,142,53,62,0,-1,-1,-1,-1
1044,86,659,143,54,63,0,-1,-1,-1,-1
1045,86,662,146,55,63,0,-1,-1,-1,-1
1046,86,663,147,55,63,0,-1,-1,-1,-1
1047,86,666,150,56,64,0,-1,-1,-1,-1
1048,86,670,155,57,65,0,-1,-1,-1,-1
1049,86,671,156,58,66,0,-1,-1,-1,-1
1050,86,676,161,58,67,0,-1,-1,-1,-1
1051,86,683,166,58,67,0,-1,-1,-1,-1
1052,86,685,168,59,67,0,-1,-1,-1,-1
1053,86,690,168,61,69,0,-1,-1,-1,-1
1054,86,697,165,63,72,0,-1,-1,-1,-1
1055,86,699,164,64,73,0,-1,-1,-1,-1
1056,86,704,162,64,74,0,-1,-1,-1,-1
1057,86,710,160,64,74,0,-1,-1,-1,-1
1058,86,712,159,65,75,0,-1,-1,-1,-1
1059,86,715,158,65,75,0,-1,-1,-1,-1
1060,86,719,158,67,76,0,-1,-1,-1,-1
1061,86,721,158,67,77,0,-1,-1,-1,-1
1062,86,723,160,69,78,0,-1,-1,-1,-1
1063,86,726,162,71,81,0,-1,-1,-1,-1
1064,86,727,163,72,83,0,-1,-1,-1,-1
1065,86,730,168,72,84,0,-1,-1,-1,-1
1066,86,733,175,74,85,0,-1,-1,-1,-1
1067,86,734,178,74,86,0,-1,-1,-1,-1
1068,86,735,183,76,88,0,-1,-1,-1,-1
1069,86,737,190,77,90,0,-1,-1,-1,-1
1070,86,737,193,78,91,0,-1,-1,-1,-1
1071,86,739,199,78,91,0,-1,-1,-1,-1
1072,86,740,203,80,93,0,-1,-1,-1,-1
1073,86,741,205,80,93,0,-1,-1,-1,-1
1074,86,743,207,82,95,0,-1,-1,-1,-1
1075,86,749,212,81,94,0,-1,-1,-1,-1
1076,86,751,214,80,93,0,-1,-1,-1,-1
1077,86,756,216,83,96,0,-1,-1,-1,-1
1078,86,765,222,83,95,0,-1,-1,-1,-1
1079,86,768,224,84,95,0,-1,-1,-1,-1
1080,86,775,230,85,96,0,-1,-1,-1,-1
1081,86,786,239,86,97,0,-1,-1,-1,-1
1082,86,789,243,88,97,0,-1,-1,-1,-1
1083,86,799,251,89,99,0,-1,-1,-1,-1
1084,86,814,264,89,99,0,-1,-1,-1,-1
1085,86,819,270,90,98,0,-1,-1,-1,-1
1086,86,832,280,92,99,0,-1,-1,-1,-1
1087,86,849,288,98,105,0,-1,-1,-1,-1
1088,86,855,290,100,108,0,-1,-1,-1,-1
1089,86,870,289,111,120,0,-1,-1,-1,-1
1090,86,891,293,117,128,0,-1,-1,-1,-1
1091,86,899,295,120,130,0,-1,-1,-1,-1
1092,86,917,297,123,136,0,-1,-1,-1,-1
