4,5,764,169,42,49,0,-1,-1,-1,-1
5,5,761,169,43,50,0,-1,-1,-1,-1
6,5,757,169,43,51,0,-1,-1,-1,-1
7,5,756,169,43,51,0,-1,-1,-1,-1
8,5,753,170,44,52,0,-1,-1,-1,-1
9,5,750,171,44,53,0,-1,-1,-1,-1
10,5,749,172,44,52,0,-1,-1,-1,-1
11,5,748,174,44,52,0,-1,-1,-1,-1
12,5,747,175,44,53,0,-1,-1,-1,-1
13,5,747,175,44,53,0,-1,-1,-1,-1
14,5,747,177,45,53,0,-1,-1,-1,-1
15,5,747,179,45,52,0,-1,-1,-1,-1
16,5,748,179,44,53,0,-1,-1,-1,-1
17,5,747,181,45,53,0,-1,-1,-1,-1
18,5,746,182,45,54,0,-1,-1,-1,-1
19,5,745,183,45,54,0,-1,-1,-1,-1
20,5,744,186,45,52,0,-1,-1,-1,-1
21,5,741,186,46,53,0,-1,-1,-1,-1
22,5,740,186,46,54,0,-1,-1,-1,-1
23,5,737,186,47,55,0,-1,-1,-1,-1
24,5,733,186,48,56,0,-1,-1,-1,-1
25,5,732,186,47,57,0,-1,-1,-1,-1
26,5,728,189,48,56,0,-1,-1,-1,-1
27,5,724,192,48,56,0,-1,-1,-1,-1
28,5,723,193,47,56,0,-1,-1,-1,-1
29,5,718,197,47,55,0,-1,-1,-1,-1
30,5,711,199,48,56,0,-1,-1,-1,-1
31,5,708,200,49,57,0,-1,-1,-1,-1
32,5,702,201,48,57,0,-1,-1,-1,-1
33,5,694,201,49,57,0,-1,-1,-1,-1
34,5,690,201,50,58,0,-1,-1,-1,-1
35,5,684,200,51,58,0,-1,-1,-1,-1
36,5,677,198,52,60,0,-1,-1,-1,-1
37,5,675,197,52,61,0,-1,-1,-1,-1
38,5,671,196,54,62,0,-1,-1,-1,-1
39,5,668,196,54,62,0,-1,-1,-1,-1
40,5,668,196,54,62,0,-1,-1,-1,-1
41,5,666,197,55,63,0,-1,-1,-1,-1
42,5,666,199,55,64,0,-1,-1,-1,-1
43,5,666,200,55,64,0,-1,-1,-1,-1
44,5,666,203,57,65,0,-1,-1,-1,-1
45,5,668,208,57,65,0,-1,-1,-1,-1
46,5,669,210,57,65,0,-1,-1,-1,-1
47,5,672,214,57,65,0,-1,-1,-1,-1
48,5,676,217,59,67,0,-1,-1,-1,-1
49,5,678,218,59,68,0,-1,-1,-1,-1
50,5,683,220,61,69,0,-1,-1,-1,-1
51,5,690,221,61,70,0,-1,-1,-1,-1
52,5,692,221,61,70,0,-1,-1,-1,-1
53,5,697,221,62,71,0,-1,-1,-1,-1
54,5,702,220,63,73,0,-1,-1,-1,-1
55,5,703,220,65,73,0,-1,-1,-1,-1
56,5,707,221,64,73,0,-1,-1,-1,-1
57,5,709,222,65,74,0,-1,-1,-1,-1
58,5,710,222,65,74,0,-1,-1,-1,-1
59,5,711,224,66,74,0,-1,-1,-1,-1
60,5,712,225,69,78,0,-1,-1,-1,-1
61,5,713,226,69,79,0,-1,-1,-1,-1
62,5,714,230,71,81,0,-1,-1,-1,-1
63,5,717,239,71,81,0,-1,-1,-1,-1
64,5,719,243,70,80,0,-1,-1,-1,-1
65,5,720,249,72,82,0,-1,-1,-1,-1
66,5,721,256,73,83,0,-1,-1,-1,-1
67,5,721,258,74,84,0,-1,-1,-1,-1
68,5,722,262,75,85,0,-1,-1,-1,-1
69,5,722,264,77,87,0,-1,-1,-1,-1
70,5,722,264,78,88,0,-1,-1,-1,-1
71,5,723,266,78,89,0,-1,-1,-1,-1
72,5,724,268,82,92,0,-1,-1,-1,-1
73,5,724,268,83,93,0,-1,-1,-1,-1
74,5,727,271,85,94,0,-1,-1,-1,-1
75,5,733,275,86,96,0,-1,-1,-1,-1
76,5,735,276,87,98,0,-1,-1,-1,-1
77,5,740,280,90,101,0,-1,-1,-1,-1
78,5,746,286,94,106,0,-1,-1,-1,-1
79,5,749,288,95,108,0,-1,-1,-1,-1
80,5,756,297,98,110,0,-1,-1,-1,-1
81,5,768,308,98,112,0,-1,-1,-1,-1
82,5,772,313,99,112,0,-1,-1,-1,-1
83,5,784,323,100,113,0,-1,-1,-1,-1
84,5,799,333,104,116,0,-1,-1,-1,-1
85,5,805,337,105,117,0,-1,-1,-1,-1
86,5,820,344,106,117,0,-1,-1,-1,-1
87,5,838,349,109,121,0,-1,-1,-1,-1
88,5,844,351,111,122,0,-1,-1,-1,-1
89,5,855,352,116,127,0,-1,-1,-1,-1
90,5,869,355,118,131,0,-1,-1,-1,-1
91,5,875,356,119,132,0,-1,-1,-1,-1
92,5,886,359,124,139,0,-1,-1,-1,-1
93,5,900,364,131,147,0,-1,-1,-1,-1
94,5,906,366,133,150,0,-1,-1,-1,-1
961,77,786,149,24,34,0,-1,-1,-1,-1
962,77,781,145,29,40,0,-1,-1,-1,-1
963,77,778,144,29,42,0,-1,-1,-1,-1
964,77,776,144,30,42,0,-1,-1,-1,-1
965,77,773,143,32,44,0,-1,-1,-1,-1
966,77,768,142,34,45,0,-1,-1,-1,-1
967,77,767,142,33,46,0,-1,-1,-1,-1
968,77,763,142,35,47,0,-1,-1,-1,-1
969,77,758,143,37,49,0,-1,-1,-1,-1
970,77,756,143,38,50,0,-1,-1,-1,-1
971,77,752,145,38,50,0,-1,-1,-1,-1
972,77,749,148,38,50,0,-1,-1,-1,-1
973,77,747,149,39,50,0,-1,-1,-1,-1
974,77,745,152,38,49,0,-1,-1,-1,-1
975,77,741,154,38,48,0,-1,-1,-1,-1
976,77,740,155,38,48,0,-1,-1,-1,-1
977,77,738,155,38,48,0,-1,-1,-1,-1
978,77,734,155,39,49,0,-1,-1,-1,-1
979,77,733,155,40,49,0,-1,-1,-1,-1
980,77,730,155,40,49,0,-1,-1,-1,-1
981,77,726,154,41,51,0,-1,-1,-1,-1
982,77,725,154,41,51,0,-1,-1,-1,-1
983,77,722,154,42,52,0,-1,-1,-1,-1
984,77,719,156,42,51,0,-1,-1,-1,-1
985,77,718,156,42,51,0,-1,-1,-1,-1
986,77,715,157,43,52,0,-1,-1,-1,-1
987,77,711,158,43,53,0,-1,-1,-1,-1
988,77,710,158,43,53,0,-1,-1,-1,-1
989,77,707,160,44,54,0,-1,-1,-1,-1
990,77,703,163,44,53,0,-1,-1,-1,-1
991,77,701,163,45,54,0,-1,-1,-1,-1
992,77,696,164,47,56,0,-1,-1,-1,-1
993,77,691,164,47,57,0,-1,-1,-1,-1
994,77,690,164,46,57,0,-1,-1,-1,-1
995,77,685,163,47,57,0,-1,-1,-1,-1
996,77,680,162,48,57,0,-1,-1,-1,-1
997,77,678,161,49,58,0,-1,-1,-1,-1
998,77,675,159,49,60,0,-1,-1,-1,-1
999,77,672,158,50,60,0,-1,-1,-1,-1
1000,77,671,158,50,60,0,-1,-1,-1,-1
1001,77,668,157,51,62,0,-1,-1,-1,-1
1002,77,666,158,52,63,0,-1,-1,-1,-1
1003,77,665,158,52,64,0,-1,-1,-1,-1
1004,77,664,160,53,65,0,-1,-1,-1,-1
1005,77,664,162,54,66,0,-1,-1,-1,-1
1006,77,664,163,54,67,0,-1,-1,-1,-1
1007,77,665,166,54,68,0,-1,-1,-1,-1
1008,77,666,171,55,68,0,-1,-1,-1,-1
1009,77,667,173,54,67,0,-1,-1,-1,-1
1010,77,668,173,56,70,0,-1,-1,-1,-1
1011,77,670,174,56,70,0,-1,-1,-1,-1
1012,77,671,174,56,70,0,-1,-1,-1,-1
1013,77,672,174,57,71,0,-1,-1,-1,-1
1014,77,673,174,56,71,0,-1,-1,-1,-1
1015,77,673,175,57,70,0,-1,-1,-1,-1
1016,77,673,176,56,69,0,-1,-1,-1,-1
1017,77,672,175,58,71,0,-1,-1,-1,-1
1018,77,672,175,58,71,0,-1,-1,-1,-1
1019,77,670,175,61,74,0,-1,-1,-1,-1
1020,77,669,179,61,75,0,-1,-1,-1,-1
1021,77,669,180,61,76,0,-1,-1,-1,-1
1022,77,666,183,63,78,0,-1,-1,-1,-1
1023,77,665,190,62,77,0,-1,-1,-1,-1
1024,77,664,193,63,76,0,-1,-1,-1,-1
1025,77,662,197,63,78,0,-1,-1,-1,-1
1026,77,659,202,64,79,0,-1,-1,-1,-1
1027,77,658,203,65,80,0,-1,-1,-1,-1
1028,77,656,204,65,81,0,-1,-1,-1,-1
1029,77,654,202,67,83,0,-1,-1,-1,-1
1030,77,653,202,68,83,0,-1,-1,-1,-1
1031,77,653,201,68,84,0,-1,-1,-1,-1
1032,77,653,200,70,85,0,-1,-1,-1,-1
1033,77,654,200,69,85,0,-1,-1,-1,-1
1034,77,655,199,72,88,0,-1,-1,-1,-1
1035,77,658,202,73,89,0,-1,-1,-1,-1
1036,77,660,203,73,89,0,-1,-1,-1,-1
1037,77,663,208,74,90,0,-1,-1,-1,-1
1038,77,668,214,76,92,0,-1,-1,-1,-1
1039,77,670,216,77,93,0,-1,-1,-1,-1
1040,77,675,223,79,94,0,-1,-1,-1,-1
1041,77,682,229,82,97,0,-1,-1,-1,-1
1042,77,684,231,83,99,0,-1,-1,-1,-1
1043,77,692,237,84,100,0,-1,-1,-1,-1
1044,77,704,243,84,99,0,-1,-1,-1,-1
1045,77,709,246,83,98,0,-1,-1,-1,-1
1046,77,717,247,85,98,0,-1,-1,-1,-1
1047,77,724,245,89,103,0,-1,-1,-1,-1
1048,77,727,244,90,104,0,-1,-1,-1,-1
1049,77,734,246,91,104,0,-1,-1,-1,-1
1050,77,742,248,92,107,0,-1,-1,-1,-1
1051,77,744,249,94,108,0,-1,-1,-1,-1
1052,77,749,249,98,113,0,-1,-1,-1,-1
1053,77,755,254,102,118,0,-1,-1,-1,-1
1054,77,757,256,103,120,0,-1,-1,-1,-1
1055,77,762,265,105,122,0,-1,-1,-1,-1
1056,77,768,277,107,124,0,-1,-1,-1,-1
1057,77,770,281,108,126,0,-1,-1,-1,-1
1058,77,774,289,112,132,0,-1,-1,-1,-1
1059,77,781,300,113,132,0,-1,-1,-1,-1
1060,77,784,304,113,132,0,-1,-1,-1,-1
1061,77,788,305,118,139,0,-1,-1,-1,-1
1062,77,797,308,120,142,0,-1,-1,-1,-1
1063,77,801,310,121,142,0,-1,-1,-1,-1
1064,77,809,309,125,147,0,-1,-1,-1,-1
1065,77,822,307,130,154,0,-1,-1,-1,-1
1066,77,827,306,132,157,0,-1,-1,-1,-1
1067,77,840,309,135,159,0,-1,-1,-1,-1
1068,77,858,312,142,168,0,-1,-1,-1,-1
1069,77,865,314,144,171,0,-1,-1,-1,-1
1070,77,885,326,147,175,0,-1,-1,-1,-1
1140,95,757,190,36,39,0,-1,-1,-1,-1
1141,95,756,190,36,39,0,-1,-1,-1,-1
1142,95,749,188,37,41,0,-1,-1,-1,-1
1143,95,742,187,39,43,0,-1,-1,-1,-1
1144,95,740,187,39,44,0,-1,-1,-1,-1
1145,95,734,189,39,43,0,-1,-1,-1,-1
1146,95,726,194,39,42,0,-1,-1,-1,-1
1147,95,724,195,38,43,0,-1,-1,-1,-1
1148,95,719,197,39,44,0,-1,-1,-1,-1
1149,95,715,199,40,45,0,-1,-1,-1,-1
1150,95,714,200,40,45,0,-1,-1,-1,-1
1151,95,712,200,41,46,0,-1,-1,-1,-1
1152,95,710,200,41,47,0,-1,-1,-1,-1
1153,95,709,200,41,47,0,-1,-1,-1,-1
1154,95,707,199,41,48,0,-1,-1,-1,-1
1155,95,705,198,41,48,0,-1,-1,-1,-1
1156,95,704,198,41,48,0,-1,-1,-1,-1
1157,95,702,198,41,48,0,-1,-1,-1,-1
1158,95,700,199,41,48,0,-1,-1,-1,-1
1159,95,700,199,40,49,0,-1,-1,-1,-1
1160,95,698,202,40,47,0,-1,-1,-1,-1
1161,95,696,205,40,48,0,-1,-1,-1,-1
1162,95,695,206,40,48,0,-1,-1,-1,-1
1163,95,692,210,40,48,0,-1,-1,-1,-1
1164,95,689,212,41,49,0,-1,-1,-1,-1
1165,95,688,213,41,49,0,-1,-1,-1,-1
1166,95,686,214,41,48,0,-1,-1,-1,-1
1167,95,684,214,41,49,0,-1,-1,-1,-1
1168,95,683,214,41,49,0,-1,-1,-1,-1
1169,95,683,214,40,49,0,-1,-1,-1,-1
1170,95,682,214,41,50,0,-1,-1,-1,-1
1171,95,682,214,41,50,0,-1,-1,-1,-1
1172,95,682,215,41,50,0,-1,-1,-1,-1
1173,95,683,216,41,50,0,-1,-1,-1,-1
1174,95,684,216,41,51,0,-1,-1,-1,-1
1175,95,685,218,41,52,0,-1,-1,-1,-1
1176,95,689,221,41,52,0,-1,-1,-1,-1
1177,95,690,222,41,52,0,-1,-1,-1,-1
1178,95,693,223,41,52,0,-1,-1,-1,-1
1179,95,696,223,41,53,0,-1,-1,-1,-1
1180,95,697,223,42,54,0,-1,-1,-1,-1
1181,95,698,223,42,54,0,-1,-1,-1,-1
1182,95,700,223,42,54,0,-1,-1,-1,-1
1183,95,700,223,42,54,0,-1,-1,-1,-1
1184,95,701,222,43,56,0,-1,-1,-1,-1
1185,95,701,222,44,57,0,-1,-1,-1,-1
1186,95,701,222,44,57,0,-1,-1,-1,-1
1187,95,702,222,44,58,0,-1,-1,-1,-1
1188,95,703,223,45,58,0,-1,-1,-1,-1
1189,95,704,224,44,58,0,-1,-1,-1,-1
1190,95,705,224,44,58,0,-1,-1,-1,-1
1191,95,705,225,44,58,0,-1,-1,-1,-1
1192,95,705,225,44,59,0,-1,-1,-1,-1
1193,95,705,227,44,59,0,-1,-1,-1,-1
1194,95,705,230,44,60,0,-1,-1,-1,-1
1195,95,705,232,44,59,0,-1,-1,-1,-1
1196,95,705,235,44,60,0,-1,-1,-1,-1
1197,95,705,238,44,60,0,-1,-1,-1,-1
1198,95,705,239,44,60,0,-1,-1,-1,-1
1199,95,705,241,44,60,0,-1,-1,-1,-1
1200,95,703,243,45,61,0,-1,-1,-1,-1
1201,95,702,244,46,61,0,-1,-1,-1,-1
1202,95,702,246,45,61,0,-1,-1,-1,-1
1203,95,702,247,46,62,0,-1,-1,-1,-1
1204,95,702,248,46,62,0,-1,-1,-1,-1
1205,95,702,245,48,66,0,-1,-1,-1,-1
1206,95,704,245,48,66,0,-1,-1,-1,-1
1207,95,706,245,47,65,0,-1,-1,-1,-1
1302,77,705,193,30,46,0,-1,-1,-1,-1
1303,77,705,193,30,46,0,-1,-1,-1,-1
1304,77,704,193,31,46,0,-1,-1,-1,-1
1305,77,704,193,31,46,0,-1,-1,-1,-1
1306,77,704,193,31,46,0,-1,-1,-1,-1
1307,77,703,193,32,46,0,-1,-1,-1,-1
1308,77,704,193,31,46,0,-1,-1,-1,-1
1309,77,704,193,32,46,0,-1,-1,-1,-1
1310,77,704,193,32,46,0,-1,-1,-1,-1
1311,77,703,193,32,46,0,-1,-1,-1,-1
1312,77,703,193,32,46,0,-1,-1,-1,-1
1313,77,702,193,33,46,0,-1,-1,-1,-1
1314,77,701,193,33,46,0,-1,-1,-1,-1
1315,77,700,193,34,46,0,-1,-1,-1,-1
1316,77,700,194,33,46,0,-1,-1,-1,-1
1317,77,699,194,34,46,0,-1,-1,-1,-1
1318,77,698,194,35,46,0,-1,-1,-1,-1
1319,77,697,194,36,47,0,-1,-1,-1,-1
1320,77,695,194,37,47,0,-1,-1,-1,-1
1321,77,695,193,36,48,0,-1,-1,-1,-1
1322,77,693,195,37,47,0,-1,-1,-1,-1
1323,77,692,196,36,47,0,-1,-1,-1,-1
1324,77,691,197,37,46,0,-1,-1,-1,-1
1325,77,689,197,37,47,0,-1,-1,-1,-1
1326,77,687,198,37,48,0,-1,-1,-1,-1
1327,77,686,199,37,47,0,-1,-1,-1,-1
1328,77,684,200,38,48,0,-1,-1,-1,-1
1329,77,681,201,38,49,0,-1,-1,-1,-1
1330,77,680,202,38,48,0,-1,-1,-1,-1
1331,77,678,203,38,47,0,-1,-1,-1,-1
1332,77,675,203,38,47,0,-1,-1,-1,-1
1333,77,674,203,38,47,0,-1,-1,-1,-1
1334,77,671,202,40,49,0,-1,-1,-1,-1
1335,77,669,201,40,50,0,-1,-1,-1,-1
1336,77,668,201,40,50,0,-1,-1,-1,-1
1337,77,666,202,40,50,0,-1,-1,-1,-1
1338,77,663,204,41,49,0,-1,-1,-1,-1
1339,77,662,204,41,50,0,-1,-1,-1,-1
1340,77,661,207,41,49,0,-1,-1,-1,-1
1341,77,659,210,42,51,0,-1,-1,-1,-1
1342,77,659,211,42,52,0,-1,-1,-1,-1
1343,77,658,214,42,53,0,-1,-1,-1,-1
1344,77,657,218,44,54,0,-1,-1,-1,-1
1345,77,657,220,44,55,0,-1,-1,-1,-1
1346,77,658,221,44,56,0,-1,-1,-1,-1
1347,77,658,222,45,56,0,-1,-1,-1,-1
1348,77,659,223,44,56,0,-1,-1,-1,-1
1349,77,660,223,45,56,0,-1,-1,-1,-1
1350,77,661,223,45,57,0,-1,-1,-1,-1
1351,77,661,222,45,58,0,-1,-1,-1,-1
1352,77,661,223,46,57,0,-1,-1,-1,-1
1353,77,661,226,47,57,0,-1,-1,-1,-1
1354,77,661,227,47,58,0,-1,-1,-1,-1
1355,77,660,230,49,60,0,-1,-1,-1,-1
1356,77,660,236,50,61,0,-1,-1,-1,-1
1357,77,660,238,50,62,0,-1,-1,-1,-1
1358,77,660,244,50,62,0,-1,-1,-1,-1
1359,77,659,248,51,63,0,-1,-1,-1,-1
1360,77,659,250,51,63,0,-1,-1,-1,-1
1361,77,659,252,51,64,0,-1,-1,-1,-1
1362,77,659,253,52,65,0,-1,-1,-1,-1
1363,77,658,253,54,66,0,-1,-1,-1,-1
1364,77,659,252,55,67,0,-1,-1,-1,-1
1365,77,661,252,55,68,0,-1,-1,-1,-1
1366,77,662,251,55,69,0,-1,-1,-1,-1
1367,77,665,253,57,71,0,-1,-1,-1,-1
1368,77,669,261,57,71,0,-1,-1,-1,-1
1369,77,670,264,58,71,0,-1,-1,-1,-1
1370,77,674,271,59,72,0,-1,-1,-1,-1
1371,77,680,279,60,75,0,-1,-1,-1,-1
1372,77,682,282,61,75,0,-1,-1,-1,-1
1373,77,688,287,62,77,0,-1,-1,-1,-1
1374,77,696,293,62,76,0,-1,-1,-1,-1
1375,77,699,295,62,76,0,-1,-1,-1,-1
1376,77,705,297,63,77,0,-1,-1,-1,-1
1377,77,710,297,65,79,0,-1,-1,-1,-1
1378,77,712,297,66,80,0,-1,-1,-1,-1
1379,77,716,300,67,82,0,-1,-1,-1,-1
1380,77,720,308,71,85,0,-1,-1,-1,-1
1381,77,722,311,72,86,0,-1,-1,-1,-1
1382,77,726,320,74,88,0,-1,-1,-1,-1
1383,77,732,334,75,90,0,-1,-1,-1,-1
1384,77,734,340,75,89,0,-1,-1,-1,-1
1385,77,739,350,76,91,0,-1,-1,-1,-1
1386,77,745,358,79,95,0,-1,-1,-1,-1
1387,77,747,361,81,96,0,-1,-1,-1,-1
1388,77,753,363,82,98,0,-1,-1,-1,-1
1389,77,760,367,84,100,0,-1,-1,-1,-1
1390,77,763,368,85,101,0,-1,-1,-1,-1
1391,77,771,371,86,102,0,-1,-1,-1,-1
1392,77,781,375,89,106,0,-1,-1,-1,-1
1393,77,784,377,91,107,0,-1,-1,-1,-1
1394,77,794,386,94,111,0,-1,-1,-1,-1
1395,77,809,402,96,114,0,-1,-1,-1,-1
1396,77,815,408,96,115,0,-1,-1,-1,-1
1397,77,829,421,100,120,0,-1,-1,-1,-1
1398,77,850,440,103,122,0,-1,-1,-1,-1
1399,77,859,447,104,123,0,-1,-1,-1,-1
1400,77,880,452,110,130,0,-1,-1,-1,-1
1401,77,906,461,115,137,0,-1,-1,-1,-1
1402,77,916,464,118,140,0,-1,-1,-1,-1
1570,135,783,166,27,36,0,-1,-1,-1,-1
1571,135,782,164,27,37,0,-1,-1,-1,-1
1572,135,780,162,29,40,0,-1,-1,-1,-1
1573,135,779,162,30,40,0,-1,-1,-1,-1
1574,135,778,160,30,42,0,-1,-1,-1,-1
1575,135,777,160,31,42,0,-1,-1,-1,-1
1576,135,777,160,31,42,0,-1,-1,-1,-1
1577,135,776,160,31,43,0,-1,-1,-1,-1
1578,135,775,161,31,42,0,-1,-1,-1,-1
1579,135,775,162,31,41,0,-1,-1,-1,-1
1580,135,774,163,31,40,0,-1,-1,-1,-1
1581,135,773,164,31,41,0,-1,-1,-1,-1
1582,135,772,164,32,41,0,-1,-1,-1,-1
1583,135,770,164,34,43,0,-1,-1,-1,-1
1584,135,769,165,34,43,0,-1,-1,-1,-1
1585,135,768,165,35,43,0,-1,-1,-1,-1
1586,135,767,165,35,44,0,-1,-1,-1,-1
1587,135,766,167,34,43,0,-1,-1,-1,-1
1588,135,766,168,34,42,0,-1,-1,-1,-1
1589,135,764,167,35,44,0,-1,-1,-1,-1
1590,135,761,166,36,45,0,-1,-1,-1,-1
1591,135,760,165,37,46,0,-1,-1,-1,-1
1592,135,758,164,37,46,0,-1,-1,-1,-1
1593,135,754,162,39,48,0,-1,-1,-1,-1
1594,135,752,161,40,49,0,-1,-1,-1,-1
1595,135,750,161,38,49,0,-1,-1,-1,-1
1596,135,745,160,40,49,0,-1,-1,-1,-1
1597,135,744,159,40,50,0,-1,-1,-1,-1
1598,135,740,158,41,51,0,-1,-1,-1,-1
1599,135,736,161,40,49,0,-1,-1,-1,-1
1600,135,735,161,40,50,0,-1,-1,-1,-1
1601,135,730,163,40,50,0,-1,-1,-1,-1
1602,135,724,167,40,49,0,-1,-1,-1,-1
1603,135,722,169,39,48,0,-1,-1,-1,-1
1604,135,716,173,39,48,0,-1,-1,-1,-1
1605,135,708,177,40,47,0,-1,-1,-1,-1
1606,135,705,178,40,48,0,-1,-1,-1,-1
1607,135,697,181,41,49,0,-1,-1,-1,-1
1608,135,687,183,42,50,0,-1,-1,-1,-1
1609,135,684,183,42,51,0,-1,-1,-1,-1
1610,135,675,184,44,52,0,-1,-1,-1,-1
1611,135,666,186,45,52,0,-1,-1,-1,-1
1612,135,663,186,45,53,0,-1,-1,-1,-1
1613,135,658,188,44,51,0,-1,-1,-1,-1
1614,135,653,188,45,52,0,-1,-1,-1,-1
1615,135,652,188,44,52,0,-1,-1,-1,-1
1616,135,648,189,45,52,0,-1,-1,-1,-1
1617,135,646,190,45,53,0,-1,-1,-1,-1
1618,135,645,190,46,53,0,-1,-1,-1,-1
1619,135,644,192,46,54,0,-1,-1,-1,-1
1620,135,643,195,47,55,0,-1,-1,-1,-1
1621,135,643,197,47,54,0,-1,-1,-1,-1
1622,135,643,199,48,56,0,-1,-1,-1,-1
1623,135,646,203,48,57,0,-1,-1,-1,-1
1624,135,647,205,48,56,0,-1,-1,-1,-1
1625,135,650,208,48,56,0,-1,-1,-1,-1
1626,135,653,210,49,56,0,-1,-1,-1,-1
1627,135,655,211,48,56,0,-1,-1,-1,-1
1628,135,657,210,50,58,0,-1,-1,-1,-1
1629,135,658,209,52,60,0,-1,-1,-1,-1
1630,135,659,209,52,60,0,-1,-1,-1,-1
1631,135,660,208,52,61,0,-1,-1,-1,-1
1632,135,661,209,53,61,0,-1,-1,-1,-1
1633,135,661,209,53,61,0,-1,-1,-1,-1
1634,135,661,210,55,62,0,-1,-1,-1,-1
1635,135,662,211,56,66,0,-1,-1,-1,-1
1636,135,662,212,57,67,0,-1,-1,-1,-1
1637,135,663,215,58,69,0,-1,-1,-1,-1
1638,135,663,221,59,69,0,-1,-1,-1,-1
1639,135,663,223,60,70,0,-1,-1,-1,-1
1640,135,663,228,59,70,0,-1,-1,-1,-1
1641,135,660,233,61,72,0,-1,-1,-1,-1
1642,135,659,234,61,73,0,-1,-1,-1,-1
1643,135,657,237,61,73,0,-1,-1,-1,-1
1644,135,655,237,62,75,0,-1,-1,-1,-1
1645,135,654,237,63,76,0,-1,-1,-1,-1
1646,135,653,237,65,78,0,-1,-1,-1,-1
1647,135,655,237,66,78,0,-1,-1,-1,-1
1648,135,656,237,66,78,0,-1,-1,-1,-1
1649,135,659,237,67,80,0,-1,-1,-1,-1
1650,135,663,239,69,83,0,-1,-1,-1,-1
1651,135,665,240,70,84,0,-1,-1,-1,-1
1652,135,669,243,72,87,0,-1,-1,-1,-1
1653,135,676,251,73,87,0,-1,-1,-1,-1
1654,135,679,254,73,87,0,-1,-1,-1,-1
1655,135,686,259,74,90,0,-1,-1,-1,-1
1656,135,696,265,76,92,0,-1,-1,-1,-1
1657,135,700,268,76,92,0,-1,-1,-1,-1
1658,135,710,273,77,92,0,-1,-1,-1,-1
1659,135,723,276,77,93,0,-1,-1,-1,-1
1660,135,727,277,78,93,0,-1,-1,-1,-1
1661,135,736,276,81,97,0,-1,-1,-1,-1
1662,135,746,276,84,100,0,-1,-1,-1,-1
1663,135,750,276,85,101,0,-1,-1,-1,-1
1664,135,756,276,88,104,0,-1,-1,-1,-1
1665,135,763,277,91,110,0,-1,-1,-1,-1
1666,135,766,278,92,111,0,-1,-1,-1,-1
1667,135,772,285,93,112,0,-1,-1,-1,-1
1668,135,777,292,97,117,0,-1,-1,-1,-1
1669,135,779,294,99,120,0,-1,-1,-1,-1
1670,135,785,305,100,122,0,-1,-1,-1,-1
1671,135,790,318,102,125,0,-1,-1,-1,-1
1672,135,792,323,103,126,0,-1,-1,-1,-1
1673,135,796,335,103,127,0,-1,-1,-1,-1
1674,135,799,346,106,131,0,-1,-1,-1,-1
1675,135,800,350,107,132,0,-1,-1,-1,-1
1676,135,801,355,111,137,0,-1,-1,-1,-1
1677,135,803,357,118,146,0,-1,-1,-1,-1
1678,135,804,358,120,149,0,-1,-1,-1,-1
1679,135,810,364,122,151,0,-1,-1,-1,-1
1680,135,821,374,123,152,0,-1,-1,-1,-1
1681,135,825,377,124,152,0,-1,-1,-1,-1
1682,135,833,373,135,168,0,-1,-1,-1,-1
1683,135,845,368,152,192,0,-1,-1,-1,-1
1684,135,850,366,157,202,0,-1,-1,-1,-1
1685,135,869,379,160,208,0,-1,-1,-1,-1
1686,135,914,403,139,180,0,-1,-1,-1,-1
