4,5,755,160,42,49,0,-1,-1,-1,-1
5,5,751,159,43,50,0,-1,-1,-1,-1
6,5,747,159,43,51,0,-1,-1,-1,-1
7,5,746,159,43,51,0,-1,-1,-1,-1
8,5,743,160,44,52,0,-1,-1,-1,-1
9,5,740,161,44,53,0,-1,-1,-1,-1
10,5,739,162,44,52,0,-1,-1,-1,-1
11,5,738,164,44,52,0,-1,-1,-1,-1
12,5,737,165,44,53,0,-1,-1,-1,-1
13,5,737,165,44,53,0,-1,-1,-1,-1
14,5,737,167,45,53,0,-1,-1,-1,-1
15,5,737,169,45,52,0,-1,-1,-1,-1
16,5,738,169,44,53,0,-1,-1,-1,-1
17,5,737,171,45,53,0,-1,-1,-1,-1
18,5,736,172,45,54,0,-1,-1,-1,-1
19,5,735,173,45,54,0,-1,-1,-1,-1
20,5,734,176,45,52,0,-1,-1,-1,-1
21,5,731,176,46,53,0,-1,-1,-1,-1
22,5,730,176,46,54,0,-1,-1,-1,-1
23,5,726,175,47,55,0,-1,-1,-1,-1
24,5,722,175,48,56,0,-1,-1,-1,-1
25,5,721,175,47,57,0,-1,-1,-1,-1
26,5,717,178,48,56,0,-1,-1,-1,-1
27,5,713,181,48,56,0,-1,-1,-1,-1
28,5,712,182,47,56,0,-1,-1,-1,-1
29,5,707,186,47,55,0,-1,-1,-1,-1
30,5,700,188,48,56,0,-1,-1,-1,-1
31,5,697,189,49,57,0,-1,-1,-1,-1
32,5,691,190,48,57,0,-1,-1,-1,-1
33,5,683,190,49,57,0,-1,-1,-1,-1
34,5,679,190,50,58,0,-1,-1,-1,-1
35,5,673,189,51,58,0,-1,-1,-1,-1
36,5,665,186,52,60,0,-1,-1,-1,-1
37,5,663,185,52,61,0,-1,-1,-1,-1
38,5,659,184,54,62,0,-1,-1,-1,-1
39,5,656,184,54,62,0,-1,-1,-1,-1
40,5,656,184,54,62,0,-1,-1,-1,-1
41,5,654,185,55,63,0,-1,-1,-1,-1
42,5,654,187,55,64,0,-1,-1,-1,-1
43,5,654,188,55,64,0,-1,-1,-1,-1
44,5,653,190,57,65,0,-1,-1,-1,-1
45,5,655,195,57,65,0,-1,-1,-1,-1
46,5,656,197,57,65,0,-1,-1,-1,-1
47,5,659,201,57,65,0,-1,-1,-1,-1
48,5,663,204,59,67,0,-1,-1,-1,-1
49,5,665,205,59,68,0,-1,-1,-1,-1
50,5,670,207,61,69,0,-1,-1,-1,-1
51,5,676,207,61,70,0,-1,-1,-1,-1
52,5,678,207,61,70,0,-1,-1,-1,-1
53,5,683,207,62,71,0,-1,-1,-1,-1
54,5,688,206,63,73,0,-1,-1,-1,-1
55,5,689,206,65,73,0,-1,-1,-1,-1
56,5,693,207,64,73,0,-1,-1,-1,-1
57,5,695,208,65,74,0,-1,-1,-1,-1
58,5,696,208,65,74,0,-1,-1,-1,-1
59,5,697,210,66,74,0,-1,-1,-1,-1
60,5,697,210,69,78,0,-1,-1,-1,-1
61,5,698,211,69,79,0,-1,-1,-1,-1
62,5,698,214,71,81,0,-1,-1,-1,-1
64,5,703,227,70,80,0,-1,-1,-1,-1
66,5,705,240,73,83,0,-1,-1,-1,-1
67,5,705,242,74,84,0,-1,-1,-1,-1
68,5,705,245,75,85,0,-1,-1,-1,-1
69,5,705,247,77,87,0,-1,-1,-1,-1
70,5,705,247,78,88,0,-1,-1,-1,-1
71,5,706,249,78,89,0,-1,-1,-1,-1
72,5,706,250,82,92,0,-1,-1,-1,-1
73,5,706,250,83,93,0,-1,-1,-1,-1
74,5,709,253,85,94,0,-1,-1,-1,-1
75,5,714,256,86,96,0,-1,-1,-1,-1
76,5,716,257,87,98,0,-1,-1,-1,-1
77,5,720,260,90,101,0,-1,-1,-1,-1
88,5,820,327,111,122,0,-1,-1,-1,-1
90,5,843,329,118,131,0,-1,-1,-1,-1
92,5,859,332,124,139,0,-1,-1,-1,-1
471,36,772,125,30,52,0,-1,-1,-1,-1
472,36,771,125,30,51,0,-1,-1,-1,-1
473,36,766,124,30,52,0,-1,-1,-1,-1
478,36,742,124,35,54,0,-1,-1,-1,-1
479,36,735,124,36,55,0,-1,-1,-1,-1
483,36,708,132,37,54,0,-1,-1,-1,-1
485,36,698,133,38,54,0,-1,-1,-1,-1
486,36,689,131,39,55,0,-1,-1,-1,-1
487,36,687,131,39,55,0,-1,-1,-1,-1
488,36,681,131,40,55,0,-1,-1,-1,-1
489,36,675,132,41,55,0,-1,-1,-1,-1
490,36,673,132,41,55,0,-1,-1,-1,-1
491,36,668,133,42,56,0,-1,-1,-1,-1
492,36,663,135,42,57,0,-1,-1,-1,-1
493,36,661,136,42,57,0,-1,-1,-1,-1
494,36,659,139,42,56,0,-1,-1,-1,-1
495,36,656,142,42,56,0,-1,-1,-1,-1
496,36,655,143,42,57,0,-1,-1,-1,-1
497,36,653,145,43,58,0,-1,-1,-1,-1
498,36,652,147,45,58,0,-1,-1,-1,-1
499,36,652,147,45,59,0,-1,-1,-1,-1
500,36,650,146,46,60,0,-1,-1,-1,-1
501,36,650,146,47,62,0,-1,-1,-1,-1
502,36,650,146,47,62,0,-1,-1,-1,-1
503,36,650,146,47,62,0,-1,-1,-1,-1
504,36,649,144,49,64,0,-1,-1,-1,-1
505,36,649,144,49,64,0,-1,-1,-1,-1
506,36,647,142,51,66,0,-1,-1,-1,-1
507,36,648,144,50,65,0,-1,-1,-1,-1
508,36,648,144,50,65,0,-1,-1,-1,-1
509,36,648,146,52,67,0,-1,-1,-1,-1
510,36,648,149,53,69,0,-1,-1,-1,-1
511,36,647,149,54,70,0,-1,-1,-1,-1
512,36,648,153,54,70,0,-1,-1,-1,-1
513,36,649,158,54,71,0,-1,-1,-1,-1
514,36,649,160,55,71,0,-1,-1,-1,-1
515,36,649,161,56,73,0,-1,-1,-1,-1
516,36,650,163,57,73,0,-1,-1,-1,-1
517,36,650,163,57,74,0,-1,-1,-1,-1
518,36,650,161,59,77,0,-1,-1,-1,-1
519,36,653,160,60,78,0,-1,-1,-1,-1
520,36,654,160,61,78,0,-1,-1,-1,-1
521,36,658,160,61,78,0,-1,-1,-1,-1
522,36,663,162,62,78,0,-1,-1,-1,-1
523,36,665,162,62,78,0,-1,-1,-1,-1
524,36,668,164,63,80,0,-1,-1,-1,-1
525,36,674,169,64,82,0,-1,-1,-1,-1
526,36,676,171,65,82,0,-1,-1,-1,-1
527,36,680,175,67,84,0,-1,-1,-1,-1
528,36,687,180,69,87,0,-1,-1,-1,-1
529,36,689,183,70,88,0,-1,-1,-1,-1
530,36,696,186,71,89,0,-1,-1,-1,-1
531,36,704,187,73,93,0,-1,-1,-1,-1
532,36,707,188,73,93,0,-1,-1,-1,-1
533,36,712,187,76,96,0,-1,-1,-1,-1
534,36,721,186,77,99,0,-1,-1,-1,-1
535,36,723,185,78,100,0,-1,-1,-1,-1
536,36,730,184,79,101,0,-1,-1,-1,-1
537,36,735,183,82,105,0,-1,-1,-1,-1
538,36,737,182,84,108,0,-1,-1,-1,-1
539,36,742,185,86,111,0,-1,-1,-1,-1
543,36,763,216,95,121,0,-1,-1,-1,-1
544,36,765,220,96,122,0,-1,-1,-1,-1
545,36,769,227,100,126,0,-1,-1,-1,-1
546,36,777,234,104,131,0,-1,-1,-1,-1
547,36,780,237,106,132,0,-1,-1,-1,-1
548,36,789,241,108,135,0,-1,-1,-1,-1
549,36,805,244,111,139,0,-1,-1,-1,-1
550,36,809,244,114,141,0,-1,-1,-1,-1
551,36,823,247,115,143,0,-1,-1,-1,-1
965,77,765,135,32,44,0,-1,-1,-1,-1
966,77,759,133,34,45,0,-1,-1,-1,-1
967,77,758,133,33,46,0,-1,-1,-1,-1
968,77,754,133,35,47,0,-1,-1,-1,-1
969,77,749,134,37,49,0,-1,-1,-1,-1
970,77,746,133,38,50,0,-1,-1,-1,-1
971,77,742,135,38,50,0,-1,-1,-1,-1
972,77,739,138,38,50,0,-1,-1,-1,-1
973,77,737,139,39,50,0,-1,-1,-1,-1
974,77,736,143,38,49,0,-1,-1,-1,-1
975,77,732,145,38,48,0,-1,-1,-1,-1
976,77,731,146,38,48,0,-1,-1,-1,-1
977,77,729,146,38,48,0,-1,-1,-1,-1
978,77,725,146,39,49,0,-1,-1,-1,-1
979,77,724,146,40,49,0,-1,-1,-1,-1
980,77,721,146,40,49,0,-1,-1,-1,-1
981,77,716,144,41,51,0,-1,-1,-1,-1
982,77,715,144,41,51,0,-1,-1,-1,-1
983,77,712,144,42,52,0,-1,-1,-1,-1
984,77,709,146,42,51,0,-1,-1,-1,-1
985,77,708,146,42,51,0,-1,-1,-1,-1
986,77,705,147,43,52,0,-1,-1,-1,-1
987,77,701,148,43,53,0,-1,-1,-1,-1
988,77,700,148,43,53,0,-1,-1,-1,-1
989,77,697,150,44,54,0,-1,-1,-1,-1
990,77,693,153,44,53,0,-1,-1,-1,-1
991,77,691,153,45,54,0,-1,-1,-1,-1
992,77,685,153,47,56,0,-1,-1,-1,-1
993,77,680,153,47,57,0,-1,-1,-1,-1
994,77,679,153,46,57,0,-1,-1,-1,-1
995,77,674,152,47,57,0,-1,-1,-1,-1
996,77,669,151,48,57,0,-1,-1,-1,-1
997,77,667,150,49,58,0,-1,-1,-1,-1
998,77,663,147,49,60,0,-1,-1,-1,-1
999,77,660,146,50,60,0,-1,-1,-1,-1
1000,77,659,146,50,60,0,-1,-1,-1,-1
1001,77,656,145,51,62,0,-1,-1,-1,-1
1002,77,654,146,52,63,0,-1,-1,-1,-1
1003,77,653,146,52,64,0,-1,-1,-1,-1
1004,77,651,147,53,65,0,-1,-1,-1,-1
1005,77,651,149,54,66,0,-1,-1,-1,-1
1006,77,651,150,54,67,0,-1,-1,-1,-1
1007,77,652,153,54,68,0,-1,-1,-1,-1
1008,77,653,158,55,68,0,-1,-1,-1,-1
1009,77,654,160,54,67,0,-1,-1,-1,-1
1010,77,654,159,56,70,0,-1,-1,-1,-1
1011,77,656,160,56,70,0,-1,-1,-1,-1
1012,77,657,160,56,70,0,-1,-1,-1,-1
1013,77,658,160,57,71,0,-1,-1,-1,-1
1014,77,659,160,56,71,0,-1,-1,-1,-1
1015,77,659,161,57,70,0,-1,-1,-1,-1
1016,77,660,163,56,69,0,-1,-1,-1,-1
1017,77,658,161,58,71,0,-1,-1,-1,-1
1018,77,658,161,58,71,0,-1,-1,-1,-1
1019,77,656,161,61,74,0,-1,-1,-1,-1
1020,77,654,164,61,75,0,-1,-1,-1,-1
1021,77,654,165,61,76,0,-1,-1,-1,-1
1022,77,651,168,63,78,0,-1,-1,-1,-1
1023,77,650,175,62,77,0,-1,-1,-1,-1
1024,77,649,178,63,76,0,-1,-1,-1,-1
1025,77,647,182,63,78,0,-1,-1,-1,-1
1026,77,644,187,64,79,0,-1,-1,-1,-1
1027,77,642,187,65,80,0,-1,-1,-1,-1
1028,77,640,188,65,81,0,-1,-1,-1,-1
1029,77,638,186,67,83,0,-1,-1,-1,-1
1030,77,637,186,68,83,0,-1,-1,-1,-1
1031,77,637,185,68,84,0,-1,-1,-1,-1
1032,77,636,183,70,85,0,-1,-1,-1,-1
1033,77,637,183,69,85,0,-1,-1,-1,-1
1034,77,638,182,72,88,0,-1,-1,-1,-1
1035,77,641,185,73,89,0,-1,-1,-1,-1
1036,77,643,186,73,89,0,-1,-1,-1,-1
1037,77,645,190,74,90,0,-1,-1,-1,-1
1038,77,650,196,76,92,0,-1,-1,-1,-1
1039,77,652,198,77,93,0,-1,-1,-1,-1
1040,77,657,205,79,94,0,-1,-1,-1,-1
1041,77,663,210,82,97,0,-1,-1,-1,-1
1042,77,665,212,83,99,0,-1,-1,-1,-1
1043,77,672,217,84,100,0,-1,-1,-1,-1
1044,77,685,224,84,99,0,-1,-1,-1,-1
1045,77,690,227,83,98,0,-1,-1,-1,-1
1046,77,698,228,85,98,0,-1,-1,-1,-1
1047,77,704,225,89,103,0,-1,-1,-1,-1
1047,91,669,197,44,64,0,-1,-1,-1,-1
1048,77,707,224,90,104,0,-1,-1,-1,-1
1048,91,667,196,45,65,0,-1,-1,-1,-1
1049,77,714,226,91,104,0,-1,-1,-1,-1
1049,91,661,198,46,66,0,-1,-1,-1,-1
1050,77,721,227,92,107,0,-1,-1,-1,-1
1050,91,655,198,47,67,0,-1,-1,-1,-1
1051,77,723,228,94,108,0,-1,-1,-1,-1
1051,91,653,199,47,67,0,-1,-1,-1,-1
1052,77,727,227,98,113,0,-1,-1,-1,-1
1052,91,650,199,47,67,0,-1,-1,-1,-1
1053,77,732,231,102,118,0,-1,-1,-1,-1
1053,91,646,199,47,68,0,-1,-1,-1,-1
1054,77,733,232,103,120,0,-1,-1,-1,-1
1054,91,645,200,47,67,0,-1,-1,-1,-1
1055,77,738,241,105,122,0,-1,-1,-1,-1
1055,91,643,200,47,68,0,-1,-1,-1,-1
1056,77,744,253,107,124,0,-1,-1,-1,-1
1056,91,645,203,43,63,0,-1,-1,-1,-1
1057,77,745,256,108,126,0,-1,-1,-1,-1
1057,91,645,204,42,61,0,-1,-1,-1,-1
1058,77,748,263,112,132,0,-1,-1,-1,-1
1058,91,648,209,39,56,0,-1,-1,-1,-1
1059,77,755,274,113,132,0,-1,-1,-1,-1
1059,91,648,214,40,57,0,-1,-1,-1,-1
1060,77,758,278,113,132,0,-1,-1,-1,-1
1061,77,761,278,118,139,0,-1,-1,-1,-1
1061,91,647,220,44,61,0,-1,-1,-1,-1
1062,77,769,280,120,142,0,-1,-1,-1,-1
1062,91,651,225,43,60,0,-1,-1,-1,-1
1063,77,773,282,121,142,0,-1,-1,-1,-1
1063,91,652,226,44,61,0,-1,-1,-1,-1
1064,77,780,280,125,147,0,-1,-1,-1,-1
1064,91,653,229,48,67,0,-1,-1,-1,-1
1065,77,792,277,130,154,0,-1,-1,-1,-1
1065,91,656,230,52,72,0,-1,-1,-1,-1
1066,77,796,275,132,157,0,-1,-1,-1,-1
1066,91,658,231,53,74,0,-1,-1,-1,-1
1067,77,809,278,135,159,0,-1,-1,-1,-1
1067,91,663,232,52,74,0,-1,-1,-1,-1
1068,77,825,279,142,168,0,-1,-1,-1,-1
1068,91,668,233,53,74,0,-1,-1,-1,-1
1069,77,831,280,144,171,0,-1,-1,-1,-1
1069,91,670,233,53,74,0,-1,-1,-1,-1
1070,77,850,291,147,175,0,-1,-1,-1,-1
1070,91,672,232,53,75,0,-1,-1,-1,-1
1071,91,676,234,52,74,0,-1,-1,-1,-1
1072,91,677,235,52,73,0,-1,-1,-1,-1
1073,91,679,238,53,74,0,-1,-1,-1,-1
1074,91,682,243,52,73,0,-1,-1,-1,-1
1075,91,683,245,52,72,0,-1,-1,-1,-1
1076,91,685,252,51,70,0,-1,-1,-1,-1
1077,91,686,260,52,71,0,-1,-1,-1,-1
1078,91,686,264,53,70,0,-1,-1,-1,-1
1079,91,686,270,54,73,0,-1,-1,-1,-1
1080,91,683,274,58,77,0,-1,-1,-1,-1
1081,91,683,277,58,77,0,-1,-1,-1,-1
1082,91,680,278,61,81,0,-1,-1,-1,-1
1083,91,682,280,60,80,0,-1,-1,-1,-1
1084,91,683,282,60,78,0,-1,-1,-1,-1
1085,91,679,280,68,90,0,-1,-1,-1,-1
1086,91,681,280,72,96,0,-1,-1,-1,-1
1087,91,683,281,72,98,0,-1,-1,-1,-1
1088,91,688,284,72,98,0,-1,-1,-1,-1
1089,91,691,289,77,105,0,-1,-1,-1,-1
1090,91,693,292,79,107,0,-1,-1,-1,-1
1091,91,702,299,77,105,0,-1,-1,-1,-1
1092,91,712,310,78,106,0,-1,-1,-1,-1
1093,91,715,314,79,106,0,-1,-1,-1,-1
1094,91,723,323,82,111,0,-1,-1,-1,-1
1095,91,735,332,87,119,0,-1,-1,-1,-1
1096,91,739,334,89,122,0,-1,-1,-1,-1
1097,91,751,336,93,128,0,-1,-1,-1,-1
1098,91,766,338,97,134,0,-1,-1,-1,-1
1099,91,772,338,98,136,0,-1,-1,-1,-1
1100,91,785,339,101,140,0,-1,-1,-1,-1
1149,95,706,190,40,45,0,-1,-1,-1,-1
1150,95,705,191,40,45,0,-1,-1,-1,-1
1151,95,703,191,41,46,0,-1,-1,-1,-1
1152,95,701,191,41,47,0,-1,-1,-1,-1
1153,95,700,191,41,47,0,-1,-1,-1,-1
1154,95,698,190,41,48,0,-1,-1,-1,-1
1155,95,696,189,41,48,0,-1,-1,-1,-1
1156,95,695,189,41,48,0,-1,-1,-1,-1
1157,95,693,189,41,48,0,-1,-1,-1,-1
1158,95,691,190,41,48,0,-1,-1,-1,-1
1159,95,691,190,40,49,0,-1,-1,-1,-1
1160,95,689,193,40,47,0,-1,-1,-1,-1
1161,95,687,196,40,48,0,-1,-1,-1,-1
1162,95,686,197,40,48,0,-1,-1,-1,-1
1163,95,683,201,40,48,0,-1,-1,-1,-1
1164,95,680,203,41,49,0,-1,-1,-1,-1
1165,95,679,204,41,49,0,-1,-1,-1,-1
1166,95,677,205,41,48,0,-1,-1,-1,-1
1167,95,675,205,41,49,0,-1,-1,-1,-1
1168,95,674,205,41,49,0,-1,-1,-1,-1
1169,95,674,205,40,49,0,-1,-1,-1,-1
1170,95,672,204,41,50,0,-1,-1,-1,-1
1171,95,672,204,41,50,0,-1,-1,-1,-1
1172,95,672,205,41,50,0,-1,-1,-1,-1
1173,95,673,206,41,50,0,-1,-1,-1,-1
1174,95,674,206,41,51,0,-1,-1,-1,-1
1175,95,675,208,41,52,0,-1,-1,-1,-1
1176,95,679,211,41,52,0,-1,-1,-1,-1
1177,95,680,212,41,52,0,-1,-1,-1,-1
1178,95,683,213,41,52,0,-1,-1,-1,-1
1179,95,686,213,41,53,0,-1,-1,-1,-1
1180,95,687,213,42,54,0,-1,-1,-1,-1
1181,95,688,213,42,54,0,-1,-1,-1,-1
1182,95,690,213,42,54,0,-1,-1,-1,-1
1183,95,690,213,42,54,0,-1,-1,-1,-1
1184,95,690,211,43,56,0,-1,-1,-1,-1
1185,95,690,211,44,57,0,-1,-1,-1,-1
1186,95,690,211,44,57,0,-1,-1,-1,-1
1187,95,691,211,44,58,0,-1,-1,-1,-1
1188,95,692,212,45,58,0,-1,-1,-1,-1
1189,95,693,213,44,58,0,-1,-1,-1,-1
1190,95,694,213,44,58,0,-1,-1,-1,-1
1191,95,694,214,44,58,0,-1,-1,-1,-1
1192,95,694,214,44,59,0,-1,-1,-1,-1
1193,95,694,216,44,59,0,-1,-1,-1,-1
1194,95,693,218,44,60,0,-1,-1,-1,-1
1195,95,694,221,44,59,0,-1,-1,-1,-1
1196,95,693,223,44,60,0,-1,-1,-1,-1
1197,95,693,226,44,60,0,-1,-1,-1,-1
1198,95,693,227,44,60,0,-1,-1,-1,-1
1199,95,693,229,44,60,0,-1,-1,-1,-1
1200,95,691,231,45,61,0,-1,-1,-1,-1
1201,95,690,232,46,61,0,-1,-1,-1,-1
1202,95,690,234,45,61,0,-1,-1,-1,-1
1309,77,695,184,32,46,0,-1,-1,-1,-1
1310,77,695,184,32,46,0,-1,-1,-1,-1
1311,77,694,184,32,46,0,-1,-1,-1,-1
1312,77,694,184,32,46,0,-1,-1,-1,-1
1313,77,693,184,33,46,0,-1,-1,-1,-1
1314,77,692,184,33,46,0,-1,-1,-1,-1
1315,77,691,184,34,46,0,-1,-1,-1,-1
1316,77,691,185,33,46,0,-1,-1,-1,-1
1317,77,690,185,34,46,0,-1,-1,-1,-1
1318,77,689,185,35,46,0,-1,-1,-1,-1
1319,77,688,185,36,47,0,-1,-1,-1,-1
1320,77,686,185,37,47,0,-1,-1,-1,-1
1321,77,686,184,36,48,0,-1,-1,-1,-1
1322,77,684,186,37,47,0,-1,-1,-1,-1
1323,77,683,187,36,47,0,-1,-1,-1,-1
1324,77,682,188,37,46,0,-1,-1,-1,-1
1325,77,680,188,37,47,0,-1,-1,-1,-1
1326,77,678,189,37,48,0,-1,-1,-1,-1
1327,77,677,190,37,47,0,-1,-1,-1,-1
1328,77,675,191,38,48,0,-1,-1,-1,-1
1329,77,672,192,38,49,0,-1,-1,-1,-1
1330,77,671,193,38,48,0,-1,-1,-1,-1
1331,77,669,194,38,47,0,-1,-1,-1,-1
1332,77,666,194,38,47,0,-1,-1,-1,-1
1333,77,665,194,38,47,0,-1,-1,-1,-1
1334,77,662,193,40,49,0,-1,-1,-1,-1
1335,77,659,191,40,50,0,-1,-1,-1,-1
1336,77,658,191,40,50,0,-1,-1,-1,-1
1337,77,656,192,40,50,0,-1,-1,-1,-1
1338,77,654,195,41,49,0,-1,-1,-1,-1
1339,77,652,194,41,50,0,-1,-1,-1,-1
1340,77,652,198,41,49,0,-1,-1,-1,-1
1341,77,649,200,42,51,0,-1,-1,-1,-1
1342,77,649,201,42,52,0,-1,-1,-1,-1
1343,77,648,204,42,53,0,-1,-1,-1,-1
1344,77,647,208,44,54,0,-1,-1,-1,-1
1345,77,646,209,44,55,0,-1,-1,-1,-1
1346,77,647,210,44,56,0,-1,-1,-1,-1
1347,77,647,211,45,56,0,-1,-1,-1,-1
1348,77,648,212,44,56,0,-1,-1,-1,-1
1349,77,649,212,45,56,0,-1,-1,-1,-1
1350,77,650,212,45,57,0,-1,-1,-1,-1
1351,77,650,211,45,58,0,-1,-1,-1,-1
1352,77,650,212,46,57,0,-1,-1,-1,-1
1353,77,650,215,47,57,0,-1,-1,-1,-1
1354,77,650,216,47,58,0,-1,-1,-1,-1
1355,77,648,218,49,60,0,-1,-1,-1,-1
1356,77,648,224,50,61,0,-1,-1,-1,-1
1357,77,648,226,50,62,0,-1,-1,-1,-1
1358,77,648,232,50,62,0,-1,-1,-1,-1
1359,77,647,236,51,63,0,-1,-1,-1,-1
1360,77,647,238,51,63,0,-1,-1,-1,-1
1361,77,647,240,51,64,0,-1,-1,-1,-1
1362,77,646,240,52,65,0,-1,-1,-1,-1
1363,77,645,240,54,66,0,-1,-1,-1,-1
1364,77,646,239,55,67,0,-1,-1,-1,-1
1365,77,648,239,55,68,0,-1,-1,-1,-1
1366,77,649,238,55,69,0,-1,-1,-1,-1
1367,77,651,239,57,71,0,-1,-1,-1,-1
1368,77,655,247,57,71,0,-1,-1,-1,-1
1370,77,660,257,59,72,0,-1,-1,-1,-1
1371,77,665,264,60,75,0,-1,-1,-1,-1
1372,77,667,267,61,75,0,-1,-1,-1,-1
1373,77,673,272,62,77,0,-1,-1,-1,-1
1374,77,681,278,62,76,0,-1,-1,-1,-1
1375,77,684,280,62,76,0,-1,-1,-1,-1
1376,77,690,282,63,77,0,-1,-1,-1,-1
1376,116,777,162,25,42,0,-1,-1,-1,-1
1377,77,695,282,65,79,0,-1,-1,-1,-1
1377,116,776,162,25,42,0,-1,-1,-1,-1
1378,77,696,281,66,80,0,-1,-1,-1,-1
1378,116,776,162,25,42,0,-1,-1,-1,-1
1379,77,700,284,67,82,0,-1,-1,-1,-1
1379,116,776,162,25,42,0,-1,-1,-1,-1
1380,77,703,291,71,85,0,-1,-1,-1,-1
1380,116,775,163,26,41,0,-1,-1,-1,-1
1381,77,705,294,72,86,0,-1,-1,-1,-1
1381,116,775,164,26,40,0,-1,-1,-1,-1
1382,77,709,303,74,88,0,-1,-1,-1,-1
1382,116,774,164,26,40,0,-1,-1,-1,-1
1383,77,714,316,75,90,0,-1,-1,-1,-1
1383,116,773,164,27,40,0,-1,-1,-1,-1
1384,116,773,164,27,40,0,-1,-1,-1,-1
1385,77,721,332,76,91,0,-1,-1,-1,-1
1385,116,772,164,28,40,0,-1,-1,-1,-1
1386,77,726,339,79,95,0,-1,-1,-1,-1
1386,116,771,163,28,41,0,-1,-1,-1,-1
1387,77,728,342,81,96,0,-1,-1,-1,-1
1387,116,771,163,28,41,0,-1,-1,-1,-1
1388,77,734,344,82,98,0,-1,-1,-1,-1
1388,116,770,163,29,41,0,-1,-1,-1,-1
1389,116,769,163,30,42,0,-1,-1,-1,-1
1390,77,743,348,85,101,0,-1,-1,-1,-1
1390,116,768,163,31,42,0,-1,-1,-1,-1
1391,77,751,351,86,102,0,-1,-1,-1,-1
1391,116,766,163,32,42,0,-1,-1,-1,-1
1392,116,764,163,31,43,0,-1,-1,-1,-1
1393,116,763,163,32,43,0,-1,-1,-1,-1
1394,116,760,163,33,44,0,-1,-1,-1,-1
1395,116,758,164,32,44,0,-1,-1,-1,-1
1396,116,757,165,32,43,0,-1,-1,-1,-1
1397,116,755,166,33,43,0,-1,-1,-1,-1
1398,116,755,168,31,42,0,-1,-1,-1,-1
1399,116,754,169,32,42,0,-1,-1,-1,-1
1400,116,754,169,32,42,0,-1,-1,-1,-1
1401,116,753,168,33,42,0,-1,-1,-1,-1
1402,116,753,168,33,42,0,-1,-1,-1,-1
1403,116,753,167,32,42,0,-1,-1,-1,-1
1404,116,752,165,32,42,0,-1,-1,-1,-1
1405,116,751,164,33,42,0,-1,-1,-1,-1
1406,116,751,162,32,41,0,-1,-1,-1,-1
1407,116,752,159,32,41,0,-1,-1,-1,-1
1408,116,752,158,32,41,0,-1,-1,-1,-1
1409,116,754,156,32,41,0,-1,-1,-1,-1
1410,116,758,155,31,40,0,-1,-1,-1,-1
1411,116,760,156,31,39,0,-1,-1,-1,-1
1412,116,763,155,31,39,0,-1,-1,-1,-1
1413,116,764,153,31,40,0,-1,-1,-1,-1
1414,116,766,154,31,39,0,-1,-1,-1,-1
1415,116,767,154,32,39,0,-1,-1,-1,-1
1416,116,768,155,31,38,0,-1,-1,-1,-1
1417,116,769,155,31,38,0,-1,-1,-1,-1
1418,116,769,156,31,37,0,-1,-1,-1,-1
1419,116,769,155,32,38,0,-1,-1,-1,-1
1420,116,768,155,33,38,0,-1,-1,-1,-1
1421,116,768,155,33,39,0,-1,-1,-1,-1
1422,116,767,154,33,40,0,-1,-1,-1,-1
1423,116,768,156,33,39,0,-1,-1,-1,-1
1424,116,769,157,33,39,0,-1,-1,-1,-1
1425,116,767,156,34,40,0,-1,-1,-1,-1
1426,116,767,156,34,41,0,-1,-1,-1,-1
1427,116,767,157,34,42,0,-1,-1,-1,-1
1428,116,766,158,35,42,0,-1,-1,-1,-1
1429,116,766,159,35,42,0,-1,-1,-1,-1
1430,116,766,160,34,42,0,-1,-1,-1,-1
1431,116,765,161,35,42,0,-1,-1,-1,-1
1432,116,765,161,35,43,0,-1,-1,-1,-1
1433,116,762,160,36,45,0,-1,-1,-1,-1
1434,116,763,164,35,44,0,-1,-1,-1,-1
1435,116,762,165,36,44,0,-1,-1,-1,-1
1436,116,761,167,36,44,0,-1,-1,-1,-1
1437,116,760,169,36,45,0,-1,-1,-1,-1
1438,116,759,170,37,45,0,-1,-1,-1,-1
1439,116,759,173,36,45,0,-1,-1,-1,-1
1440,116,759,176,36,45,0,-1,-1,-1,-1
1441,116,759,177,35,45,0,-1,-1,-1,-1
1442,116,758,178,36,46,0,-1,-1,-1,-1
1443,116,758,180,36,45,0,-1,-1,-1,-1
1444,116,758,180,36,45,0,-1,-1,-1,-1
1445,116,758,180,36,45,0,-1,-1,-1,-1
1446,116,758,179,36,45,0,-1,-1,-1,-1
1447,116,758,178,36,46,0,-1,-1,-1,-1
1448,116,757,177,36,46,0,-1,-1,-1,-1
1449,116,756,176,36,46,0,-1,-1,-1,-1
1450,116,755,176,37,46,0,-1,-1,-1,-1
1451,116,754,176,37,46,0,-1,-1,-1,-1
1452,116,752,178,37,46,0,-1,-1,-1,-1
1453,116,751,178,38,47,0,-1,-1,-1,-1
1454,116,749,180,38,48,0,-1,-1,-1,-1
1455,116,745,183,39,49,0,-1,-1,-1,-1
1456,116,744,184,39,49,0,-1,-1,-1,-1
1457,116,740,187,39,49,0,-1,-1,-1,-1
1458,116,734,190,39,49,0,-1,-1,-1,-1
1459,116,732,191,39,49,0,-1,-1,-1,-1
1460,116,726,191,40,49,0,-1,-1,-1,-1
1461,116,719,189,40,50,0,-1,-1,-1,-1
1462,116,716,189,41,50,0,-1,-1,-1,-1
1463,116,712,188,42,51,0,-1,-1,-1,-1
1464,116,708,188,42,51,0,-1,-1,-1,-1
1465,116,706,188,43,51,0,-1,-1,-1,-1
1466,116,704,189,43,52,0,-1,-1,-1,-1
1467,116,702,193,42,51,0,-1,-1,-1,-1
1468,116,701,194,43,51,0,-1,-1,-1,-1
1469,116,700,197,43,52,0,-1,-1,-1,-1
1470,116,698,200,44,53,0,-1,-1,-1,-1
1471,116,697,201,45,54,0,-1,-1,-1,-1
1472,116,697,204,45,54,0,-1,-1,-1,-1
1473,116,695,205,46,55,0,-1,-1,-1,-1
1474,116,695,206,46,55,0,-1,-1,-1,-1
1475,116,693,205,48,57,0,-1,-1,-1,-1
1476,116,691,204,49,59,0,-1,-1,-1,-1
1477,116,690,204,49,59,0,-1,-1,-1,-1
1478,116,687,203,50,60,0,-1,-1,-1,-1
1479,116,684,204,51,62,0,-1,-1,-1,-1
1480,116,683,204,52,63,0,-1,-1,-1,-1
1481,116,681,208,52,63,0,-1,-1,-1,-1
1482,116,676,212,54,65,0,-1,-1,-1,-1
1483,116,675,213,54,67,0,-1,-1,-1,-1
1484,116,671,219,55,67,0,-1,-1,-1,-1
1485,116,667,226,56,68,0,-1,-1,-1,-1
1486,116,665,228,57,69,0,-1,-1,-1,-1
1487,116,662,235,56,68,0,-1,-1,-1,-1
1488,116,657,239,56,69,0,-1,-1,-1,-1
1489,116,655,241,56,68,0,-1,-1,-1,-1
1490,116,652,243,56,68,0,-1,-1,-1,-1
1491,116,647,242,58,70,0,-1,-1,-1,-1
1492,116,645,242,59,71,0,-1,-1,-1,-1
1493,116,644,243,59,72,0,-1,-1,-1,-1
1494,116,643,245,61,74,0,-1,-1,-1,-1
1495,116,641,245,62,75,0,-1,-1,-1,-1
1496,116,641,249,63,76,0,-1,-1,-1,-1
1497,116,641,255,65,79,0,-1,-1,-1,-1
1498,116,640,257,65,80,0,-1,-1,-1,-1
1499,116,642,265,65,80,0,-1,-1,-1,-1
1500,116,646,275,66,80,0,-1,-1,-1,-1
1501,116,647,278,67,81,0,-1,-1,-1,-1
1502,116,652,284,68,83,0,-1,-1,-1,-1
1503,116,661,291,68,83,0,-1,-1,-1,-1
1504,116,664,293,68,83,0,-1,-1,-1,-1
1505,116,669,292,72,88,0,-1,-1,-1,-1
1506,116,677,295,74,89,0,-1,-1,-1,-1
1507,116,679,294,75,91,0,-1,-1,-1,-1
1508,116,686,295,76,93,0,-1,-1,-1,-1
1509,116,692,298,79,96,0,-1,-1,-1,-1
1510,116,695,299,80,98,0,-1,-1,-1,-1
1511,116,700,303,82,101,0,-1,-1,-1,-1
1512,116,708,313,85,103,0,-1,-1,-1,-1
1513,116,710,315,86,105,0,-1,-1,-1,-1
1514,116,718,325,86,107,0,-1,-1,-1,-1
1515,116,725,336,90,110,0,-1,-1,-1,-1
1516,116,729,340,90,112,0,-1,-1,-1,-1
1517,116,734,348,93,115,0,-1,-1,-1,-1
1518,116,743,355,96,119,0,-1,-1,-1,-1
1519,116,745,357,97,120,0,-1,-1,-1,-1
1520,116,754,362,98,122,0,-1,-1,-1,-1
1521,116,767,364,102,127,0,-1,-1,-1,-1
1522,116,772,366,103,128,0,-1,-1,-1,-1
1523,116,786,371,104,131,0,-1,-1,-1,-1
1526,116,828,399,110,139,0,-1,-1,-1,-1
1580,95,766,155,31,40,0,-1,-1,-1,-1
1581,95,765,156,31,41,0,-1,-1,-1,-1
1582,95,764,156,32,41,0,-1,-1,-1,-1
1583,95,762,156,34,43,0,-1,-1,-1,-1
1584,95,761,157,34,43,0,-1,-1,-1,-1
1585,95,760,157,35,43,0,-1,-1,-1,-1
1586,95,759,157,35,44,0,-1,-1,-1,-1
1587,95,758,159,34,43,0,-1,-1,-1,-1
1588,95,758,160,34,42,0,-1,-1,-1,-1
1589,95,756,159,35,44,0,-1,-1,-1,-1
1590,95,752,157,36,45,0,-1,-1,-1,-1
1591,95,751,156,37,46,0,-1,-1,-1,-1
1592,95,749,155,37,46,0,-1,-1,-1,-1
1593,95,745,153,39,48,0,-1,-1,-1,-1
1594,95,743,152,40,49,0,-1,-1,-1,-1
1595,95,741,152,38,49,0,-1,-1,-1,-1
1596,95,736,151,40,49,0,-1,-1,-1,-1
1597,95,734,149,40,50,0,-1,-1,-1,-1
1598,95,730,148,41,51,0,-1,-1,-1,-1
1599,95,727,152,40,49,0,-1,-1,-1,-1
1600,95,725,151,40,50,0,-1,-1,-1,-1
1601,95,720,153,40,50,0,-1,-1,-1,-1
1602,95,715,158,40,49,0,-1,-1,-1,-1
1610,95,665,174,44,52,0,-1,-1,-1,-1
1611,95,656,176,45,52,0,-1,-1,-1,-1
1612,95,653,176,45,53,0,-1,-1,-1,-1
1613,95,648,178,44,51,0,-1,-1,-1,-1
1614,95,643,178,45,52,0,-1,-1,-1,-1
1615,95,642,178,44,52,0,-1,-1,-1,-1
1616,95,638,179,45,52,0,-1,-1,-1,-1
1617,95,636,180,45,53,0,-1,-1,-1,-1
1618,95,635,180,46,53,0,-1,-1,-1,-1
1619,95,634,182,46,54,0,-1,-1,-1,-1
1620,95,632,184,47,55,0,-1,-1,-1,-1
1621,95,633,187,47,54,0,-1,-1,-1,-1
1623,95,635,192,48,57,0,-1,-1,-1,-1
1624,95,636,194,48,56,0,-1,-1,-1,-1
1625,95,639,197,48,56,0,-1,-1,-1,-1
1626,95,642,199,49,56,0,-1,-1,-1,-1
1627,95,644,200,48,56,0,-1,-1,-1,-1
1628,95,646,199,50,58,0,-1,-1,-1,-1
1629,95,646,197,52,60,0,-1,-1,-1,-1
1630,95,647,197,52,60,0,-1,-1,-1,-1
1631,95,648,196,52,61,0,-1,-1,-1,-1
1632,95,649,197,53,61,0,-1,-1,-1,-1
1633,95,649,197,53,61,0,-1,-1,-1,-1
1634,95,649,198,55,62,0,-1,-1,-1,-1
1635,95,649,198,56,66,0,-1,-1,-1,-1
1636,95,649,199,57,67,0,-1,-1,-1,-1
1637,95,650,202,58,69,0,-1,-1,-1,-1
1638,95,650,208,59,69,0,-1,-1,-1,-1
1639,95,649,209,60,70,0,-1,-1,-1,-1
1640,95,649,214,59,70,0,-1,-1,-1,-1
1641,95,646,219,61,72,0,-1,-1,-1,-1
1642,95,645,220,61,73,0,-1,-1,-1,-1
1643,95,643,223,61,73,0,-1,-1,-1,-1
1644,95,640,222,62,75,0,-1,-1,-1,-1
1645,95,639,222,63,76,0,-1,-1,-1,-1
1646,95,638,222,65,78,0,-1,-1,-1,-1
1647,95,640,222,66,78,0,-1,-1,-1,-1
1648,95,641,222,66,78,0,-1,-1,-1,-1
1649,95,643,221,67,80,0,-1,-1,-1,-1
1650,95,647,223,69,83,0,-1,-1,-1,-1
1651,95,649,224,70,84,0,-1,-1,-1,-1
1652,95,652,226,72,87,0,-1,-1,-1,-1
1653,95,659,234,73,87,0,-1,-1,-1,-1
1654,95,662,237,73,87,0,-1,-1,-1,-1
1655,95,668,241,74,90,0,-1,-1,-1,-1
1656,95,678,247,76,92,0,-1,-1,-1,-1
1657,95,682,250,76,92,0,-1,-1,-1,-1
1658,95,692,255,77,92,0,-1,-1,-1,-1
1659,95,705,258,77,93,0,-1,-1,-1,-1
1660,95,709,259,78,93,0,-1,-1,-1,-1
1661,95,717,257,81,97,0,-1,-1,-1,-1
1662,95,726,256,84,100,0,-1,-1,-1,-1
1663,95,730,256,85,101,0,-1,-1,-1,-1
1664,95,736,256,88,104,0,-1,-1,-1,-1
1665,95,741,255,91,110,0,-1,-1,-1,-1
1666,95,744,256,92,111,0,-1,-1,-1,-1
1667,95,750,263,93,112,0,-1,-1,-1,-1
1668,95,754,269,97,117,0,-1,-1,-1,-1
1669,95,755,270,99,120,0,-1,-1,-1,-1
1670,95,761,281,100,122,0,-1,-1,-1,-1
1671,95,765,293,102,125,0,-1,-1,-1,-1
1672,95,767,298,103,126,0,-1,-1,-1,-1
1673,95,771,310,103,127,0,-1,-1,-1,-1
1674,95,773,320,106,131,0,-1,-1,-1,-1
1675,95,774,324,107,132,0,-1,-1,-1,-1
1676,95,774,328,111,137,0,-1,-1,-1,-1
1677,95,774,328,118,146,0,-1,-1,-1,-1
1678,95,775,329,120,149,0,-1,-1,-1,-1
1679,95,780,334,122,151,0,-1,-1,-1,-1
1680,95,791,344,123,152,0,-1,-1,-1,-1
1681,95,795,347,124,152,0,-1,-1,-1,-1
1682,95,800,340,135,168,0,-1,-1,-1,-1
1684,95,810,326,157,202,0,-1,-1,-1,-1
1716,150,702,145,40,53,0,-1,-1,-1,-1
1717,150,700,146,41,53,0,-1,-1,-1,-1
1718,150,697,146,43,56,0,-1,-1,-1,-1
1719,150,694,149,43,56,0,-1,-1,-1,-1
1720,150,693,150,44,56,0,-1,-1,-1,-1
1721,150,691,152,45,57,0,-1,-1,-1,-1
1722,150,689,154,44,57,0,-1,-1,-1,-1
1723,150,689,154,44,57,0,-1,-1,-1,-1
1724,150,688,154,44,57,0,-1,-1,-1,-1
1725,150,685,154,45,58,0,-1,-1,-1,-1
1726,150,684,154,45,58,0,-1,-1,-1,-1
1727,150,681,155,45,58,0,-1,-1,-1,-1
1728,150,678,158,44,57,0,-1,-1,-1,-1
1729,150,677,159,43,57,0,-1,-1,-1,-1
1731,150,669,166,44,57,0,-1,-1,-1,-1
1732,150,668,167,44,57,0,-1,-1,-1,-1
1733,150,664,171,44,58,0,-1,-1,-1,-1
1734,150,657,174,46,60,0,-1,-1,-1,-1
1735,150,655,176,47,60,0,-1,-1,-1,-1
1736,150,650,178,48,62,0,-1,-1,-1,-1
1737,150,642,177,49,65,0,-1,-1,-1,-1
1738,150,639,177,50,66,0,-1,-1,-1,-1
1739,150,633,176,52,68,0,-1,-1,-1,-1
1740,150,627,175,53,69,0,-1,-1,-1,-1
1741,150,624,173,54,70,0,-1,-1,-1,-1
1742,150,622,173,54,70,0,-1,-1,-1,-1
1743,150,621,173,56,73,0,-1,-1,-1,-1
1744,150,621,174,56,73,0,-1,-1,-1,-1
1745,150,622,177,57,73,0,-1,-1,-1,-1
1746,150,626,181,57,74,0,-1,-1,-1,-1
1748,150,628,184,60,77,0,-1,-1,-1,-1
1749,150,635,189,61,78,0,-1,-1,-1,-1
1750,150,638,191,61,78,0,-1,-1,-1,-1
1751,150,643,193,62,79,0,-1,-1,-1,-1
1752,150,652,195,62,79,0,-1,-1,-1,-1
1753,150,656,196,62,79,0,-1,-1,-1,-1
1754,150,664,198,62,77,0,-1,-1,-1,-1
1755,150,669,196,65,80,0,-1,-1,-1,-1
1756,150,671,195,66,82,0,-1,-1,-1,-1
1757,150,676,196,68,82,0,-1,-1,-1,-1
1758,150,681,198,70,84,0,-1,-1,-1,-1
1759,150,682,197,70,85,0,-1,-1,-1,-1
1760,150,686,202,71,86,0,-1,-1,-1,-1
1762,150,692,212,72,89,0,-1,-1,-1,-1
1767,150,692,238,80,102,0,-1,-1,-1,-1
1768,150,691,241,81,103,0,-1,-1,-1,-1
1769,150,688,239,86,109,0,-1,-1,-1,-1
1770,150,688,238,88,114,0,-1,-1,-1,-1
1771,150,688,239,89,114,0,-1,-1,-1,-1
1772,150,689,240,90,117,0,-1,-1,-1,-1
1844,36,758,159,28,49,0,-1,-1,-1,-1
1845,36,750,157,29,50,0,-1,-1,-1,-1
1846,36,748,158,30,49,0,-1,-1,-1,-1
1847,36,743,158,31,49,0,-1,-1,-1,-1
1848,36,737,158,32,49,0,-1,-1,-1,-1
1849,36,734,158,34,49,0,-1,-1,-1,-1
1851,36,721,157,36,51,0,-1,-1,-1,-1
1852,36,718,157,38,51,0,-1,-1,-1,-1
1853,36,712,158,40,52,0,-1,-1,-1,-1
1854,36,705,162,41,52,0,-1,-1,-1,-1
1855,36,702,164,41,52,0,-1,-1,-1,-1
1856,36,696,167,43,53,0,-1,-1,-1,-1
1858,36,687,172,44,54,0,-1,-1,-1,-1
1859,36,679,173,46,55,0,-1,-1,-1,-1
1860,36,671,173,47,57,0,-1,-1,-1,-1
1861,36,667,173,49,57,0,-1,-1,-1,-1
1862,36,661,173,49,58,0,-1,-1,-1,-1
1863,36,653,171,50,60,0,-1,-1,-1,-1
1864,36,651,171,50,60,0,-1,-1,-1,-1
1865,36,646,170,52,62,0,-1,-1,-1,-1
1866,36,643,171,52,62,0,-1,-1,-1,-1
1867,36,641,171,53,62,0,-1,-1,-1,-1
1868,36,639,173,53,63,0,-1,-1,-1,-1
1870,36,634,177,55,65,0,-1,-1,-1,-1
1874,36,631,196,58,68,0,-1,-1,-1,-1
1875,36,631,199,59,70,0,-1,-1,-1,-1
1876,36,631,201,60,70,0,-1,-1,-1,-1
1877,36,632,201,61,72,0,-1,-1,-1,-1
1878,36,633,201,63,73,0,-1,-1,-1,-1
1879,36,634,201,63,73,0,-1,-1,-1,-1
1880,36,634,198,64,75,0,-1,-1,-1,-1
1881,36,634,197,66,76,0,-1,-1,-1,-1
1882,36,635,196,65,77,0,-1,-1,-1,-1
1883,36,635,197,66,77,0,-1,-1,-1,-1
1884,36,636,201,67,78,0,-1,-1,-1,-1
1885,36,636,202,67,78,0,-1,-1,-1,-1
1886,36,635,206,68,80,0,-1,-1,-1,-1
1887,36,635,213,70,83,0,-1,-1,-1,-1
1888,36,635,216,71,83,0,-1,-1,-1,-1
1889,36,632,221,74,86,0,-1,-1,-1,-1
1890,36,631,226,76,89,0,-1,-1,-1,-1
1891,36,630,229,77,89,0,-1,-1,-1,-1
1892,36,628,231,78,91,0,-1,-1,-1,-1
1893,36,625,233,81,94,0,-1,-1,-1,-1
1894,36,624,233,81,95,0,-1,-1,-1,-1
1895,36,622,233,84,98,0,-1,-1,-1,-1
1896,36,624,235,84,99,0,-1,-1,-1,-1
1897,36,623,234,85,100,0,-1,-1,-1,-1
1898,36,625,235,86,101,0,-1,-1,-1,-1
1899,36,627,237,89,105,0,-1,-1,-1,-1
1900,36,628,238,90,106,0,-1,-1,-1,-1
1901,36,630,242,93,110,0,-1,-1,-1,-1
1902,36,635,253,96,113,0,-1,-1,-1,-1
1903,36,638,257,96,114,0,-1,-1,-1,-1
1905,36,651,278,102,121,0,-1,-1,-1,-1
1906,36,655,283,103,122,0,-1,-1,-1,-1
1907,36,665,291,106,125,0,-1,-1,-1,-1
1908,36,679,299,109,129,0,-1,-1,-1,-1
1909,36,683,301,111,131,0,-1,-1,-1,-1
1910,36,694,302,114,135,0,-1,-1,-1,-1
1911,36,706,300,119,142,0,-1,-1,-1,-1
1912,36,710,299,121,145,0,-1,-1,-1,-1
1913,36,723,302,123,146,0,-1,-1,-1,-1
1914,36,737,305,128,152,0,-1,-1,-1,-1
1915,36,741,305,130,155,0,-1,-1,-1,-1
1916,36,755,311,134,159,0,-1,-1,-1,-1
1917,36,771,323,139,164,0,-1,-1,-1,-1
