35,12,756,170,42,45,0,-1,-1,-1,-1
36,12,755,169,42,46,0,-1,-1,-1,-1
37,12,751,169,41,45,0,-1,-1,-1,-1
38,12,744,168,41,45,0,-1,-1,-1,-1
39,12,742,168,41,45,0,-1,-1,-1,-1
40,12,737,168,42,45,0,-1,-1,-1,-1
41,12,731,167,43,46,0,-1,-1,-1,-1
42,12,729,167,43,46,0,-1,-1,-1,-1
43,12,726,167,43,46,0,-1,-1,-1,-1
44,12,723,167,42,46,0,-1,-1,-1,-1
45,12,722,167,42,46,0,-1,-1,-1,-1
46,12,720,168,42,46,0,-1,-1,-1,-1
47,12,718,168,41,46,0,-1,-1,-1,-1
48,12,717,168,41,46,0,-1,-1,-1,-1
49,12,716,169,41,45,0,-1,-1,-1,-1
50,12,714,170,43,47,0,-1,-1,-1,-1
51,12,714,170,43,48,0,-1,-1,-1,-1
52,12,713,170,43,49,0,-1,-1,-1,-1
53,12,712,171,43,49,0,-1,-1,-1,-1
54,12,711,172,43,48,0,-1,-1,-1,-1
55,12,711,172,43,49,0,-1,-1,-1,-1
56,12,710,173,43,49,0,-1,-1,-1,-1
57,12,710,174,42,48,0,-1,-1,-1,-1
58,12,710,175,41,48,0,-1,-1,-1,-1
59,12,707,176,43,50,0,-1,-1,-1,-1
60,12,706,177,44,50,0,-1,-1,-1,-1
61,12,706,178,44,51,0,-1,-1,-1,-1
62,12,704,179,45,52,0,-1,-1,-1,-1
63,12,704,179,45,52,0,-1,-1,-1,-1
64,12,703,179,45,52,0,-1,-1,-1,-1
65,12,702,178,45,52,0,-1,-1,-1,-1
66,12,702,177,45,53,0,-1,-1,-1,-1
67,12,701,177,44,53,0,-1,-1,-1,-1
68,12,699,176,45,53,0,-1,-1,-1,-1
69,12,699,176,44,52,0,-1,-1,-1,-1
70,12,698,175,45,53,0,-1,-1,-1,-1
71,12,697,173,45,54,0,-1,-1,-1,-1
72,12,696,173,45,54,0,-1,-1,-1,-1
73,12,696,172,45,54,0,-1,-1,-1,-1
74,12,695,172,45,55,0,-1,-1,-1,-1
75,12,695,172,45,55,0,-1,-1,-1,-1
76,12,693,172,46,56,0,-1,-1,-1,-1
77,12,690,173,48,58,0,-1,-1,-1,-1
78,12,688,172,49,60,0,-1,-1,-1,-1
79,12,686,173,49,60,0,-1,-1,-1,-1
80,12,683,173,49,61,0,-1,-1,-1,-1
81,12,682,174,49,60,0,-1,-1,-1,-1
82,12,679,174,48,61,0,-1,-1,-1,-1
83,12,674,174,49,61,0,-1,-1,-1,-1
84,12,672,174,50,61,0,-1,-1,-1,-1
85,12,669,173,50,63,0,-1,-1,-1,-1
86,12,665,172,51,64,0,-1,-1,-1,-1
87,12,664,172,51,64,0,-1,-1,-1,-1
88,12,663,173,50,63,0,-1,-1,-1,-1
89,12,661,173,49,62,0,-1,-1,-1,-1
90,12,660,174,49,61,0,-1,-1,-1,-1
91,12,660,174,48,61,0,-1,-1,-1,-1
92,12,659,174,49,61,0,-1,-1,-1,-1
93,12,659,174,49,61,0,-1,-1,-1,-1
94,12,660,173,48,62,0,-1,-1,-1,-1
95,12,662,172,49,62,0,-1,-1,-1,-1
96,12,663,172,49,62,0,-1,-1,-1,-1
97,12,666,171,49,62,0,-1,-1,-1,-1
98,12,672,172,48,60,0,-1,-1,-1,-1
99,12,674,172,48,60,0,-1,-1,-1,-1
100,12,680,173,46,59,0,-1,-1,-1,-1
101,12,685,174,44,58,0,-1,-1,-1,-1
102,12,687,175,42,56,0,-1,-1,-1,-1
103,12,689,175,41,56,0,-1,-1,-1,-1
104,12,691,175,40,55,0,-1,-1,-1,-1
105,12,692,175,39,55,0,-1,-1,-1,-1
106,12,693,174,39,55,0,-1,-1,-1,-1
107,12,694,174,38,55,0,-1,-1,-1,-1
108,12,694,174,38,54,0,-1,-1,-1,-1
109,12,694,173,38,55,0,-1,-1,-1,-1
110,12,695,173,37,54,0,-1,-1,-1,-1
111,12,696,173,36,54,0,-1,-1,-1,-1
112,12,697,173,36,53,0,-1,-1,-1,-1
113,12,698,172,36,54,0,-1,-1,-1,-1
114,12,699,172,35,54,0,-1,-1,-1,-1
115,12,700,171,35,54,0,-1,-1,-1,-1
116,12,701,170,35,55,0,-1,-1,-1,-1
117,12,701,170,35,54,0,-1,-1,-1,-1
118,12,702,169,35,55,0,-1,-1,-1,-1
119,12,703,169,35,55,0,-1,-1,-1,-1
120,12,703,169,35,54,0,-1,-1,-1,-1
121,12,704,169,34,54,0,-1,-1,-1,-1
122,12,704,169,35,54,0,-1,-1,-1,-1
123,12,704,169,35,54,0,-1,-1,-1,-1
124,12,702,168,36,56,0,-1,-1,-1,-1
125,12,699,169,36,55,0,-1,-1,-1,-1
126,12,698,169,36,55,0,-1,-1,-1,-1
127,12,695,169,38,56,0,-1,-1,-1,-1
128,12,693,169,39,57,0,-1,-1,-1,-1
129,12,692,169,40,57,0,-1,-1,-1,-1
130,12,691,169,40,57,0,-1,-1,-1,-1
131,12,690,169,41,58,0,-1,-1,-1,-1
132,12,690,170,41,57,0,-1,-1,-1,-1
133,12,689,170,42,57,0,-1,-1,-1,-1
134,12,689,171,42,57,0,-1,-1,-1,-1
135,12,689,171,42,57,0,-1,-1,-1,-1
136,12,689,172,42,56,0,-1,-1,-1,-1
137,12,689,173,42,56,0,-1,-1,-1,-1
138,12,689,173,43,56,0,-1,-1,-1,-1
139,12,689,174,43,56,0,-1,-1,-1,-1
140,12,688,174,44,57,0,-1,-1,-1,-1
141,12,687,174,45,58,0,-1,-1,-1,-1
142,12,687,174,45,59,0,-1,-1,-1,-1
143,12,685,174,46,59,0,-1,-1,-1,-1
144,12,685,174,46,59,0,-1,-1,-1,-1
145,12,684,174,46,59,0,-1,-1,-1,-1
146,12,682,175,47,59,0,-1,-1,-1,-1
147,12,680,174,47,60,0,-1,-1,-1,-1
148,12,680,177,46,59,0,-1,-1,-1,-1
149,12,676,177,47,60,0,-1,-1,-1,-1
150,12,676,179,47,59,0,-1,-1,-1,-1
151,12,672,178,48,61,0,-1,-1,-1,-1
152,12,668,179,48,61,0,-1,-1,-1,-1
153,12,666,179,49,61,0,-1,-1,-1,-1
154,12,664,180,48,60,0,-1,-1,-1,-1
155,12,661,180,48,61,0,-1,-1,-1,-1
156,12,660,180,48,61,0,-1,-1,-1,-1
157,12,658,181,49,62,0,-1,-1,-1,-1
158,12,656,182,49,62,0,-1,-1,-1,-1
159,12,656,183,49,61,0,-1,-1,-1,-1
160,12,655,183,49,63,0,-1,-1,-1,-1
161,12,654,185,50,64,0,-1,-1,-1,-1
162,12,654,186,51,64,0,-1,-1,-1,-1
163,12,654,187,51,64,0,-1,-1,-1,-1
164,12,655,189,50,64,0,-1,-1,-1,-1
165,12,655,190,50,63,0,-1,-1,-1,-1
166,12,657,192,48,60,0,-1,-1,-1,-1
167,12,658,195,48,60,0,-1,-1,-1,-1
168,12,660,198,48,59,0,-1,-1,-1,-1
169,12,660,199,50,61,0,-1,-1,-1,-1
170,12,663,203,51,63,0,-1,-1,-1,-1
171,12,664,204,52,65,0,-1,-1,-1,-1
172,12,668,207,54,66,0,-1,-1,-1,-1
173,12,673,209,56,68,0,-1,-1,-1,-1
174,12,675,210,56,69,0,-1,-1,-1,-1
175,12,681,211,56,69,0,-1,-1,-1,-1
176,12,685,209,57,70,0,-1,-1,-1,-1
177,12,687,208,57,71,0,-1,-1,-1,-1
178,12,691,205,58,73,0,-1,-1,-1,-1
179,12,694,202,59,74,0,-1,-1,-1,-1
180,12,696,201,59,74,0,-1,-1,-1,-1
181,12,699,199,60,75,0,-1,-1,-1,-1
182,12,702,197,61,77,0,-1,-1,-1,-1
183,12,703,196,62,78,0,-1,-1,-1,-1
184,12,706,197,62,78,0,-1,-1,-1,-1
185,12,707,197,64,81,0,-1,-1,-1,-1
186,12,708,198,64,81,0,-1,-1,-1,-1
187,12,710,200,64,82,0,-1,-1,-1,-1
188,12,712,205,62,80,0,-1,-1,-1,-1
189,12,714,208,61,78,0,-1,-1,-1,-1
190,12,711,211,65,84,0,-1,-1,-1,-1
191,12,712,216,61,80,0,-1,-1,-1,-1
192,12,713,220,60,77,0,-1,-1,-1,-1
193,12,710,224,60,77,0,-1,-1,-1,-1
194,12,704,227,64,83,0,-1,-1,-1,-1
195,12,702,229,66,84,0,-1,-1,-1,-1
196,12,698,230,69,89,0,-1,-1,-1,-1
197,12,693,229,71,92,0,-1,-1,-1,-1
198,12,692,230,71,92,0,-1,-1,-1,-1
199,12,691,229,71,93,0,-1,-1,-1,-1
200,12,691,229,71,93,0,-1,-1,-1,-1
201,12,691,229,71,92,0,-1,-1,-1,-1
202,12,692,228,72,94,0,-1,-1,-1,-1
203,12,693,230,75,96,0,-1,-1,-1,-1
204,12,694,231,75,97,0,-1,-1,-1,-1
205,12,697,235,73,94,0,-1,-1,-1,-1
206,12,700,243,73,94,0,-1,-1,-1,-1
207,12,701,246,73,94,0,-1,-1,-1,-1
208,12,704,253,73,94,0,-1,-1,-1,-1
209,12,704,263,80,103,0,-1,-1,-1,-1
210,12,704,266,83,107,0,-1,-1,-1,-1
211,12,709,273,84,108,0,-1,-1,-1,-1
212,12,719,282,84,109,0,-1,-1,-1,-1
213,12,721,284,85,110,0,-1,-1,-1,-1
214,12,731,289,87,111,0,-1,-1,-1,-1
215,12,742,292,89,115,0,-1,-1,-1,-1
216,12,746,293,90,116,0,-1,-1,-1,-1
217,12,755,295,91,117,0,-1,-1,-1,-1
218,12,762,296,94,121,0,-1,-1,-1,-1
219,12,765,297,95,121,0,-1,-1,-1,-1
220,12,772,297,98,127,0,-1,-1,-1,-1
221,12,778,301,102,130,0,-1,-1,-1,-1
222,12,781,302,103,132,0,-1,-1,-1,-1
223,12,787,309,105,135,0,-1,-1,-1,-1
224,12,793,319,110,141,0,-1,-1,-1,-1
225,12,796,323,112,143,0,-1,-1,-1,-1
226,12,802,336,115,146,0,-1,-1,-1,-1
227,12,808,351,118,151,0,-1,-1,-1,-1
228,12,810,357,120,153,0,-1,-1,-1,-1
229,12,813,370,123,158,0,-1,-1,-1,-1
230,12,816,385,127,162,0,-1,-1,-1,-1
231,12,818,391,127,163,0,-1,-1,-1,-1
232,12,822,400,130,166,0,-1,-1,-1,-1
233,12,826,404,134,171,0,-1,-1,-1,-1
234,12,828,406,135,172,0,-1,-1,-1,-1
235,12,835,405,139,177,0,-1,-1,-1,-1
236,12,845,403,146,185,0,-1,-1,-1,-1
237,12,850,403,149,188,0,-1,-1,-1,-1
238,12,861,407,153,192,0,-1,-1,-1,-1
308,40,777,187,26,37,0,-1,-1,-1,-1
309,40,776,187,27,38,0,-1,-1,-1,-1
310,40,769,187,28,39,0,-1,-1,-1,-1
311,40,760,187,29,40,0,-1,-1,-1,-1
312,40,758,188,29,40,0,-1,-1,-1,-1
313,40,750,190,30,41,0,-1,-1,-1,-1
314,40,742,192,31,43,0,-1,-1,-1,-1
315,40,739,193,32,43,0,-1,-1,-1,-1
316,40,731,194,33,43,0,-1,-1,-1,-1
317,40,720,193,35,45,0,-1,-1,-1,-1
318,40,716,193,36,46,0,-1,-1,-1,-1
319,40,707,192,37,46,0,-1,-1,-1,-1
320,40,698,191,38,47,0,-1,-1,-1,-1
321,40,695,190,38,48,0,-1,-1,-1,-1
322,40,689,192,36,45,0,-1,-1,-1,-1
323,40,681,191,38,46,0,-1,-1,-1,-1
324,40,679,191,38,46,0,-1,-1,-1,-1
325,40,674,192,39,47,0,-1,-1,-1,-1
326,40,669,193,40,49,0,-1,-1,-1,-1
327,40,666,192,41,50,0,-1,-1,-1,-1
328,40,664,198,41,49,0,-1,-1,-1,-1
329,40,659,201,42,50,0,-1,-1,-1,-1
330,40,658,202,42,51,0,-1,-1,-1,-1
331,40,656,204,43,52,0,-1,-1,-1,-1
332,40,654,204,44,53,0,-1,-1,-1,-1
333,40,654,204,44,54,0,-1,-1,-1,-1
334,40,654,204,44,54,0,-1,-1,-1,-1
335,40,653,204,44,54,0,-1,-1,-1,-1
336,40,653,204,44,54,0,-1,-1,-1,-1
337,40,652,204,45,55,0,-1,-1,-1,-1
338,40,650,204,46,55,0,-1,-1,-1,-1
339,40,650,204,46,55,0,-1,-1,-1,-1
340,40,649,205,46,56,0,-1,-1,-1,-1
341,40,648,208,46,57,0,-1,-1,-1,-1
342,40,648,209,46,57,0,-1,-1,-1,-1
343,40,647,212,46,56,0,-1,-1,-1,-1
344,40,646,216,47,56,0,-1,-1,-1,-1
345,40,646,217,46,56,0,-1,-1,-1,-1
346,40,644,222,47,56,0,-1,-1,-1,-1
347,40,639,226,50,61,0,-1,-1,-1,-1
348,40,638,228,51,63,0,-1,-1,-1,-1
349,40,636,232,51,62,0,-1,-1,-1,-1
350,40,633,231,53,66,0,-1,-1,-1,-1
350,46,792,138,25,38,0,-1,-1,-1,-1
351,40,631,231,55,67,0,-1,-1,-1,-1
351,46,793,138,25,38,0,-1,-1,-1,-1
352,40,629,230,57,69,0,-1,-1,-1,-1
352,46,794,139,24,37,0,-1,-1,-1,-1
353,40,627,228,58,70,0,-1,-1,-1,-1
353,46,793,139,25,38,0,-1,-1,-1,-1
354,40,627,228,58,71,0,-1,-1,-1,-1
354,46,793,139,25,38,0,-1,-1,-1,-1
355,40,627,228,59,73,0,-1,-1,-1,-1
355,46,792,139,26,39,0,-1,-1,-1,-1
356,40,629,232,59,72,0,-1,-1,-1,-1
356,46,791,142,24,37,0,-1,-1,-1,-1
357,40,630,234,58,71,0,-1,-1,-1,-1
357,46,790,142,25,37,0,-1,-1,-1,-1
358,40,632,239,59,74,0,-1,-1,-1,-1
358,46,789,142,25,37,0,-1,-1,-1,-1
359,40,635,250,59,73,0,-1,-1,-1,-1
359,46,787,142,25,38,0,-1,-1,-1,-1
360,40,637,254,58,72,0,-1,-1,-1,-1
360,46,787,143,24,37,0,-1,-1,-1,-1
361,40,639,262,61,76,0,-1,-1,-1,-1
361,46,785,143,25,37,0,-1,-1,-1,-1
362,40,642,269,65,80,0,-1,-1,-1,-1
362,46,783,143,26,38,0,-1,-1,-1,-1
363,40,644,272,66,81,0,-1,-1,-1,-1
363,46,782,144,26,38,0,-1,-1,-1,-1
364,40,651,276,66,82,0,-1,-1,-1,-1
364,46,781,144,27,39,0,-1,-1,-1,-1
365,40,659,277,69,86,0,-1,-1,-1,-1
365,46,778,143,28,40,0,-1,-1,-1,-1
366,40,661,277,72,88,0,-1,-1,-1,-1
366,46,778,142,28,41,0,-1,-1,-1,-1
367,40,670,280,72,88,0,-1,-1,-1,-1
367,46,776,144,29,40,0,-1,-1,-1,-1
368,40,678,281,74,90,0,-1,-1,-1,-1
368,46,775,144,29,40,0,-1,-1,-1,-1
369,40,682,282,74,90,0,-1,-1,-1,-1
369,46,775,144,29,40,0,-1,-1,-1,-1
370,40,691,285,75,92,0,-1,-1,-1,-1
370,46,774,144,29,40,0,-1,-1,-1,-1
371,40,703,292,77,93,0,-1,-1,-1,-1
371,46,773,144,29,40,0,-1,-1,-1,-1
372,40,708,294,78,95,0,-1,-1,-1,-1
372,46,772,144,29,40,0,-1,-1,-1,-1
373,40,719,308,76,92,0,-1,-1,-1,-1
373,46,770,142,30,41,0,-1,-1,-1,-1
374,40,732,326,80,96,0,-1,-1,-1,-1
374,46,767,142,31,41,0,-1,-1,-1,-1
375,40,737,333,81,98,0,-1,-1,-1,-1
375,46,766,142,31,41,0,-1,-1,-1,-1
376,40,749,351,81,96,0,-1,-1,-1,-1
376,46,763,142,31,42,0,-1,-1,-1,-1
377,40,761,366,86,102,0,-1,-1,-1,-1
377,46,759,143,31,41,0,-1,-1,-1,-1
378,40,766,372,88,104,0,-1,-1,-1,-1
378,46,758,144,31,40,0,-1,-1,-1,-1
379,40,776,378,94,110,0,-1,-1,-1,-1
379,46,753,144,32,41,0,-1,-1,-1,-1
380,40,795,388,97,114,0,-1,-1,-1,-1
380,46,748,145,33,42,0,-1,-1,-1,-1
381,40,802,392,98,116,0,-1,-1,-1,-1
381,46,746,146,34,42,0,-1,-1,-1,-1
382,46,741,148,34,42,0,-1,-1,-1,-1
383,46,736,150,34,42,0,-1,-1,-1,-1
384,46,734,151,34,42,0,-1,-1,-1,-1
385,46,729,153,34,41,0,-1,-1,-1,-1
386,46,723,154,34,41,0,-1,-1,-1,-1
387,46,720,154,35,41,0,-1,-1,-1,-1
388,46,716,154,35,41,0,-1,-1,-1,-1
389,46,710,152,36,42,0,-1,-1,-1,-1
390,46,708,152,37,42,0,-1,-1,-1,-1
391,46,704,151,37,43,0,-1,-1,-1,-1
392,46,700,152,37,41,0,-1,-1,-1,-1
393,46,699,152,36,41,0,-1,-1,-1,-1
394,46,696,154,37,41,0,-1,-1,-1,-1
395,46,692,156,38,42,0,-1,-1,-1,-1
396,46,691,157,38,43,0,-1,-1,-1,-1
397,46,689,161,38,42,0,-1,-1,-1,-1
398,46,686,165,39,43,0,-1,-1,-1,-1
399,46,686,167,39,43,0,-1,-1,-1,-1
400,46,684,169,40,44,0,-1,-1,-1,-1
401,46,683,170,40,44,0,-1,-1,-1,-1
402,46,682,170,41,45,0,-1,-1,-1,-1
403,46,681,169,42,46,0,-1,-1,-1,-1
404,46,680,168,42,46,0,-1,-1,-1,-1
405,46,679,167,43,47,0,-1,-1,-1,-1
406,46,677,165,44,48,0,-1,-1,-1,-1
407,46,675,165,44,47,0,-1,-1,-1,-1
408,46,675,165,43,47,0,-1,-1,-1,-1
409,46,673,165,44,48,0,-1,-1,-1,-1
410,46,670,166,45,49,0,-1,-1,-1,-1
411,46,668,165,46,50,0,-1,-1,-1,-1
412,46,667,168,46,51,0,-1,-1,-1,-1
413,46,664,173,47,52,0,-1,-1,-1,-1
414,46,663,175,48,52,0,-1,-1,-1,-1
415,46,660,179,49,54,0,-1,-1,-1,-1
416,46,657,183,50,55,0,-1,-1,-1,-1
417,46,656,185,50,55,0,-1,-1,-1,-1
418,46,653,188,51,55,0,-1,-1,-1,-1
419,46,651,188,50,56,0,-1,-1,-1,-1
420,46,650,189,51,56,0,-1,-1,-1,-1
421,46,648,188,52,57,0,-1,-1,-1,-1
422,46,646,184,53,60,0,-1,-1,-1,-1
423,46,645,183,54,60,0,-1,-1,-1,-1
424,46,645,183,55,60,0,-1,-1,-1,-1
425,46,646,184,54,61,0,-1,-1,-1,-1
426,46,646,185,55,61,0,-1,-1,-1,-1
427,46,647,189,55,61,0,-1,-1,-1,-1
428,46,648,195,57,63,0,-1,-1,-1,-1
429,46,648,197,58,64,0,-1,-1,-1,-1
430,46,651,204,57,63,0,-1,-1,-1,-1
431,46,655,211,58,64,0,-1,-1,-1,-1
432,46,656,213,59,65,0,-1,-1,-1,-1
433,46,660,216,59,65,0,-1,-1,-1,-1
434,46,665,217,61,67,0,-1,-1,-1,-1
435,46,667,217,62,68,0,-1,-1,-1,-1
436,46,672,217,62,68,0,-1,-1,-1,-1
437,46,676,216,63,68,0,-1,-1,-1,-1
438,46,678,216,63,68,0,-1,-1,-1,-1
439,46,679,212,65,70,0,-1,-1,-1,-1
440,46,682,211,68,73,0,-1,-1,-1,-1
441,46,683,210,69,75,0,-1,-1,-1,-1
442,46,685,214,70,75,0,-1,-1,-1,-1
443,46,689,220,71,78,0,-1,-1,-1,-1
444,46,690,223,72,78,0,-1,-1,-1,-1
445,46,691,229,74,80,0,-1,-1,-1,-1
446,46,695,239,75,82,0,-1,-1,-1,-1
447,46,696,243,75,83,0,-1,-1,-1,-1
448,46,698,252,77,83,0,-1,-1,-1,-1
449,46,701,259,78,85,0,-1,-1,-1,-1
450,46,702,262,78,85,0,-1,-1,-1,-1
451,46,705,265,80,87,0,-1,-1,-1,-1
452,46,708,264,83,91,0,-1,-1,-1,-1
453,46,709,264,85,92,0,-1,-1,-1,-1
454,46,715,265,86,94,0,-1,-1,-1,-1
455,46,722,267,89,96,0,-1,-1,-1,-1
456,46,725,267,90,97,0,-1,-1,-1,-1
457,46,730,269,93,101,0,-1,-1,-1,-1
458,46,738,275,98,107,0,-1,-1,-1,-1
459,46,741,278,99,108,0,-1,-1,-1,-1
460,46,747,287,103,113,0,-1,-1,-1,-1
461,46,758,301,106,116,0,-1,-1,-1,-1
462,46,763,307,106,117,0,-1,-1,-1,-1
463,46,773,317,109,120,0,-1,-1,-1,-1
464,46,791,331,109,119,0,-1,-1,-1,-1
465,46,797,336,109,118,0,-1,-1,-1,-1
466,46,812,341,111,121,0,-1,-1,-1,-1
467,46,827,342,119,128,0,-1,-1,-1,-1
468,46,832,341,122,131,0,-1,-1,-1,-1
469,46,846,341,126,137,0,-1,-1,-1,-1
470,46,862,342,132,144,0,-1,-1,-1,-1
471,46,869,343,134,147,0,-1,-1,-1,-1
472,46,882,346,138,152,0,-1,-1,-1,-1
473,46,904,363,136,151,0,-1,-1,-1,-1
530,69,770,156,31,53,0,-1,-1,-1,-1
531,69,768,156,32,53,0,-1,-1,-1,-1
532,69,763,157,32,52,0,-1,-1,-1,-1
533,69,757,159,31,51,0,-1,-1,-1,-1
534,69,755,159,32,51,0,-1,-1,-1,-1
535,69,750,160,33,52,0,-1,-1,-1,-1
536,69,744,164,33,52,0,-1,-1,-1,-1
537,69,742,165,34,52,0,-1,-1,-1,-1
538,69,737,166,36,54,0,-1,-1,-1,-1
539,69,733,168,37,56,0,-1,-1,-1,-1
540,69,731,169,38,56,0,-1,-1,-1,-1
541,69,728,169,39,58,0,-1,-1,-1,-1
542,69,726,171,38,57,0,-1,-1,-1,-1
543,69,725,172,39,56,0,-1,-1,-1,-1
544,69,722,172,40,57,0,-1,-1,-1,-1
545,69,719,172,41,57,0,-1,-1,-1,-1
546,69,718,172,41,57,0,-1,-1,-1,-1
547,69,716,173,41,57,0,-1,-1,-1,-1
548,69,714,175,41,57,0,-1,-1,-1,-1
549,69,713,176,42,57,0,-1,-1,-1,-1
550,69,710,177,45,59,0,-1,-1,-1,-1
551,69,707,181,45,60,0,-1,-1,-1,-1
552,69,706,183,45,60,0,-1,-1,-1,-1
553,69,705,190,45,59,0,-1,-1,-1,-1
554,69,701,194,45,60,0,-1,-1,-1,-1
555,69,700,196,45,60,0,-1,-1,-1,-1
556,69,696,196,48,64,0,-1,-1,-1,-1
557,69,692,197,50,66,0,-1,-1,-1,-1
558,69,690,197,51,66,0,-1,-1,-1,-1
559,69,689,200,49,64,0,-1,-1,-1,-1
560,69,687,200,49,65,0,-1,-1,-1,-1
561,69,686,200,50,66,0,-1,-1,-1,-1
562,69,684,199,52,68,0,-1,-1,-1,-1
563,69,684,200,53,69,0,-1,-1,-1,-1
564,69,684,201,53,69,0,-1,-1,-1,-1
565,69,683,202,54,70,0,-1,-1,-1,-1
566,69,685,207,55,72,0,-1,-1,-1,-1
567,69,685,209,56,72,0,-1,-1,-1,-1
568,69,687,212,57,75,0,-1,-1,-1,-1
569,69,689,215,61,78,0,-1,-1,-1,-1
570,69,690,215,61,80,0,-1,-1,-1,-1
571,69,695,221,60,79,0,-1,-1,-1,-1
572,69,700,224,61,79,0,-1,-1,-1,-1
573,69,702,225,61,79,0,-1,-1,-1,-1
574,69,706,223,63,82,0,-1,-1,-1,-1
575,69,712,220,67,87,0,-1,-1,-1,-1
576,69,714,219,68,89,0,-1,-1,-1,-1
577,69,720,220,69,89,0,-1,-1,-1,-1
578,69,726,221,70,91,0,-1,-1,-1,-1
579,69,729,221,70,93,0,-1,-1,-1,-1
580,69,736,229,69,90,0,-1,-1,-1,-1
581,69,743,237,71,92,0,-1,-1,-1,-1
582,69,746,240,71,93,0,-1,-1,-1,-1
583,69,753,248,72,96,0,-1,-1,-1,-1
584,69,761,260,74,98,0,-1,-1,-1,-1
585,69,764,265,74,98,0,-1,-1,-1,-1
586,69,766,265,81,107,0,-1,-1,-1,-1
587,69,767,261,88,119,0,-1,-1,-1,-1
588,69,767,258,91,124,0,-1,-1,-1,-1
589,69,772,258,93,128,0,-1,-1,-1,-1
590,69,781,261,94,128,0,-1,-1,-1,-1
591,69,784,262,94,129,0,-1,-1,-1,-1
592,69,792,260,96,133,0,-1,-1,-1,-1
593,69,806,265,97,135,0,-1,-1,-1,-1
594,69,811,267,98,136,0,-1,-1,-1,-1
595,69,824,275,99,138,0,-1,-1,-1,-1
596,69,841,293,100,137,0,-1,-1,-1,-1
597,69,848,299,99,137,0,-1,-1,-1,-1
598,69,860,308,105,143,0,-1,-1,-1,-1
599,69,880,324,107,146,0,-1,-1,-1,-1
600,69,887,331,109,147,0,-1,-1,-1,-1
601,69,910,349,107,144,0,-1,-1,-1,-1
647,79,764,134,21,35,0,-1,-1,-1,-1
648,79,764,134,22,35,0,-1,-1,-1,-1
649,79,763,132,24,38,0,-1,-1,-1,-1
650,79,762,129,24,40,0,-1,-1,-1,-1
651,79,762,129,25,40,0,-1,-1,-1,-1
652,79,761,128,26,40,0,-1,-1,-1,-1
653,79,760,127,26,41,0,-1,-1,-1,-1
654,79,760,127,26,41,0,-1,-1,-1,-1
655,79,759,127,27,41,0,-1,-1,-1,-1
656,79,758,127,27,41,0,-1,-1,-1,-1
657,79,757,127,28,41,0,-1,-1,-1,-1
658,79,756,127,28,41,0,-1,-1,-1,-1
659,79,755,127,29,41,0,-1,-1,-1,-1
660,79,755,127,29,41,0,-1,-1,-1,-1
661,79,754,127,29,41,0,-1,-1,-1,-1
662,79,752,126,30,42,0,-1,-1,-1,-1
663,79,752,126,30,42,0,-1,-1,-1,-1
664,79,750,126,30,42,0,-1,-1,-1,-1
665,79,748,126,31,42,0,-1,-1,-1,-1
666,79,747,126,32,42,0,-1,-1,-1,-1
667,79,746,127,31,42,0,-1,-1,-1,-1
668,79,744,128,32,42,0,-1,-1,-1,-1
669,79,743,128,32,42,0,-1,-1,-1,-1
670,79,742,129,33,42,0,-1,-1,-1,-1
671,79,741,130,32,42,0,-1,-1,-1,-1
672,79,740,130,33,42,0,-1,-1,-1,-1
673,79,739,131,33,43,0,-1,-1,-1,-1
674,79,736,132,34,44,0,-1,-1,-1,-1
675,79,736,132,34,44,0,-1,-1,-1,-1
676,79,733,133,35,45,0,-1,-1,-1,-1
677,79,730,134,35,45,0,-1,-1,-1,-1
678,79,729,134,35,46,0,-1,-1,-1,-1
679,79,726,135,35,46,0,-1,-1,-1,-1
680,79,722,136,36,47,0,-1,-1,-1,-1
681,79,720,136,36,47,0,-1,-1,-1,-1
682,79,717,136,36,48,0,-1,-1,-1,-1
683,79,712,135,37,49,0,-1,-1,-1,-1
684,79,711,135,37,49,0,-1,-1,-1,-1
685,79,708,134,37,49,0,-1,-1,-1,-1
686,79,704,132,37,50,0,-1,-1,-1,-1
687,79,702,132,38,50,0,-1,-1,-1,-1
688,79,701,134,37,49,0,-1,-1,-1,-1
689,79,698,135,37,49,0,-1,-1,-1,-1
690,79,695,134,38,50,0,-1,-1,-1,-1
691,79,695,138,37,49,0,-1,-1,-1,-1
692,79,693,141,38,49,0,-1,-1,-1,-1
693,79,692,143,38,49,0,-1,-1,-1,-1
694,79,692,145,37,49,0,-1,-1,-1,-1
695,79,690,146,38,50,0,-1,-1,-1,-1
696,79,690,147,38,50,0,-1,-1,-1,-1
697,79,690,147,39,50,0,-1,-1,-1,-1
698,79,690,147,39,51,0,-1,-1,-1,-1
699,79,690,147,39,51,0,-1,-1,-1,-1
700,79,689,146,41,52,0,-1,-1,-1,-1
701,79,688,145,42,53,0,-1,-1,-1,-1
702,79,688,145,42,53,0,-1,-1,-1,-1
703,79,687,145,42,54,0,-1,-1,-1,-1
704,79,687,146,42,54,0,-1,-1,-1,-1
705,79,686,146,43,55,0,-1,-1,-1,-1
706,79,686,147,43,56,0,-1,-1,-1,-1
707,79,685,151,44,56,0,-1,-1,-1,-1
708,79,685,152,44,57,0,-1,-1,-1,-1
709,79,684,155,45,58,0,-1,-1,-1,-1
710,79,683,159,45,58,0,-1,-1,-1,-1
711,79,682,160,46,59,0,-1,-1,-1,-1
712,79,680,162,46,59,0,-1,-1,-1,-1
713,79,676,161,46,61,0,-1,-1,-1,-1
714,79,674,162,47,61,0,-1,-1,-1,-1
715,79,672,162,47,61,0,-1,-1,-1,-1
716,79,669,163,48,61,0,-1,-1,-1,-1
717,79,668,163,48,61,0,-1,-1,-1,-1
718,79,666,162,49,63,0,-1,-1,-1,-1
719,79,664,162,50,64,0,-1,-1,-1,-1
720,79,664,162,49,64,0,-1,-1,-1,-1
721,79,662,163,51,65,0,-1,-1,-1,-1
722,79,661,165,52,67,0,-1,-1,-1,-1
723,79,661,166,52,68,0,-1,-1,-1,-1
724,79,660,170,54,69,0,-1,-1,-1,-1
725,79,659,174,55,70,0,-1,-1,-1,-1
726,79,660,176,54,70,0,-1,-1,-1,-1
727,79,661,180,55,71,0,-1,-1,-1,-1
728,79,664,182,56,73,0,-1,-1,-1,-1
729,79,665,183,56,74,0,-1,-1,-1,-1
730,79,667,184,57,74,0,-1,-1,-1,-1
731,79,669,185,57,74,0,-1,-1,-1,-1
732,79,670,185,57,74,0,-1,-1,-1,-1
733,79,671,185,58,74,0,-1,-1,-1,-1
734,79,672,185,59,76,0,-1,-1,-1,-1
735,79,672,185,60,76,0,-1,-1,-1,-1
736,79,672,186,61,78,0,-1,-1,-1,-1
737,79,671,188,63,81,0,-1,-1,-1,-1
738,79,671,189,64,82,0,-1,-1,-1,-1
739,79,671,194,64,83,0,-1,-1,-1,-1
740,79,670,199,65,85,0,-1,-1,-1,-1
741,79,669,201,66,85,0,-1,-1,-1,-1
742,79,667,205,67,86,0,-1,-1,-1,-1
743,79,664,207,69,89,0,-1,-1,-1,-1
744,79,663,208,70,89,0,-1,-1,-1,-1
745,79,661,209,70,91,0,-1,-1,-1,-1
746,79,659,210,73,94,0,-1,-1,-1,-1
747,79,659,210,73,95,0,-1,-1,-1,-1
748,79,658,210,76,97,0,-1,-1,-1,-1
749,79,659,208,77,100,0,-1,-1,-1,-1
750,79,659,208,78,101,0,-1,-1,-1,-1
751,79,662,209,79,103,0,-1,-1,-1,-1
752,79,666,213,82,106,0,-1,-1,-1,-1
753,79,668,214,82,107,0,-1,-1,-1,-1
754,79,673,221,84,109,0,-1,-1,-1,-1
755,79,679,229,86,112,0,-1,-1,-1,-1
756,79,682,232,87,114,0,-1,-1,-1,-1
757,79,690,241,89,117,0,-1,-1,-1,-1
758,79,702,251,91,119,0,-1,-1,-1,-1
759,79,706,254,92,120,0,-1,-1,-1,-1
760,79,720,259,93,122,0,-1,-1,-1,-1
761,79,738,264,95,124,0,-1,-1,-1,-1
762,79,745,266,95,124,0,-1,-1,-1,-1
763,79,761,269,97,127,0,-1,-1,-1,-1
764,79,782,276,99,129,0,-1,-1,-1,-1
765,79,789,277,99,130,0,-1,-1,-1,-1
766,79,808,286,102,131,0,-1,-1,-1,-1
767,79,839,302,104,136,0,-1,-1,-1,-1
768,79,851,308,105,137,0,-1,-1,-1,-1
769,79,887,326,97,130,0,-1,-1,-1,-1
770,79,917,351,107,143,0,-1,-1,-1,-1
771,79,928,360,110,148,0,-1,-1,-1,-1
965,110,785,150,19,39,0,-1,-1,-1,-1
966,110,784,149,19,40,0,-1,-1,-1,-1
967,110,780,150,20,40,0,-1,-1,-1,-1
968,110,776,151,20,41,0,-1,-1,-1,-1
969,110,774,151,21,41,0,-1,-1,-1,-1
970,110,767,152,23,42,0,-1,-1,-1,-1
971,110,759,152,24,43,0,-1,-1,-1,-1
972,110,756,152,24,43,0,-1,-1,-1,-1
973,110,749,152,26,43,0,-1,-1,-1,-1
974,110,742,151,27,44,0,-1,-1,-1,-1
975,110,739,151,28,44,0,-1,-1,-1,-1
976,110,734,151,28,43,0,-1,-1,-1,-1
977,110,729,151,29,44,0,-1,-1,-1,-1
978,110,727,151,30,44,0,-1,-1,-1,-1
979,110,723,151,30,44,0,-1,-1,-1,-1
980,110,718,152,32,45,0,-1,-1,-1,-1
981,110,717,152,32,45,0,-1,-1,-1,-1
982,110,714,153,33,45,0,-1,-1,-1,-1
983,110,711,155,34,45,0,-1,-1,-1,-1
984,110,710,156,35,45,0,-1,-1,-1,-1
985,110,709,157,35,47,0,-1,-1,-1,-1
986,110,708,160,35,46,0,-1,-1,-1,-1
987,110,707,161,36,46,0,-1,-1,-1,-1
988,110,707,162,37,47,0,-1,-1,-1,-1
989,110,707,164,37,47,0,-1,-1,-1,-1
990,110,707,165,37,47,0,-1,-1,-1,-1
991,110,707,165,38,48,0,-1,-1,-1,-1
992,110,708,166,39,48,0,-1,-1,-1,-1
993,110,708,166,39,48,0,-1,-1,-1,-1
994,110,709,166,39,48,0,-1,-1,-1,-1
995,110,709,166,40,48,0,-1,-1,-1,-1
996,110,709,166,41,48,0,-1,-1,-1,-1
997,110,710,166,41,49,0,-1,-1,-1,-1
998,110,710,167,42,49,0,-1,-1,-1,-1
999,110,709,166,43,50,0,-1,-1,-1,-1
1000,110,710,167,43,50,0,-1,-1,-1,-1
1001,110,710,168,44,51,0,-1,-1,-1,-1
1002,110,710,169,44,50,0,-1,-1,-1,-1
1003,110,711,170,44,51,0,-1,-1,-1,-1
1004,110,711,172,45,51,0,-1,-1,-1,-1
1005,110,712,172,45,52,0,-1,-1,-1,-1
1006,110,712,175,45,52,0,-1,-1,-1,-1
1007,110,712,177,46,53,0,-1,-1,-1,-1
1008,110,712,178,46,53,0,-1,-1,-1,-1
1009,110,712,180,46,54,0,-1,-1,-1,-1
1010,110,711,183,47,54,0,-1,-1,-1,-1
1011,110,711,184,47,54,0,-1,-1,-1,-1
1012,110,710,184,48,55,0,-1,-1,-1,-1
1013,110,710,184,48,56,0,-1,-1,-1,-1
1014,110,709,184,50,57,0,-1,-1,-1,-1
1015,110,709,183,51,58,0,-1,-1,-1,-1
1016,110,709,183,51,59,0,-1,-1,-1,-1
1017,110,709,184,51,58,0,-1,-1,-1,-1
1018,110,710,185,51,59,0,-1,-1,-1,-1
1019,110,712,187,51,59,0,-1,-1,-1,-1
1020,110,711,186,51,60,0,-1,-1,-1,-1
1021,110,712,189,52,60,0,-1,-1,-1,-1
1022,110,714,193,52,60,0,-1,-1,-1,-1
1023,110,714,194,52,60,0,-1,-1,-1,-1
1024,110,715,197,53,61,0,-1,-1,-1,-1
1025,110,718,201,53,63,0,-1,-1,-1,-1
1026,110,718,203,54,63,0,-1,-1,-1,-1
1027,110,721,206,55,64,0,-1,-1,-1,-1
1028,110,725,209,56,65,0,-1,-1,-1,-1
1029,110,726,210,57,65,0,-1,-1,-1,-1
1030,110,730,212,57,66,0,-1,-1,-1,-1
1031,110,735,212,59,67,0,-1,-1,-1,-1
1032,110,737,212,59,68,0,-1,-1,-1,-1
1033,110,741,212,60,69,0,-1,-1,-1,-1
1034,110,746,211,61,71,0,-1,-1,-1,-1
1035,110,748,211,61,72,0,-1,-1,-1,-1
1036,110,752,211,63,73,0,-1,-1,-1,-1
1037,110,758,213,64,74,0,-1,-1,-1,-1
1038,110,760,213,64,75,0,-1,-1,-1,-1
1039,110,763,215,66,76,0,-1,-1,-1,-1
1040,110,768,219,67,79,0,-1,-1,-1,-1
1041,110,769,221,68,79,0,-1,-1,-1,-1
1042,110,771,225,69,80,0,-1,-1,-1,-1
1043,110,774,231,71,82,0,-1,-1,-1,-1
1044,110,776,233,71,83,0,-1,-1,-1,-1
1045,110,778,237,74,87,0,-1,-1,-1,-1
1046,110,781,244,75,88,0,-1,-1,-1,-1
1047,110,783,246,75,89,0,-1,-1,-1,-1
1048,110,784,249,77,91,0,-1,-1,-1,-1
1049,110,788,253,78,93,0,-1,-1,-1,-1
1050,110,789,254,79,94,0,-1,-1,-1,-1
1051,110,792,256,81,96,0,-1,-1,-1,-1
1052,110,797,259,81,98,0,-1,-1,-1,-1
1053,110,798,261,82,97,0,-1,-1,-1,-1
1054,110,801,262,84,100,0,-1,-1,-1,-1
1055,110,806,267,86,103,0,-1,-1,-1,-1
1056,110,808,270,86,103,0,-1,-1,-1,-1
1057,110,814,277,88,105,0,-1,-1,-1,-1
1058,110,822,289,91,108,0,-1,-1,-1,-1
1059,110,826,293,91,109,0,-1,-1,-1,-1
1060,110,836,307,90,108,0,-1,-1,-1,-1
1061,110,848,316,95,115,0,-1,-1,-1,-1
1062,110,854,319,96,118,0,-1,-1,-1,-1
1063,110,869,330,98,119,0,-1,-1,-1,-1
1064,110,888,338,100,123,0,-1,-1,-1,-1
1065,110,896,341,101,124,0,-1,-1,-1,-1
1066,110,915,346,103,128,0,-1,-1,-1,-1
1067,110,938,353,106,132,0,-1,-1,-1,-1
1148,69,790,141,16,38,0,-1,-1,-1,-1
1149,69,790,141,16,39,0,-1,-1,-1,-1
1150,69,787,143,16,38,0,-1,-1,-1,-1
1151,69,783,145,17,37,0,-1,-1,-1,-1
1152,69,782,145,17,38,0,-1,-1,-1,-1
1153,69,778,146,18,38,0,-1,-1,-1,-1
1154,69,771,146,20,39,0,-1,-1,-1,-1
1155,69,769,146,20,39,0,-1,-1,-1,-1
1156,69,763,145,21,39,0,-1,-1,-1,-1
1157,69,755,143,23,40,0,-1,-1,-1,-1
1158,69,752,143,24,40,0,-1,-1,-1,-1
1159,69,747,143,25,40,0,-1,-1,-1,-1
1160,69,742,143,26,41,0,-1,-1,-1,-1
1161,69,740,143,27,42,0,-1,-1,-1,-1
1162,69,736,144,28,41,0,-1,-1,-1,-1
1163,69,732,145,29,42,0,-1,-1,-1,-1
1164,69,731,146,29,42,0,-1,-1,-1,-1
1165,69,727,148,30,42,0,-1,-1,-1,-1
1166,69,724,150,30,43,0,-1,-1,-1,-1
1167,69,722,151,32,43,0,-1,-1,-1,-1
1168,69,720,153,32,43,0,-1,-1,-1,-1
1169,69,718,154,32,43,0,-1,-1,-1,-1
1170,69,717,155,33,43,0,-1,-1,-1,-1
1171,69,716,155,33,44,0,-1,-1,-1,-1
1172,69,714,155,34,44,0,-1,-1,-1,-1
1173,69,713,155,35,44,0,-1,-1,-1,-1
1174,69,711,155,36,44,0,-1,-1,-1,-1
1175,69,709,154,36,45,0,-1,-1,-1,-1
1176,69,708,154,37,45,0,-1,-1,-1,-1
1177,69,706,155,37,45,0,-1,-1,-1,-1
1178,69,703,156,38,46,0,-1,-1,-1,-1
1179,69,702,156,39,47,0,-1,-1,-1,-1
1180,69,699,158,40,48,0,-1,-1,-1,-1
1181,69,696,161,40,48,0,-1,-1,-1,-1
1182,69,695,162,40,49,0,-1,-1,-1,-1
1183,69,692,165,41,49,0,-1,-1,-1,-1
1184,69,687,167,41,50,0,-1,-1,-1,-1
1185,69,685,168,42,50,0,-1,-1,-1,-1
1186,69,681,170,42,50,0,-1,-1,-1,-1
1187,69,676,170,43,52,0,-1,-1,-1,-1
1188,69,675,170,43,52,0,-1,-1,-1,-1
1189,69,671,170,44,53,0,-1,-1,-1,-1
1190,69,667,170,44,53,0,-1,-1,-1,-1
1191,69,666,170,44,53,0,-1,-1,-1,-1
1192,69,663,171,46,53,0,-1,-1,-1,-1
1193,69,661,172,46,54,0,-1,-1,-1,-1
1194,69,660,172,47,55,0,-1,-1,-1,-1
1195,69,659,174,47,55,0,-1,-1,-1,-1
1196,69,658,177,48,56,0,-1,-1,-1,-1
1197,69,658,178,48,56,0,-1,-1,-1,-1
1198,69,658,182,48,57,0,-1,-1,-1,-1
1199,69,658,185,50,59,0,-1,-1,-1,-1
1200,69,658,186,51,59,0,-1,-1,-1,-1
1201,69,658,187,51,60,0,-1,-1,-1,-1
1202,69,660,188,52,62,0,-1,-1,-1,-1
1203,69,661,189,53,61,0,-1,-1,-1,-1
1204,69,662,189,54,63,0,-1,-1,-1,-1
1205,69,664,190,55,63,0,-1,-1,-1,-1
1206,69,665,190,55,64,0,-1,-1,-1,-1
1207,69,666,190,55,65,0,-1,-1,-1,-1
1208,69,666,192,57,66,0,-1,-1,-1,-1
1209,69,666,192,57,67,0,-1,-1,-1,-1
1210,69,666,195,58,68,0,-1,-1,-1,-1
1211,69,666,200,59,69,0,-1,-1,-1,-1
1212,69,664,200,60,70,0,-1,-1,-1,-1
1213,69,663,204,62,73,0,-1,-1,-1,-1
1214,69,662,211,63,73,0,-1,-1,-1,-1
1215,69,662,213,64,74,0,-1,-1,-1,-1
1216,69,661,218,64,75,0,-1,-1,-1,-1
1217,69,660,220,66,78,0,-1,-1,-1,-1
1218,69,660,221,66,78,0,-1,-1,-1,-1
1219,69,657,221,69,80,0,-1,-1,-1,-1
1220,69,658,222,70,83,0,-1,-1,-1,-1
1221,69,658,222,71,84,0,-1,-1,-1,-1
1222,69,659,223,73,85,0,-1,-1,-1,-1
1223,69,664,227,72,85,0,-1,-1,-1,-1
1224,69,666,229,72,85,0,-1,-1,-1,-1
1225,69,669,232,75,88,0,-1,-1,-1,-1
1226,69,674,236,78,91,0,-1,-1,-1,-1
1227,69,676,238,79,93,0,-1,-1,-1,-1
1228,69,682,244,82,95,0,-1,-1,-1,-1
1229,69,690,251,85,100,0,-1,-1,-1,-1
1230,69,693,254,87,102,0,-1,-1,-1,-1
1231,69,703,261,88,103,0,-1,-1,-1,-1
1232,69,719,267,89,105,0,-1,-1,-1,-1
1233,69,725,269,90,106,0,-1,-1,-1,-1
1234,69,737,270,92,109,0,-1,-1,-1,-1
1235,69,753,272,96,112,0,-1,-1,-1,-1
1236,69,760,272,96,114,0,-1,-1,-1,-1
1237,69,773,274,99,117,0,-1,-1,-1,-1
1238,69,789,276,103,121,0,-1,-1,-1,-1
1239,69,796,277,103,123,0,-1,-1,-1,-1
1240,69,809,282,107,126,0,-1,-1,-1,-1
1241,69,824,288,111,132,0,-1,-1,-1,-1
1242,69,830,291,113,134,0,-1,-1,-1,-1
1243,69,844,300,116,139,0,-1,-1,-1,-1
1244,69,862,314,119,144,0,-1,-1,-1,-1
1245,69,869,320,121,145,0,-1,-1,-1,-1
1246,69,886,336,122,147,0,-1,-1,-1,-1
1247,69,906,356,125,151,0,-1,-1,-1,-1
1248,69,913,364,127,152,0,-1,-1,-1,-1
1385,140,785,143,31,48,0,-1,-1,-1,-1
1386,140,784,143,32,48,0,-1,-1,-1,-1
1387,140,777,144,32,48,0,-1,-1,-1,-1
1388,140,769,142,32,49,0,-1,-1,-1,-1
1389,140,766,142,33,49,0,-1,-1,-1,-1
1390,140,759,139,35,51,0,-1,-1,-1,-1
1391,140,753,138,35,52,0,-1,-1,-1,-1
1392,140,750,138,36,52,0,-1,-1,-1,-1
1393,140,745,138,36,52,0,-1,-1,-1,-1
1394,140,740,139,36,51,0,-1,-1,-1,-1
1395,140,738,139,36,51,0,-1,-1,-1,-1
1396,140,733,141,36,50,0,-1,-1,-1,-1
1397,140,728,144,36,49,0,-1,-1,-1,-1
1398,140,726,145,36,49,0,-1,-1,-1,-1
1399,140,720,146,38,50,0,-1,-1,-1,-1
1400,140,716,150,37,50,0,-1,-1,-1,-1
1401,140,714,151,38,51,0,-1,-1,-1,-1
1402,140,710,152,39,52,0,-1,-1,-1,-1
1403,140,706,153,40,52,0,-1,-1,-1,-1
1404,140,704,153,40,53,0,-1,-1,-1,-1
1405,140,702,153,40,53,0,-1,-1,-1,-1
1406,140,698,153,40,54,0,-1,-1,-1,-1
1407,140,696,153,41,54,0,-1,-1,-1,-1
1408,140,692,153,42,54,0,-1,-1,-1,-1
1409,140,688,154,41,54,0,-1,-1,-1,-1
1410,140,686,154,42,54,0,-1,-1,-1,-1
1411,140,682,155,42,55,0,-1,-1,-1,-1
1412,140,676,157,43,56,0,-1,-1,-1,-1
1413,140,674,158,43,56,0,-1,-1,-1,-1
1414,140,669,161,45,57,0,-1,-1,-1,-1
1415,140,662,164,46,59,0,-1,-1,-1,-1
1416,140,659,166,46,58,0,-1,-1,-1,-1
1417,140,653,168,47,59,0,-1,-1,-1,-1
1418,140,644,167,48,61,0,-1,-1,-1,-1
1419,140,641,167,48,62,0,-1,-1,-1,-1
1420,140,634,167,50,63,0,-1,-1,-1,-1
1421,140,628,166,50,64,0,-1,-1,-1,-1
1422,140,625,166,51,65,0,-1,-1,-1,-1
1423,140,621,166,51,66,0,-1,-1,-1,-1
1424,140,616,165,53,68,0,-1,-1,-1,-1
1425,140,615,165,53,69,0,-1,-1,-1,-1
1426,140,610,166,54,70,0,-1,-1,-1,-1
1427,140,607,171,55,71,0,-1,-1,-1,-1
1428,140,606,174,55,70,0,-1,-1,-1,-1
1429,140,604,179,55,71,0,-1,-1,-1,-1
1430,140,603,184,57,73,0,-1,-1,-1,-1
1431,140,603,186,57,74,0,-1,-1,-1,-1
1432,140,604,188,58,76,0,-1,-1,-1,-1
1433,140,606,188,60,79,0,-1,-1,-1,-1
1434,140,606,187,61,81,0,-1,-1,-1,-1
1435,140,608,188,62,81,0,-1,-1,-1,-1
1436,140,611,188,62,83,0,-1,-1,-1,-1
1437,140,612,188,63,83,0,-1,-1,-1,-1
1438,140,614,187,64,85,0,-1,-1,-1,-1
1439,140,616,188,65,87,0,-1,-1,-1,-1
1440,140,616,189,66,87,0,-1,-1,-1,-1
1441,140,618,193,66,88,0,-1,-1,-1,-1
1442,140,620,199,68,90,0,-1,-1,-1,-1
1443,140,621,201,68,91,0,-1,-1,-1,-1
1444,140,623,208,70,94,0,-1,-1,-1,-1
1445,140,624,217,72,96,0,-1,-1,-1,-1
1446,140,625,221,72,97,0,-1,-1,-1,-1
1447,140,625,226,73,99,0,-1,-1,-1,-1
1448,140,624,229,76,102,0,-1,-1,-1,-1
1449,140,624,231,77,102,0,-1,-1,-1,-1
1450,140,626,231,78,105,0,-1,-1,-1,-1
1451,140,630,231,80,108,0,-1,-1,-1,-1
1452,140,631,231,81,109,0,-1,-1,-1,-1
1453,140,635,229,84,114,0,-1,-1,-1,-1
1454,140,644,235,85,115,0,-1,-1,-1,-1
1455,140,647,237,86,116,0,-1,-1,-1,-1
1456,140,656,247,89,119,0,-1,-1,-1,-1
1457,140,667,261,91,120,0,-1,-1,-1,-1
1458,140,672,267,91,120,0,-1,-1,-1,-1
1459,140,686,280,94,124,0,-1,-1,-1,-1
1460,140,706,290,99,131,0,-1,-1,-1,-1
1461,140,715,295,99,133,0,-1,-1,-1,-1
1462,140,730,299,105,140,0,-1,-1,-1,-1
1463,140,759,304,109,146,0,-1,-1,-1,-1
1464,140,770,306,110,149,0,-1,-1,-1,-1
1465,140,791,307,114,154,0,-1,-1,-1,-1
1466,140,818,309,117,159,0,-1,-1,-1,-1
1467,140,828,309,118,161,0,-1,-1,-1,-1
1468,140,851,314,121,165,0,-1,-1,-1,-1
1469,140,884,328,124,167,0,-1,-1,-1,-1
1469,145,742,165,45,51,0,-1,-1,-1,-1
1470,140,896,333,125,169,0,-1,-1,-1,-1
1470,145,741,165,44,51,0,-1,-1,-1,-1
1471,145,735,165,45,51,0,-1,-1,-1,-1
1472,145,729,169,43,49,0,-1,-1,-1,-1
1473,145,727,171,43,48,0,-1,-1,-1,-1
1474,145,722,173,42,49,0,-1,-1,-1,-1
1475,145,715,177,43,50,0,-1,-1,-1,-1
1476,145,713,179,43,50,0,-1,-1,-1,-1
1477,145,709,184,42,49,0,-1,-1,-1,-1
1478,145,701,185,45,52,0,-1,-1,-1,-1
1479,145,699,185,45,53,0,-1,-1,-1,-1
1480,145,694,184,46,54,0,-1,-1,-1,-1
1481,145,689,183,46,54,0,-1,-1,-1,-1
1482,145,687,182,46,55,0,-1,-1,-1,-1
1483,145,683,181,45,52,0,-1,-1,-1,-1
1484,145,676,182,47,54,0,-1,-1,-1,-1
1485,145,674,182,47,56,0,-1,-1,-1,-1
1486,145,670,183,46,55,0,-1,-1,-1,-1
1487,145,664,185,47,56,0,-1,-1,-1,-1
1488,145,662,185,48,57,0,-1,-1,-1,-1
1489,145,657,187,49,57,0,-1,-1,-1,-1
1490,145,652,189,48,57,0,-1,-1,-1,-1
1491,145,649,190,49,56,0,-1,-1,-1,-1
1492,145,644,189,50,58,0,-1,-1,-1,-1
1493,145,637,187,51,60,0,-1,-1,-1,-1
1494,145,635,186,51,61,0,-1,-1,-1,-1
1495,145,631,184,52,62,0,-1,-1,-1,-1
1496,145,627,185,52,61,0,-1,-1,-1,-1
1497,145,626,185,52,61,0,-1,-1,-1,-1
1498,145,624,186,51,61,0,-1,-1,-1,-1
1499,145,622,187,51,61,0,-1,-1,-1,-1
1500,145,624,190,48,58,0,-1,-1,-1,-1
1501,145,624,192,47,57,0,-1,-1,-1,-1
1502,145,626,195,44,54,0,-1,-1,-1,-1
1503,145,626,196,44,52,0,-1,-1,-1,-1
1504,145,626,198,45,54,0,-1,-1,-1,-1
1505,145,626,203,47,56,0,-1,-1,-1,-1
1506,145,626,204,48,58,0,-1,-1,-1,-1
1507,145,625,205,51,62,0,-1,-1,-1,-1
1508,145,629,209,50,59,0,-1,-1,-1,-1
1509,145,631,210,48,58,0,-1,-1,-1,-1
1510,145,629,210,54,65,0,-1,-1,-1,-1
1511,145,630,211,56,68,0,-1,-1,-1,-1
1512,145,629,210,57,70,0,-1,-1,-1,-1
1513,145,630,211,58,70,0,-1,-1,-1,-1
1514,145,632,212,59,71,0,-1,-1,-1,-1
1515,145,633,212,58,72,0,-1,-1,-1,-1
1516,145,633,210,60,75,0,-1,-1,-1,-1
1517,145,634,216,58,71,0,-1,-1,-1,-1
1518,145,635,218,57,70,0,-1,-1,-1,-1
1519,145,636,223,58,71,0,-1,-1,-1,-1
1520,145,637,231,58,71,0,-1,-1,-1,-1
1521,145,637,233,58,71,0,-1,-1,-1,-1
1522,145,636,239,60,72,0,-1,-1,-1,-1
1523,145,634,243,63,77,0,-1,-1,-1,-1
1524,145,634,244,64,79,0,-1,-1,-1,-1
1525,145,634,250,61,75,0,-1,-1,-1,-1
1526,145,630,250,67,82,0,-1,-1,-1,-1
1527,145,629,251,68,84,0,-1,-1,-1,-1
1528,145,629,252,70,86,0,-1,-1,-1,-1
1529,145,628,249,73,90,0,-1,-1,-1,-1
1530,145,628,248,75,91,0,-1,-1,-1,-1
1531,145,630,250,75,92,0,-1,-1,-1,-1
1532,145,633,252,78,97,0,-1,-1,-1,-1
1533,145,634,253,80,98,0,-1,-1,-1,-1
1534,145,638,261,81,100,0,-1,-1,-1,-1
1535,145,643,269,85,104,0,-1,-1,-1,-1
1536,145,645,272,87,106,0,-1,-1,-1,-1
1537,145,650,280,89,109,0,-1,-1,-1,-1
1538,145,657,286,94,116,0,-1,-1,-1,-1
1539,145,659,289,96,118,0,-1,-1,-1,-1
1540,145,665,290,98,120,0,-1,-1,-1,-1
1541,145,671,293,102,125,0,-1,-1,-1,-1
1542,145,674,294,102,126,0,-1,-1,-1,-1
1543,145,677,296,105,127,0,-1,-1,-1,-1
1544,145,680,296,109,132,0,-1,-1,-1,-1
1545,145,682,296,109,134,0,-1,-1,-1,-1
1546,145,686,301,111,135,0,-1,-1,-1,-1
1547,145,689,306,115,142,0,-1,-1,-1,-1
1548,145,690,308,117,145,0,-1,-1,-1,-1
1549,145,698,327,112,138,0,-1,-1,-1,-1
1550,145,704,348,110,135,0,-1,-1,-1,-1
1551,145,706,356,109,133,0,-1,-1,-1,-1
1552,145,706,364,117,143,0,-1,-1,-1,-1
1553,145,710,373,123,149,0,-1,-1,-1,-1
1554,145,710,375,125,152,0,-1,-1,-1,-1
1555,145,715,376,129,158,0,-1,-1,-1,-1
1556,145,722,368,139,169,0,-1,-1,-1,-1
1557,145,724,365,143,173,0,-1,-1,-1,-1
1558,145,737,366,145,177,0,-1,-1,-1,-1
1559,145,751,372,148,181,0,-1,-1,-1,-1
1560,145,756,373,150,184,0,-1,-1,-1,-1
1561,145,772,384,152,186,0,-1,-1,-1,-1
1562,145,791,398,154,188,0,-1,-1,-1,-1
1563,145,798,402,153,190,0,-1,-1,-1,-1
1564,145,816,417,154,190,0,-1,-1,-1,-1
1565,145,840,426,159,196,0,-1,-1,-1,-1
1566,145,849,429,161,198,0,-1,-1,-1,-1
1567,145,867,436,162,198,0,-1,-1,-1,-1
